-4.03757,-2.84892,-9.30021,0.689189,9.57109,-4.87414,-8.62807,-8.78916,5.91324,-4.96491,4.54967,0.218032,1.16075,-9.95985,7.13255,-9.19488,5.19792,0.718115,2.8563,5.97145,-5.73245,8.49006,-9.7661,9.04626,2.17192,-6.99161,-9.11139,2.97127,1.06387,-2.43964,0.405968,-6.3478,-1.57352,-0.545414,8.87202,-0.385724,3.58301,7.89287,-2.48918,-8.42528,1.45626,1.20641,7.7845,8.13552,-6.93733,-7.1072,-3.47864,6.90638,6.60607,2.75073,-9.07915,6.97049,5.99858,-0.00905357,2.02385,2.30446,-3.46319,-6.69022
-2.84892,-6.15133,-9.73951,-2.77949,-3.88612,-0.46727,-7.20381,-1.75283,9.21869,-6.56165,-5.84633,6.27617,0.108914,-4.8391,-1.92218,2.26565,-1.1237,9.89708,5.83876,-7.758,-2.19057,-8.62675,-7.37524,6.60067,7.61335,-0.694987,7.11497,2.8332,-5.46307,7.36257,2.88662,-2.84669,-6.54312,-3.94823,-5.54061,6.68327,4.83946,-2.02142,5.81119,-2.10247,-8.62334,-5.59146,-1.498,0.822016,8.2421,8.36337,-0.506068,9.42081,-1.81424,-2.51138,-1.48658,6.28836,6.88608,4.16765,-4.8482,3.64159,-4.02547,-7.23916
-9.30021,-9.73951,-2.63228,0.412808,7.35849,-3.07362,0.481632,9.2401,-1.17973,8.48917,7.15991,4.65567,2.16283,3.86603,-0.790157,2.37252,-5.66504,6.76573,-6.68685,1.19137,6.29038,8.18342,-1.56465,4.95139,1.19643,7.97161,-9.42002,9.95691,3.06512,-1.23159,-3.93404,9.52431,9.7224,-5.56587,3.80724,2.95972,-3.85074,-8.3978,-6.88495,-0.310517,-6.69606,9.94114,-0.18925,-8.07389,-2.60208,8.73593,4.31654,0.873605,-2.04389,-8.29322,4.35227,6.3023,5.3059,-2.02396,3.56427,3.85223,-5.84963,8.85142
0.689189,-2.77949,0.412808,9.05094,7.44016,8.4279,-4.44272,9.79483,0.0700771,4.54656,-1.13418,0.917665,8.25336,-6.23689,3.53681,-1.71648,-8.79277,8.10797,5.38174,-1.18101,4.19826,-9.09653,-4.69185,-8.39744,3.55555,-7.81466,-5.60764,-9.15613,-4.35397,-9.28659,-1.35804,5.61407,5.04721,2.46067,9.04671,3.72642,6.84042,-6.84642,-6.74969,9.59709,-1.0057,-7.78468,3.74715,-9.05395,2.56432,7.52948,-3.12132,-5.89197,4.27138,-1.21241,-7.32864,2.07152,6.9709,9.58643,1.5705,7.52778,9.79483,-4.60504
9.57109,-3.88612,7.35849,7.44016,7.34249,6.70651,7.06859,8.83853,-2.91725,-7.45206,3.86792,6.874,-1.39033,-0.852838,-2.35251,-0.239471,5.94983,-1.3433,0.57392,-7.92772,-6.78195,0.0255727,-1.40007,-1.29206,-4.55392,3.05552,3.88643,-3.75782,-9.47195,-8.57944,-3.99936,-6.85234,-8.16008,-1.68093,-0.0690372,5.76959,-0.723168,-4.03406,-7.36967,8.89965,-2.62439,-9.86352,-1.17527,0.539992,-5.22607,9.84045,9.92287,7.1799,-9.16975,-1.46111,9.41745,1.7625,5.25016,-1.62419,1.21691,-0.822514,6.3488,-6.65103
-4.87414,-0.46727,-3.07362,8.4279,6.70651,8.25883,8.81844,-9.70071,-9.54983,6.32327,-6.33754,5.65133,8.87279,9.57356,-2.56948,-8.4673,-0.595398,8.44426,5.48639,6.68992,-9.70453,-3.43016,0.588701,0.57338,-2.06304,-8.40528,-6.5756,9.1528,-4.74179,-3.65876,-5.07147,-6.25076,-3.54732,8.4354,-9.12929,6.80803,-1.21265,-2.04876,9.3139,-4.2792,0.56552,7.30418,1.8629,8.36067,-1.51124,5.01173,0.169977,2.39261,1.90737,-7.91779,5.66963,-9.5864,-3.27679,-0.0317627,-2.51256,3.36314,-1.00297,-0.360928
-8.62807,-7.20381,0.481632,-4.44272,7.06859,8.81844,0.262684,-4.21569,6.50429,0.0683119,-4.88582,-1.58442,4.10758,4.44121,-0.735793,6.99995,9.80996,7.99761,9.56554,-7.16242,-7.43596,-9.87036,9.27998,-9.13359,-8.05586,-0.531568,6.38511,-2.48474,2.77982,-6.49245,-7.71642,2.00388,-1.50136,9.19422,-1.89959,8.98612,0.741894,4.72631,0.575992,6.28031,-6.9476,-9.89907,2.70312,0.568045,-4.65362,-2.53674,6.82318,3.78904,-8.02887,6.48405,-4.77993,1.62655,5.2345,-8.95205,4.32346,-1.11857,2.87483,0.970039
-8.78916,-1.75283,9.2401,9.79483,8.83853,-9.70071,-4.21569,-5.52324,2.78078,8.5671,-2.46141,3.54779,5.27598,2.48966,-7.50216,3.01651,6.18584,-2.89019,3.79358,-0.970934,6.61855,0.551882,-1.92619,4.15741,1.13739,1.72496,9.05448,-8.28434,1.23337,-6.65726,7.92924,-9.50323,-5.71653,3.00625,3.01144,0.819064,-3.48145,4.2214,-3.95305,2.1683,-7.43611,-4.96464,-9.97659,-5.50636,3.40693,-7.32588,-3.51425,4.86101,2.53739,8.21911,-4.92495,-7.35428,8.5451,6.60438,7.37728,3.47888,-4.08651,-7.7987
5.91324,9.21869,-1.17973,0.0700771,-2.91725,-9.54983,6.50429,2.78078,6.68689,-9.95784,9.00677,0.292235,4.9224,-3.37225,-5.96832,-3.42511,-5.119,2.52841,-1.10099,-2.71931,-3.97838,2.40201,8.78833,0.550261,-8.84944,-5.18974,-7.08033,0.751309,4.72023,2.20358,-1.6669,3.59996,-9.1746,5.38954,-3.17957,-6.9934,-6.84507,8.53677,-1.18512,-7.51049,-0.586979,-0.800548,4.31602,-9.25708,5.3563,-4.88796,-0.769569,8.29844,1.20442,-7.17188,-2.6278,-4.55886,5.63289,9.98331,-8.82859,4.77337,-2.98521,5.26866
-4.96491,-6.56165,8.48917,4.54656,-7.45206,6.32327,0.0683119,8.5671,-9.95784,-0.220029,-4.57382,-6.39805,2.59626,8.87393,6.76682,4.31411,1.83659,-7.93504,4.18312,7.96816,-9.48629,-0.398906,3.74978,9.12711,2.54244,6.55131,0.75617,1.16546,9.77978,1.2844,-1.63286,-6.47423,8.87324,-2.29524,0.0305444,-9.78949,8.12376,-5.26966,-9.49301,8.38444,0.201598,-4.57468,-7.81325,8.80158,-1.51118,-3.73761,3.9621,-5.97187,4.67009,-0.903856,-0.098739,-5.38303,-1.72459,-1.54217,-5.64281,6.35379,3.86635,6.57068
4.54967,-5.84633,7.15991,-1.13418,3.86792,-6.33754,-4.88582,-2.46141,9.00677,-4.57382,1.56192,-8.24224,2.77147,-8.29444,-6.03415,5.78854,-1.26822,-9.19781,-3.27876,-2.72587,-3.42014,-3.40885,-0.16786,-9.3899,4.63966,-3.91076,7.34428,7.11674,2.02821,-2.71997,2.02491,-4.18775,-3.29319,6.02744,8.61558,-2.24518,-9.40056,3.26652,5.23697,0.74688,-9.56665,4.8838,-0.0706759,-6.49775,-0.516322,-0.59507,-2.08375,-2.75196,2.12603,-7.19074,-4.68822,-2.11185,0.547852,-2.6125,7.17603,3.34933,-5.84204,9.58688
0.218032,6.27617,4.65567,0.917665,6.874,5.65133,-1.58442,3.54779,0.292235,-6.39805,-8.24224,-7.29002,-8.0382,7.17764,8.9527,-1.07624,8.2516,1.76756,2.36243,0.471437,-8.09094,-8.51787,-5.40397,0.145983,1.21819,-2.96422,6.71293,1.89155,1.15596,4.62065,-5.59055,-6.16628,2.83692,-4.34832,-1.17157,-8.79463,-8.68582,-6.95288,-6.70454,-8.44305,-9.23616,6.98321,-7.76713,0.759386,3.51072,-0.488057,-5.09325,6.17746,-2.73583,3.1501,9.99817,-8.3943,7.142,9.85481,6.93709,-3.8032,-7.82171,-1.42115
1.16075,0.108914,2.16283,8.25336,-1.39033,8.87279,4.10758,5.27598,4.9224,2.59626,2.77147,-8.0382,-2.48527,9.06281,-2.40675,-4.70347,1.47342,-7.16162,1.12719,-8.13889,4.19653,5.35495,-5.89558,-1.15392,-7.92226,-7.28192,-6.47713,9.80564,6.89075,-5.80838,0.362111,-9.31144,-9.81445,7.37998,-4.62255,-2.48348,-1.78363,2.78366,6.08952,7.19391,-8.87395,1.02367,-2.83241,1.25784,-8.33042,5.67716,-7.52313,9.93179,-5.90511,-7.99249,0.451123,8.16434,-1.68137,1.52459,8.99731,-9.02701,-1.9005,-3.53053
-9.95985,-4.8391,3.86603,-6.23689,-0.852838,9.57356,4.44121,2.48966,-3.37225,8.87393,-8.29444,7.17764,9.06281,-8.31296,-9.19911,4.15253,-1.53786,9.0116,4.02392,4.00713,-2.27649,5.47204,-6.67134,-0.889876,-5.19356,8.26884,-6.84501,7.65933,-1.6167,-1.77595,-0.743321,9.63901,6.49679,-5.52278,9.12172,-6.49391,-2.44941,-6.16652,-2.40818,3.00648,1.82469,-5.09029,9.02227,7.96041,-6.26898,-6.09077,8.73883,-1.70517,-8.22749,-9.42382,4.29229,6.11993,-0.587115,9.77168,-7.22262,1.44373,7.59979,-0.197645
7.13255,-1.92218,-0.790157,3.53681,-2.35251,-2.56948,-0.735793,-7.50216,-5.96832,6.76682,-6.03415,8.9527,-2.40675,-9.19911,1.39746,2.20161,3.08263,-9.99622,8.72899,0.551967,-1.62428,-6.99656,-0.125792,0.83875,-6.81526,-2.22821,-0.768222,5.71122,9.21954,-0.786062,0.147293,0.0796945,-8.8933,4.07187,6.28852,9.60302,3.77555,8.88123,8.31955,-3.26923,7.36503,-8.08163,-8.42992,-5.7184,9.73435,5.82827,-3.2301,-8.36347,-2.61754,-1.8955,-4.53831,-0.648326,-2.01835,-5.5031,7.26145,-3.12845,-6.15053,-2.74771
-9.19488,2.26565,2.37252,-1.71648,-0.239471,-8.4673,6.99995,3.01651,-3.42511,4.31411,5.78854,-1.07624,-4.70347,4.15253,2.20161,9.90813,-6.69177,-3.53736,5.79833,9.83264,-2.35426,-2.44286,-7.81749,-7.79237,-6.56971,8.68256,-7.86352,7.90775,-5.90775,4.33684,-2.21543,8.33745,-3.11828,-4.95279,-5.04971,8.97182,-5.00371,6.85986,-4.66744,-5.27727,-9.17586,1.3009,4.20455,-3.30595,4.65983,-4.25796,-7.04882,-3.33287,9.12544,-9.72821,4.18588,9.5488,-6.12697,0.737832,7.78842,-0.5402,-8.52608,9.19089
5.19792,-1.1237,-5.66504,-8.79277,5.94983,-0.595398,9.80996,6.18584,-5.119,1.83659,-1.26822,8.2516,1.47342,-1.53786,3.08263,-6.69177,-4.89171,5.03936,0.769788,-4.87486,-1.27083,-0.214419,-3.42043,-4.29418,5.47554,9.28332,1.20988,8.23557,8.45747,4.36074,9.14995,-5.84883,9.2075,3.60694,-6.61011,7.77206,8.82938,-1.56864,8.75307,3.00208,-9.75266,-4.05153,0.678683,-5.13179,-4.11736,-5.69824,6.20529,7.96954,-3.78342,-9.18906,8.6215,-8.54665,-6.23778,-5.11346,6.12368,0.948539,-3.62853,4.27131
0.718115,9.89708,6.76573,8.10797,-1.3433,8.44426,7.99761,-2.89019,2.52841,-7.93504,-9.19781,1.76756,-7.16162,9.0116,-9.99622,-3.53736,5.03936,-7.80283,9.43703,3.82109,-7.13984,-2.78268,-3.28648,5.09696,-2.40157,-0.871067,5.47363,5.2514,2.31928,-4.97945,-0.512999,7.9449,2.13495,2.9692,-3.98307,-5.44364,-4.40944,-2.28607,8.22635,1.62955,4.82233,9.16346,-6.78823,-3.64516,-0.865382,6.60912,0.0195459,4.56173,5.81872,5.46154,9.22385,4.5803,2.41613,0.0621804,2.70248,8.30352,6.49843,0.599656
2.8563,5.83876,-6.68685,5.38174,0.57392,5.48639,9.56554,3.79358,-1.10099,4.18312,-3.27876,2.36243,1.12719,4.02392,8.72899,5.79833,0.769788,9.43703,-8.68609,-7.60612,-0.441569,9.05251,-9.13579,7.15247,3.43673,-9.26758,4.97025,-4.15529,4.75584,-2.2203,-4.87095,-3.21227,6.75085,-3.26687,-7.96414,-9.72881,-2.80674,-5.14713,-5.8934,4.7219,-9.82589,-9.17025,7.38283,3.53602,-6.44973,-5.71384,-5.52511,-0.289212,-1.97341,-2.64383,2.24784,-7.62437,-0.441958,8.08797,7.84809,5.46653,-9.30003,-4.34562
5.97145,-7.758,1.19137,-1.18101,-7.92772,6.68992,-7.16242,-0.970934,-2.71931,7.96816,-2.72587,0.471437,-8.13889,4.00713,0.551967,9.83264,-4.87486,3.82109,-7.60612,7.17889,0.536857,-1.42589,2.34336,3.99141,-9.71932,-8.44963,-0.971301,-5.48034,4.84846,6.64789,-2.12042,-4.64388,-4.10575,0.56299,8.04804,-0.333637,-9.25002,-4.01893,-8.39198,-4.72065,6.47827,1.39731,-4.27733,4.94891,-9.77577,1.48468,0.605241,-5.94933,-5.08172,-4.37679,7.36358,-0.885135,-2.37306,-2.79639,9.97981,8.27652,-8.88138,-4.98915
-5.73245,-2.19057,6.29038,4.19826,-6.78195,-9.70453,-7.43596,6.61855,-3.97838,-9.48629,-3.42014,-8.09094,4.19653,-2.27649,-1.62428,-2.35426,-1.27083,-7.13984,-0.441569,0.536857,-6.38751,-8.41551,4.84725,-7.80511,4.94517,8.16919,2.60683,2.67204,-6.40251,-2.25653,4.17298,5.05628,1.89483,-9.32659,-6.28714,-1.97953,2.51226,5.78662,-5.12978,9.45788,0.613785,4.22105,3.76652,3.7201,-0.610874,-8.09663,-5.07119,-3.36483,5.10419,4.08711,-0.318996,-6.88766,-4.08763,5.00421,5.19711,7.78196,4.98418,6.6941
8.49006,-8.62675,8.18342,-9.09653,0.0255727,-3.43016,-9.87036,0.551882,2.40201,-0.398906,-3.40885,-8.51787,5.35495,5.47204,-6.99656,-2.44286,-0.214419,-2.78268,9.05251,-1.42589,-8.41551,-3.559,3.68345,3.8327,2.56352,9.54651,-4.43852,-5.01042,-7.50343,4.22637,-6.55809,-2.36847,-6.40946,2.01598,9.09054,-3.91708,3.6329,-6.35234,-4.87024,3.30245,-0.170211,2.96264,-4.26708,-9.45744,-3.07904,5.49175,5.73851,9.68782,5.94979,-7.75856,3.28883,5.35556,-1.56429,-4.67929,-4.49199,-9.85454,3.1873,7.34349
-9.7661,-7.37524,-1.56465,-4.69185,-1.40007,0.588701,9.27998,-1.92619,8.78833,3.74978,-0.16786,-5.40397,-5.89558,-6.67134,-0.125792,-7.81749,-3.42043,-3.28648,-9.13579,2.34336,4.84725,3.68345,9.34263,-9.16396,2.1808,7.27154,-8.53393,-3.09491,-1.35326,3.82305,-8.81215,-6.80183,1.44689,3.7801,-2.53406,-0.50804,8.47297,3.34253,8.42688,-4.77536,8.52308,4.50297,6.79091,-5.06141,2.27982,-4.40999,-6.85192,-6.83553,1.63485,-3.38146,-5.48268,3.02467,-4.70487,-3.16823,-8.26656,4.66921,6.88862,9.0705
9.04626,6.60067,4.95139,-8.39744,-1.29206,0.57338,-9.13359,4.15741,0.550261,9.12711,-9.3899,0.145983,-1.15392,-0.889876,0.83875,-7.79237,-4.29418,5.09696,7.15247,3.99141,-7.80511,3.8327,-9.16396,-4.23215,3.65523,-6.79637,8.71625,-4.67936,4.83471,-8.85767,0.0201728,-9.31498,-1.66848,-7.86605,5.21352,1.09719,8.4293,-6.13213,2.11594,5.84808,8.7938,5.49531,-0.684218,-5.18724,-8.15233,3.47696,2.44528,-8.42967,1.6169,-1.96487,4.58658,3.63652,-7.98808,1.04029,5.57964,6.56068,0.572603,-0.547096
2.17192,7.61335,1.19643,3.55555,-4.55392,-2.06304,-8.05586,1.13739,-8.84944,2.54244,4.63966,1.21819,-7.92226,-5.19356,-6.81526,-6.56971,5.47554,-2.40157,3.43673,-9.71932,4.94517,2.56352,2.1808,3.65523,7.1245,-4.50751,-8.59996,-2.49587,8.20289,9.46074,-7.6316,4.25027,0.0858162,3.32044,-4.31968,3.58787,-1.56186,6.51323,-8.2248,-9.83433,4.14057,4.10737,-3.12932,-3.12925,-6.56013,5.11659,-4.86447,-4.97517,3.23337,-8.40771,5.73333,-0.215707,-5.36817,5.27837,-8.02944,5.44262,5.44069,-6.52529
-6.99161,-0.694987,7.97161,-7.81466,3.05552,-8.40528,-0.531568,1.72496,-5.18974,6.55131,-3.91076,-2.96422,-7.28192,8.26884,-2.22821,8.68256,9.28332,-0.871067,-9.26758,-8.44963,8.16919,9.54651,7.27154,-6.79637,-4.50751,1.36909,9.20996,-7.06369,1.86304,4.99961,5.59569,2.11319,-9.45338,5.17123,-0.716566,-2.42309,8.78167,-7.86165,-5.86316,8.08979,4.30412,8.67032,7.3485,5.8627,-8.52877,8.53902,3.78995,-6.46928,8.67745,-7.01062,7.89533,-8.26368,-2.06469,-5.23017,-4.68327,-8.66905,2.68519,6.26782
-9.11139,7.11497,-9.42002,-5.60764,3.88643,-6.5756,6.38511,9.05448,-7.08033,0.75617,7.34428,6.71293,-6.47713,-6.84501,-0.768222,-7.86352,1.20988,5.47363,4.97025,-0.971301,2.60683,-4.43852,-8.53393,8.71625,-8.59996,9.20996,1.1198,-9.53908,4.28734,7.01264,7.15389,3.0235,6.46794,7.00332,3.40577,-8.50667,-2.99716,1.42514,8.01077,-1.97915,-1.84289,-8.46645,-0.654004,5.51769,2.80908,-7.2744,-1.22972,5.6616,-1.09122,2.6091,-2.84303,5.17376,9.775,-2.18218,2.71608,-6.22686,-4.91788,5.32628
2.97127,2.8332,9.95691,-9.15613,-3.75782,9.1528,-2.48474,-8.28434,0.751309,1.16546,7.11674,1.89155,9.80564,7.65933,5.71122,7.90775,8.23557,5.2514,-4.15529,-5.48034,2.67204,-5.01042,-3.09491,-4.67936,-2.49587,-7.06369,-9.53908,-5.76705,6.59691,-9.11157,-8.86149,2.50935,6.19102,4.35463,4.7533,6.43888,-4.9131,2.31279,-7.57896,-2.15336,8.04594,-8.44576,-6.71293,8.89962,-7.38259,2.0865,1.88103,1.4991,3.16414,-3.23937,-2.08167,7.96407,-6.65635,-3.72511,2.38202,7.95737,0.65082,8.22314
1.06387,-5.46307,3.06512,-4.35397,-9.47195,-4.74179,2.77982,1.23337,4.72023,9.77978,2.02821,1.15596,6.89075,-1.6167,9.21954,-5.90775,8.45747,2.31928,4.75584,4.84846,-6.40251,-7.50343,-1.35326,4.83471,8.20289,1.86304,4.28734,6.59691,-2.26132,7.74346,5.98225,-1.54425,6.08612,-7.18742,-9.63184,-2.95287,-9.68177,-5.39598,1.88958,-9.94253,1.32739,9.6865,-0.605671,-8.8421,3.19781,2.54596,4.91583,-8.27701,4.21806,8.52209,-9.82646,-2.78053,-9.68556,-8.51312,7.31915,0.605528,6.94419,-9.98934
-2.43964,7.36257,-1.23159,-9.28659,-8.57944,-3.65876,-6.49245,-6.65726,2.20358,1.2844,-2.71997,4.62065,-5.80838,-1.77595,-0.786062,4.33684,4.36074,-4.97945,-2.2203,6.64789,-2.25653,4.22637,3.82305,-8.85767,9.46074,4.99961,7.01264,-9.11157,7.74346,-2.2382,-4.22094,-4.13102,-8.51242,1.16146,-4.38608,-2.80303,2.51452,-8.52286,-7.36161,1.14212,-7.04507,-3.26298,9.05067,-9.41062,9.57308,4.40624,-0.811763,-6.08528,3.75808,4.67178,-5.37138,-2.18479,-1.14463,-3.59319,7.35312,-5.39005,-7.31167,2.84628
0.405968,2.88662,-3.93404,-1.35804,-3.99936,-5.07147,-7.71642,7.92924,-1.6669,-1.63286,2.02491,-5.59055,0.362111,-0.743321,0.147293,-2.21543,9.14995,-0.512999,-4.87095,-2.12042,4.17298,-6.55809,-8.81215,0.0201728,-7.6316,5.59569,7.15389,-8.86149,5.98225,-4.22094,-8.24781,-9.21278,-6.61034,6.85249,3.49326,-1.71262,-2.47236,3.78916,-7.52317,-8.26198,-0.522739,-0.887848,0.156515,-6.614,8.8128,8.07917,9.83195,8.56663,-2.17282,7.57412,-2.21144,-1.2044,1.08057,-3.13655,8.63585,1.77961,-9.56614,-8.66199
-6.3478,-2.84669,9.52431,5.61407,-6.85234,-6.25076,2.00388,-9.50323,3.59996,-6.47423,-4.18775,-6.16628,-9.31144,9.63901,0.0796945,8.33745,-5.84883,7.9449,-3.21227,-4.64388,5.05628,-2.36847,-6.80183,-9.31498,4.25027,2.11319,3.0235,2.50935,-1.54425,-4.13102,-9.21278,0.905767,-3.12552,5.07816,-8.63175,-9.50376,7.97442,-9.50228,-6.48794,3.4114,2.36401,5.85972,9.20103,-3.6812,2.99672,4.47913,7.90847,7.4489,2.72124,8.90995,-8.65091,-3.33815,1.9877,-2.8354,-3.81886,-5.88049,-4.15088,1.06301
-1.57352,-6.54312,9.7224,5.04721,-8.16008,-3.54732,-1.50136,-5.71653,-9.1746,8.87324,-3.29319,2.83692,-9.81445,6.49679,-8.8933,-3.11828,9.2075,2.13495,6.75085,-4.10575,1.89483,-6.40946,1.44689,-1.66848,0.0858162,-9.45338,6.46794,6.19102,6.08612,-8.51242,-6.61034,-3.12552,-1.13645,-5.34835,1.63581,-2.75866,-0.170913,-0.599028,-7.43105,-0.518804,-0.204176,-7.0848,-1.49555,7.37562,9.68784,7.46459,-4.92433,-2.58257,8.61945,-8.80878,2.87141,6.42689,-9.93544,6.6884,7.13819,1.61319,6.98319,-6.00973
-0.545414,-3.94823,-5.56587,2.46067,-1.68093,8.4354,9.19422,3.00625,5.38954,-2.29524,6.02744,-4.34832,7.37998,-5.52278,4.07187,-4.95279,3.60694,2.9692,-3.26687,0.56299,-9.32659,2.01598,3.7801,-7.86605,3.32044,5.17123,7.00332,4.35463,-7.18742,1.16146,6.85249,5.07816,-5.34835,-5.41214,-7.76037,-9.39518,-5.24188,-7.80002,-5.83659,1.11957,8.45203,-3.00151,7.30868,6.50198,-9.93789,7.34839,4.15304,3.88596,-3.22379,-5.33982,5.64383,-5.64264,3.92095,-9.70447,-0.977882,-2.41872,7.99304,5.22548
8.87202,-5.54061,3.80724,9.04671,-0.0690372,-9.12929,-1.89959,3.01144,-3.17957,0.0305444,8.61558,-1.17157,-4.62255,9.12172,6.28852,-5.04971,-6.61011,-3.98307,-7.96414,8.04804,-6.28714,9.09054,-2.53406,5.21352,-4.31968,-0.716566,3.40577,4.7533,-9.63184,-4.38608,3.49326,-8.63175,1.63581,-7.76037,5.01117,-1.4025,2.08189,-1.88444,0.956082,5.3249,-4.59524,4.63506,2.26188,2.3557,-1.62518,-3.98865,-9.39767,5.93717,4.05054,-6.03406,6.10698,-4.87203,9.48979,1.70896,-0.0015314,9.43071,1.59546,-4.85871
-0.385724,6.68327,2.95972,3.72642,5.76959,6.80803,8.98612,0.819064,-6.9934,-9.78949,-2.24518,-8.79463,-2.48348,-6.49391,9.60302,8.97182,7.77206,-5.44364,-9.72881,-0.333637,-1.97953,-3.91708,-0.50804,1.09719,3.58787,-2.42309,-8.50667,6.43888,-2.95287,-2.80303,-1.71262,-9.50376,-2.75866,-9.39518,-1.4025,3.58055,-2.51631,-3.05357,0.489927,5.02296,-6.09643,3.13988,1.93474,-8.48217,9.68913,-7.70492,1.82068,7.42491,-4.54929,4.42458,-1.50022,3.29772,0.407075,3.65669,0.182822,-1.37236,-2.24324,0.97284
3.58301,4.83946,-3.85074,6.84042,-0.723168,-1.21265,0.741894,-3.48145,-6.84507,8.12376,-9.40056,-8.68582,-1.78363,-2.44941,3.77555,-5.00371,8.82938,-4.40944,-2.80674,-9.25002,2.51226,3.6329,8.47297,8.4293,-1.56186,8.78167,-2.99716,-4.9131,-9.68177,2.51452,-2.47236,7.97442,-0.170913,-5.24188,2.08189,-2.51631,8.26418,-7.07749,4.37885,5.56659,-1.82022,0.0865316,2.99084,2.24426,-4.97245,-1.39895,2.30201,-4.46241,4.23375,-9.11479,9.39066,5.6695,6.47782,-9.0131,8.84353,5.42572,4.64382,7.68195
7.89287,-2.02142,-8.3978,-6.84642,-4.03406,-2.04876,4.72631,4.2214,8.53677,-5.26966,3.26652,-6.95288,2.78366,-6.16652,8.88123,6.85986,-1.56864,-2.28607,-5.14713,-4.01893,5.78662,-6.35234,3.34253,-6.13213,6.51323,-7.86165,1.42514,2.31279,-5.39598,-8.52286,3.78916,-9.50228,-0.599028,-7.80002,-1.88444,-3.05357,-7.07749,2.11076,-0.236001,-9.47638,3.69162,-7.8319,-5.72458,-1.89514,-3.11357,-1.37092,-9.52792,-3.07232,-7.40117,-3.80138,9.00877,9.76606,1.4443,3.13462,7.98798,-0.289706,6.43441,-1.92772
-2.48918,5.81119,-6.88495,-6.74969,-7.36967,9.3139,0.575992,-3.95305,-1.18512,-9.49301,5.23697,-6.70454,6.08952,-2.40818,8.31955,-4.66744,8.75307,8.22635,-5.8934,-8.39198,-5.12978,-4.87024,8.42688,2.11594,-8.2248,-5.86316,8.01077,-7.57896,1.88958,-7.36161,-7.52317,-6.48794,-7.43105,-5.83659,0.956082,0.489927,4.37885,-0.236001,6.80645,3.96622,-4.43079,-9.89963,4.4614,8.2944,6.15249,-2.79925,9.7137,-9.13577,-8.90282,-6.00437,-1.55346,8.26387,-2.66295,2.98185,9.22462,-6.03851,-3.83576,-6.34999
-8.42528,-2.10247,-0.310517,9.59709,8.89965,-4.2792,6.28031,2.1683,-7.51049,8.38444,0.74688,-8.44305,7.19391,3.00648,-3.26923,-5.27727,3.00208,1.62955,4.7219,-4.72065,9.45788,3.30245,-4.77536,5.84808,-9.83433,8.08979,-1.97915,-2.15336,-9.94253,1.14212,-8.26198,3.4114,-0.518804,1.11957,5.3249,5.02296,5.56659,-9.47638,3.96622,3.72282,-3.59147,-3.09349,3.15898,-6.0292,-4.15852,0.27363,9.71403,5.25104,-2.67654,8.09961,-6.58676,6.80627,2.15489,0.060839,3.45223,-4.81151,-9.71913,-1.65554
1.45626,-8.62334,-6.69606,-1.0057,-2.62439,0.56552,-6.9476,-7.43611,-0.586979,0.201598,-9.56665,-9.23616,-8.87395,1.82469,7.36503,-9.17586,-9.75266,4.82233,-9.82589,6.47827,0.613785,-0.170211,8.52308,8.7938,4.14057,4.30412,-1.84289,8.04594,1.32739,-7.04507,-0.522739,2.36401,-0.204176,8.45203,-4.59524,-6.09643,-1.82022,3.69162,-4.43079,-3.59147,9.11721,8.24753,2.62168,-6.35446,-6.41386,-7.23434,-4.94644,-0.798743,-8.88402,4.06482,-7.1451,4.06172,5.69718,5.09416,-2.41909,-1.49132,2.11495,-0.952783
1.20641,-5.59146,9.94114,-7.78468,-9.86352,7.30418,-9.89907,-4.96464,-0.800548,-4.57468,4.8838,6.98321,1.02367,-5.09029,-8.08163,1.3009,-4.05153,9.16346,-9.17025,1.39731,4.22105,2.96264,4.50297,5.49531,4.10737,8.67032,-8.46645,-8.44576,9.6865,-3.26298,-0.887848,5.85972,-7.0848,-3.00151,4.63506,3.13988,0.0865316,-7.8319,-9.89963,-3.09349,8.24753,0.337011,-2.97338,-2.30988,-8.46204,-7.94709,-2.48356,9.37165,-3.3476,4.02251,6.16805,5.07608,-1.51766,3.78944,3.29814,7.43095,3.2533,-4.86082
7.7845,-1.498,-0.18925,3.74715,-1.17527,1.8629,2.70312,-9.97659,4.31602,-7.81325,-0.0706759,-7.76713,-2.83241,9.02227,-8.42992,4.20455,0.678683,-6.78823,7.38283,-4.27733,3.76652,-4.26708,6.79091,-0.684218,-3.12932,7.3485,-0.654004,-6.71293,-0.605671,9.05067,0.156515,9.20103,-1.49555,7.30868,2.26188,1.93474,2.99084,-5.72458,4.4614,3.15898,2.62168,-2.97338,7.61563,-1.16941,7.35488,8.42147,1.36808,-7.71486,-7.59821,1.11522,7.42193,5.0192,4.05598,-9.00067,-1.28381,-0.056642,4.44024,-6.11454
8.13552,0.822016,-8.07389,-9.05395,0.539992,8.36067,0.568045,-5.50636,-9.25708,8.80158,-6.49775,0.759386,1.25784,7.96041,-5.7184,-3.30595,-5.13179,-3.64516,3.53602,4.94891,3.7201,-9.45744,-5.06141,-5.18724,-3.12925,5.8627,5.51769,8.89962,-8.8421,-9.41062,-6.614,-3.6812,7.37562,6.50198,2.3557,-8.48217,2.24426,-1.89514,8.2944,-6.0292,-6.35446,-2.30988,-1.16941,-7.47387,-4.74579,1.0091,-5.94262,-4.19221,1.259,3.12467,1.45839,7.13383,0.393847,3.46231,-1.44461,6.97544,8.2973,2.80372
-6.93733,8.2421,-2.60208,2.56432,-5.22607,-1.51124,-4.65362,3.40693,5.3563,-1.51118,-0.516322,3.51072,-8.33042,-6.26898,9.73435,4.65983,-4.11736,-0.865382,-6.44973,-9.77577,-0.610874,-3.07904,2.27982,-8.15233,-6.56013,-8.52877,2.80908,-7.38259,3.19781,9.57308,8.8128,2.99672,9.68784,-9.93789,-1.62518,9.68913,-4.97245,-3.11357,6.15249,-4.15852,-6.41386,-8.46204,7.35488,-4.74579,-1.86869,0.245557,4.86003,2.59535,-6.20908,-7.96117,-2.21301,-4.73357,-8.02017,-8.52333,-6.92224,-2.64774,3.86854,-1.86401
-7.1072,8.36337,8.73593,7.52948,9.84045,5.01173,-2.53674,-7.32588,-4.88796,-3.73761,-0.59507,-0.488057,5.67716,-6.09077,5.82827,-4.25796,-5.69824,6.60912,-5.71384,1.48468,-8.09663,5.49175,-4.40999,3.47696,5.11659,8.53902,-7.2744,2.0865,2.54596,4.40624,8.07917,4.47913,7.46459,7.34839,-3.98865,-7.70492,-1.39895,-1.37092,-2.79925,0.27363,-7.23434,-7.94709,8.42147,1.0091,0.245557,5.19129,-5.41368,2.63867,-4.56597,-7.50963,-3.59726,-6.01464,6.29475,-2.99265,-5.04038,4.07332,8.75478,3.28011
-3.47864,-0.506068,4.31654,-3.12132,9.92287,0.169977,6.82318,-3.51425,-0.769569,3.9621,-2.08375,-5.09325,-7.52313,8.73883,-3.2301,-7.04882,6.20529,0.0195459,-5.52511,0.605241,-5.07119,5.73851,-6.85192,2.44528,-4.86447,3.78995,-1.22972,1.88103,4.91583,-0.811763,9.83195,7.90847,-4.92433,4.15304,-9.39767,1.82068,2.30201,-9.52792,9.7137,9.71403,-4.94644,-2.48356,1.36808,-5.94262,4.86003,-5.41368,-6.43377,-2.43655,-4.62111,6.60626,-4.40801,-6.50474,6.21013,7.34054,-8.42835,1.55042,2.44797,7.79115
6.90638,9.42081,0.873605,-5.89197,7.1799,2.39261,3.78904,4.86101,8.29844,-5.97187,-2.75196,6.17746,9.93179,-1.70517,-8.36347,-3.33287,7.96954,4.56173,-0.289212,-5.94933,-3.36483,9.68782,-6.83553,-8.42967,-4.97517,-6.46928,5.6616,1.4991,-8.27701,-6.08528,8.56663,7.4489,-2.58257,3.88596,5.93717,7.42491,-4.46241,-3.07232,-9.13577,5.25104,-0.798743,9.37165,-7.71486,-4.19221,2.59535,2.63867,-2.43655,-7.49697,8.49829,-4.56614,-0.0394289,0.407959,7.41114,-6.64813,4.36271,0.84506,7.29863,6.39158
6.60607,-1.81424,-2.04389,4.27138,-9.16975,1.90737,-8.02887,2.53739,1.20442,4.67009,2.12603,-2.73583,-5.90511,-8.22749,-2.61754,9.12544,-3.78342,5.81872,-1.97341,-5.08172,5.10419,5.94979,1.63485,1.6169,3.23337,8.67745,-1.09122,3.16414,4.21806,3.75808,-2.17282,2.72124,8.61945,-3.22379,4.05054,-4.54929,4.23375,-7.40117,-8.90282,-2.67654,-8.88402,-3.3476,-7.59821,1.259,-6.20908,-4.56597,-4.62111,8.49829,9.98691,-2.79586,1.1191,-2.48573,7.32561,-7.02059,9.76743,-3.15621,7.29805,0.158951
2.75073,-2.51138,-8.29322,-1.21241,-1.46111,-7.91779,6.48405,8.21911,-7.17188,-0.903856,-7.19074,3.1501,-7.99249,-9.42382,-1.8955,-9.72821,-9.18906,5.46154,-2.64383,-4.37679,4.08711,-7.75856,-3.38146,-1.96487,-8.40771,-7.01062,2.6091,-3.23937,8.52209,4.67178,7.57412,8.90995,-8.80878,-5.33982,-6.03406,4.42458,-9.11479,-3.80138,-6.00437,8.09961,4.06482,4.02251,1.11522,3.12467,-7.96117,-7.50963,6.60626,-4.56614,-2.79586,8.94324,6.49288,3.88306,0.595032,8.80904,1.87219,-8.05488,8.55446,-5.74053
-9.07915,-1.48658,4.35227,-7.32864,9.41745,5.66963,-4.77993,-4.92495,-2.6278,-0.098739,-4.68822,9.99817,0.451123,4.29229,-4.53831,4.18588,8.6215,9.22385,2.24784,7.36358,-0.318996,3.28883,-5.48268,4.58658,5.73333,7.89533,-2.84303,-2.08167,-9.82646,-5.37138,-2.21144,-8.65091,2.87141,5.64383,6.10698,-1.50022,9.39066,9.00877,-1.55346,-6.58676,-7.1451,6.16805,7.42193,1.45839,-2.21301,-3.59726,-4.40801,-0.0394289,1.1191,6.49288,3.12784,-1.46444,2.72828,-9.67529,7.23199,-1.82324,4.93997,8.73724
6.97049,6.28836,6.3023,2.07152,1.7625,-9.5864,1.62655,-7.35428,-4.55886,-5.38303,-2.11185,-8.3943,8.16434,6.11993,-0.648326,9.5488,-8.54665,4.5803,-7.62437,-0.885135,-6.88766,5.35556,3.02467,3.63652,-0.215707,-8.26368,5.17376,7.96407,-2.78053,-2.18479,-1.2044,-3.33815,6.42689,-5.64264,-4.87203,3.29772,5.6695,9.76606,8.26387,6.80627,4.06172,5.07608,5.0192,7.13383,-4.73357,-6.01464,-6.50474,0.407959,-2.48573,3.88306,-1.46444,7.04501,4.14696,-7.54825,-8.23518,-5.03105,-3.72002,8.79518
5.99858,6.88608,5.3059,6.9709,5.25016,-3.27679,5.2345,8.5451,5.63289,-1.72459,0.547852,7.142,-1.68137,-0.587115,-2.01835,-6.12697,-6.23778,2.41613,-0.441958,-2.37306,-4.08763,-1.56429,-4.70487,-7.98808,-5.36817,-2.06469,9.775,-6.65635,-9.68556,-1.14463,1.08057,1.9877,-9.93544,3.92095,9.48979,0.407075,6.47782,1.4443,-2.66295,2.15489,5.69718,-1.51766,4.05598,0.393847,-8.02017,6.29475,6.21013,7.41114,7.32561,0.595032,2.72828,4.14696,7.71163,-6.10955,-2.889,4.54985,-6.29938,-9.27195
-0.00905357,4.16765,-2.02396,9.58643,-1.62419,-0.0317627,-8.95205,6.60438,9.98331,-1.54217,-2.6125,9.85481,1.52459,9.77168,-5.5031,0.737832,-5.11346,0.0621804,8.08797,-2.79639,5.00421,-4.67929,-3.16823,1.04029,5.27837,-5.23017,-2.18218,-3.72511,-8.51312,-3.59319,-3.13655,-2.8354,6.6884,-9.70447,1.70896,3.65669,-9.0131,3.13462,2.98185,0.060839,5.09416,3.78944,-9.00067,3.46231,-8.52333,-2.99265,7.34054,-6.64813,-7.02059,8.80904,-9.67529,-7.54825,-6.10955,-5.11303,9.7161,-3.26698,-9.14505,7.70951
2.02385,-4.8482,3.56427,1.5705,1.21691,-2.51256,4.32346,7.37728,-8.82859,-5.64281,7.17603,6.93709,8.99731,-7.22262,7.26145,7.78842,6.12368,2.70248,7.84809,9.97981,5.19711,-4.49199,-8.26656,5.57964,-8.02944,-4.68327,2.71608,2.38202,7.31915,7.35312,8.63585,-3.81886,7.13819,-0.977882,-0.0015314,0.182822,8.84353,7.98798,9.22462,3.45223,-2.41909,3.29814,-1.28381,-1.44461,-6.92224,-5.04038,-8.42835,4.36271,9.76743,1.87219,7.23199,-8.23518,-2.889,9.7161,8.76732,9.48476,-1.51374,-8.28469
2.30446,3.64159,3.85223,7.52778,-0.822514,3.36314,-1.11857,3.47888,4.77337,6.35379,3.34933,-3.8032,-9.02701,1.44373,-3.12845,-0.5402,0.948539,8.30352,5.46653,8.27652,7.78196,-9.85454,4.66921,6.56068,5.44262,-8.66905,-6.22686,7.95737,0.605528,-5.39005,1.77961,-5.88049,1.61319,-2.41872,9.43071,-1.37236,5.42572,-0.289706,-6.03851,-4.81151,-1.49132,7.43095,-0.056642,6.97544,-2.64774,4.07332,1.55042,0.84506,-3.15621,-8.05488,-1.82324,-5.03105,4.54985,-3.26698,9.48476,6.01061,3.02988,0.588687
-3.46319,-4.02547,-5.84963,9.79483,6.3488,-1.00297,2.87483,-4.08651,-2.98521,3.86635,-5.84204,-7.82171,-1.9005,7.59979,-6.15053,-8.52608,-3.62853,6.49843,-9.30003,-8.88138,4.98418,3.1873,6.88862,0.572603,5.44069,2.68519,-4.91788,0.65082,6.94419,-7.31167,-9.56614,-4.15088,6.98319,7.99304,1.59546,-2.24324,4.64382,6.43441,-3.83576,-9.71913,2.11495,3.2533,4.44024,8.2973,3.86854,8.75478,2.44797,7.29863,7.29805,8.55446,4.93997,-3.72002,-6.29938,-9.14505,-1.51374,3.02988,0.537683,-0.0102813
-6.69022,-7.23916,8.85142,-4.60504,-6.65103,-0.360928,0.970039,-7.7987,5.26866,6.57068,9.58688,-1.42115,-3.53053,-0.197645,-2.74771,9.19089,4.27131,0.599656,-4.34562,-4.98915,6.6941,7.34349,9.0705,-0.547096,-6.52529,6.26782,5.32628,8.22314,-9.98934,2.84628,-8.66199,1.06301,-6.00973,5.22548,-4.85871,0.97284,7.68195,-1.92772,-6.34999,-1.65554,-0.952783,-4.86082,-6.11454,2.80372,-1.86401,3.28011,7.79115,6.39158,0.158951,-5.74053,8.73724,8.79518,-9.27195,7.70951,-8.28469,0.588687,-0.0102813,6.78611
