8.49723,-5.7816,-7.32472,-7.86712,-6.78795,-8.7287,9.66236,8.22616,6.63874,3.07433,-3.85896,5.76955,9.96194,-6.72522,-3.45414,8.2117,-5.99501,-8.30658,7.62914,-9.94539,-7.91196,4.18447,5.40365,-1.05342,1.09863,1.73516,-7.00074,8.2694,-1.30582,-2.12444,3.84427,8.63708,1.43329,0.932998,-9.50213,7.5578,7.12664,-8.41465,-2.40719,6.21096,0.930557,-3.48062,-8.22194,-7.68669,6.14312,-3.48818,8.52394,-4.73579,-6.60511,-3.0503,-8.28405,-6.67906,0.880223,4.14993,4.41512,-8.47488,4.9947,-7.678,-0.131833
-5.7816,-1.59881,-6.24894,-4.26443,1.40962,-0.422691,-3.81289,0.153262,-3.06854,1.77151,2.45396,-4.70649,-7.96165,7.03911,-5.45079,-4.29146,-1.522,4.07172,-1.61206,9.83176,-3.21381,5.37448,9.11081,-6.07196,-5.11326,1.56132,7.02444,-8.78684,0.992017,7.66,4.89812,1.95808,5.03814,3.06372,3.04678,-2.71136,-5.63167,-9.53216,3.38595,-3.79279,0.776781,7.66552,9.28258,-2.97832,9.1445,-7.77755,-7.12693,-4.42413,8.98007,7.69681,7.25226,-6.32637,-2.00164,-3.19911,2.7957,-6.67945,-2.507,3.85436,-4.2462
-7.32472,-6.24894,-4.29747,-1.45349,-4.85042,-0.644624,3.71672,0.867647,-3.8008,9.1027,6.16737,6.18284,7.42355,7.96392,0.627386,4.00928,5.37335,6.00113,9.44247,-6.5557,-5.52153,-9.54628,1.36846,-5.46995,7.24599,-2.81291,-5.76315,-9.50301,-1.15873,8.22948,-4.61038,-6.23161,3.16035,3.31971,8.21683,-3.94731,8.63045,-0.688519,-3.11081,-5.93899,-3.28487,8.57566,2.76807,-9.72071,-4.77374,0.011669,-5.84931,3.55602,6.10758,2.7465,-2.427,2.95427,-5.41597,-6.07599,-2.04894,3.4941,-5.36949,1.38644,-8.00409
-7.86712,-4.26443,-1.45349,-6.84399,-8.61702,-4.84763,-2.33998,-8.14731,2.3451,5.64428,4.96996,6.79942,6.02698,3.42092,4.18327,-8.92726,8.28624,-5.10958,-9.47198,1.39331,2.86508,8.56472,-4.88498,-6.31976,6.09901,5.02241,-1.49496,3.25864,8.99958,-6.26216,-9.44022,-6.69787,-1.91694,9.73834,-7.01128,-6.59964,2.0377,5.43534,9.87029,3.52419,3.52916,4.29083,3.09422,5.04903,-0.673612,9.4121,2.35681,-3.57723,7.56486,-7.89858,-0.540153,-8.84605,7.32712,-9.74323,-5.41086,2.45158,-9.78382,5.15587,4.94746
-6.78795,1.40962,-4.85042,-8.61702,7.09597,-5.75794,-0.727956,-6.33864,-0.654702,-6.20966,9.4174,-2.49372,8.72693,0.0561658,4.44191,-6.028,-3.99707,4.30036,2.64632,5.72856,2.25001,0.210109,-2.3428,1.26149,-7.51104,2.7126,-6.93268,-5.16265,5.84808,-5.0123,-9.13201,2.63202,-8.20835,-1.45041,-5.43864,2.42034,-8.05819,1.78384,-8.77971,-6.19504,-7.53193,9.99007,-4.78366,-6.5398,7.44282,-8.15969,3.01037,-1.56718,4.11147,6.84523,9.2869,-5.86444,1.07877,-5.39109,4.4967,-6.95543,8.22695,-9.24893,2.07519
-8.7287,-0.422691,-0.644624,-4.84763,-5.75794,-3.62949,6.2614,7.2101,2.33511,1.87212,6.31654,-1.36608,2.38207,-4.13744,-9.4262,-3.82017,9.87637,-2.27702,-5.62963,-4.72779,-7.43977,-7.09962,-4.92119,1.01868,-5.21332,6.47349,-8.45706,-2.93869,2.2386,-9.51102,-6.4488,4.16177,5.85613,-7.03236,6.15859,9.63189,1.57381,-8.65404,-1.42999,4.62468,-6.31472,-4.64191,-9.29302,5.66426,5.39448,2.83789,6.05969,-0.697355,5.78401,-1.91833,-6.14516,-0.201179,-1.39957,7.95697,0.0306157,-1.88188,1.26446,6.56349,-7.7329
9.66236,-3.81289,3.71672,-2.33998,-0.727956,6.2614,0.376458,4.35704,6.51004,-8.51475,0.490827,-5.63312,-3.2505,-6.17816,5.62636,0.696976,8.33172,-2.43247,-9.48716,-1.69014,-2.52174,-2.45862,9.06687,-3.98204,-6.99883,-1.83912,4.71049,-0.906133,8.18529,1.87354,-9.63286,0.37723,7.48452,-7.57601,0.430184,0.565481,-1.13233,7.72612,-5.64862,-3.50223,-5.23481,-5.924,-3.19214,5.22348,-5.94386,0.0660098,-8.95327,5.09611,2.52462,-0.548439,-0.606081,-1.12955,-9.56684,1.76976,9.72741,-0.574985,-0.663715,7.66179,2.10274
8.22616,0.153262,0.867647,-8.14731,-6.33864,7.2101,4.35704,-0.356726,0.547002,-5.21267,8.74487,-7.88059,-8.26914,-2.53568,4.87657,5.51456,-5.68206,3.06063,8.22706,3.75348,1.3715,-6.64623,-4.24075,4.19889,5.52265,-2.12615,6.96201,-2.07339,6.94115,-2.28444,-2.25604,-6.28226,-7.96456,-1.4292,9.75276,-4.23538,6.96395,5.84821,-8.23137,-5.98517,-3.33962,-4.85501,-3.51356,5.82036,-7.64909,7.27975,9.49957,-5.17443,-6.7576,1.04767,9.34198,-9.81616,-6.31903,5.03649,-2.87787,-0.168536,4.62213,6.82408,3.21271
6.63874,-3.06854,-3.8008,2.3451,-0.654702,2.33511,6.51004,0.547002,-6.26816,-2.23623,-8.39195,7.82539,0.648279,2.81679,-8.38529,5.3488,8.52757,-6.68382,-1.99543,5.79178,-4.84359,7.88682,4.06788,-9.23578,8.95624,0.636315,8.53217,-3.58499,-1.28628,-8.6285,9.23534,-7.34756,0.933166,-1.79711,-2.87004,5.55395,-4.51709,-9.46614,5.96429,-3.13362,4.92641,6.76752,-5.59738,4.30865,-8.01697,-0.434842,-1.67277,5.94117,2.41259,7.22145,5.70661,-9.9479,3.78012,3.89078,4.51135,8.28357,-7.83777,-1.49882,-6.8869
3.07433,1.77151,9.1027,5.64428,-6.20966,1.87212,-8.51475,-5.21267,-2.23623,-0.0453556,8.27136,-1.3783,9.73938,4.13941,-2.30269,7.85083,3.06333,5.03931,-1.74422,-3.82604,1.01504,8.36861,4.06873,6.88002,-9.39638,6.10131,0.0727309,6.83856,1.05913,-9.04753,8.20757,0.127061,-4.42818,3.85515,7.16058,0.465076,-1.09151,6.62232,8.46792,7.72104,6.33225,5.9992,-3.63544,5.459,7.52724,3.45781,4.35513,-5.49521,2.74172,-5.86635,3.00103,-1.75259,7.20343,-9.42191,-3.18633,-3.45443,-9.04979,-2.49565,-8.85463
-3.85896,2.45396,6.16737,4.96996,9.4174,6.31654,0.490827,8.74487,-8.39195,8.27136,2.96705,3.50703,8.63377,-8.69441,-2.22115,1.67618,-6.24573,-7.59593,9.26697,-4.54169,9.41096,7.44302,-4.13399,-6.97928,-8.61757,-1.42458,2.89593,9.80524,2.33318,-5.92409,-2.91843,-8.82758,6.89111,-3.23743,-7.1612,-7.30815,-0.805222,-3.32753,8.81146,5.04557,3.08657,-0.802208,-2.75004,-8.32033,8.44262,-8.16931,-3.36358,-5.19465,1.93782,2.58503,-2.79158,3.60015,-7.11182,0.149834,-1.9131,6.33603,9.22224,-7.58967,5.07736
5.76955,-4.70649,6.18284,6.79942,-2.49372,-1.36608,-5.63312,-7.88059,7.82539,-1.3783,3.50703,8.7133,-3.2032,-5.04781,8.93814,-1.88829,-9.21088,-1.84472,1.93508,8.77934,-1.34004,6.62822,9.24787,6.29194,-9.31719,8.00878,-8.4581,-8.69209,-6.75232,-2.29373,1.39536,9.30777,5.38233,-1.20006,-6.20659,-3.4618,-6.28364,-8.72324,-6.78478,-6.0238,-4.69434,8.83557,-6.59499,-1.31425,8.23198,2.36192,5.91232,-0.411042,7.98321,8.24413,3.1674,-6.58301,4.32119,7.61784,-2.18374,-7.89591,-1.04092,-4.6645,-8.22715
9.96194,-7.96165,7.42355,6.02698,8.72693,2.38207,-3.2505,-8.26914,0.648279,9.73938,8.63377,-3.2032,5.03898,0.837851,4.66352,-9.94021,-3.29417,-4.01948,0.892199,-8.26511,-9.87573,-5.13624,-4.43829,-4.52967,6.62874,-5.85046,-2.46583,0.694973,0.987149,-0.337566,-8.1448,-5.2645,9.55424,-9.0813,-7.54024,-7.3932,-7.55629,7.86581,3.01655,-5.91696,9.36693,-8.48514,4.56636,-8.59658,-2.0217,2.27678,4.74668,-2.10028,0.0251371,-0.691864,-5.90543,9.77094,-3.01118,-1.12332,-5.71397,9.62134,4.10176,5.9056,2.27974
-6.72522,7.03911,7.96392,3.42092,0.0561658,-4.13744,-6.17816,-2.53568,2.81679,4.13941,-8.69441,-5.04781,0.837851,-3.0297,-2.47353,1.20173,9.39421,4.80517,-3.38158,6.01674,-0.0801819,4.56755,6.92029,-4.16813,-3.05833,0.0693371,-0.660661,-8.48209,-3.39778,2.88735,-9.05563,-1.26682,-7.46228,8.55466,3.7301,5.63104,-2.03562,1.68598,-5.89183,-2.96594,9.07579,-7.94632,3.08351,2.91126,-1.10343,-1.51207,-2.38792,3.67647,-5.63212,-1.83674,-0.624821,-6.95767,-9.45545,7.2432,4.44465,-4.73677,-0.305123,0.82093,-8.18316
-3.45414,-5.45079,0.627386,4.18327,4.44191,-9.4262,5.62636,4.87657,-8.38529,-2.30269,-2.22115,8.93814,4.66352,-2.47353,1.44624,-8.01506,1.6981,-0.0354698,-4.92914,-1.06164,1.40078,-7.42727,5.89476,-7.35709,-7.5352,3.32196,-1.77098,3.63677,2.6208,6.89347,-2.89489,-0.0456181,4.62232,-7.72009,-5.52268,9.61132,0.835684,-5.56887,-4.54333,-7.25761,-2.75531,7.62778,-3.37407,-3.14633,-0.816432,4.21668,-9.83192,-7.476,-9.25037,8.93251,-4.63654,-0.539967,-8.91384,-0.777282,-3.5707,-3.85551,-9.9778,7.41084,4.60662
8.2117,-4.29146,4.00928,-8.92726,-6.028,-3.82017,0.696976,5.51456,5.3488,7.85083,1.67618,-1.88829,-9.94021,1.20173,-8.01506,4.9279,-7.97805,-5.40056,8.25632,-8.24469,-7.02262,-3.87413,-6.66167,3.9074,7.19357,5.5136,-4.2473,-2.32363,0.52237,3.29234,-7.14843,-9.89734,1.38943,-3.93216,-7.73458,-0.409689,5.68473,7.35865,3.12817,9.70511,2.38435,3.56098,8.13647,7.50221,6.2688,-6.67002,-3.39481,5.84265,-3.39768,0.943933,-5.96139,-8.73542,-7.47849,3.5404,1.20003,-4.9761,-0.276755,-1.83776,-6.92123
-5.99501,-1.522,5.37335,8.28624,-3.99707,9.87637,8.33172,-5.68206,8.52757,3.06333,-6.24573,-9.21088,-3.29417,9.39421,1.6981,-7.97805,6.71056,0.039311,-5.72612,6.13819,-1.97886,-5.88179,-7.83249,8.96192,-0.512187,-1.67531,-6.87403,0.65625,-7.39955,2.58391,-7.23949,-7.68118,-8.97308,-6.40806,-9.38489,-2.30114,4.50336,9.42513,-2.18616,-6.56992,0.0810955,5.56025,1.72316,2.84755,-2.78163,-4.73947,-7.58357,-4.65011,5.7898,-0.142676,-7.70317,-7.6965,5.73838,9.50581,6.32881,-4.42871,9.80519,-5.42932,-8.98277
-8.30658,4.07172,6.00113,-5.10958,4.30036,-2.27702,-2.43247,3.06063,-6.68382,5.03931,-7.59593,-1.84472,-4.01948,4.80517,-0.0354698,-5.40056,0.039311,1.0456,-3.2437,-9.37478,1.12014,-0.990134,3.03717,5.01525,-1.32094,9.39343,0.65303,-7.87704,-0.382409,-3.64277,8.15772,5.65655,-6.17052,6.65619,4.79811,-0.132787,3.30251,9.99179,5.77437,7.5767,3.63864,9.54032,-6.92966,7.30915,9.93101,-3.73021,5.2704,6.5121,-0.461689,-9.56277,2.40191,-6.10836,-8.44371,-2.08628,-6.83599,-6.07095,-1.53459,-4.99811,9.72391
7.62914,-1.61206,9.44247,-9.47198,2.64632,-5.62963,-9.48716,8.22706,-1.99543,-1.74422,9.26697,1.93508,0.892199,-3.38158,-4.92914,8.25632,-5.72612,-3.2437,-5.96559,-9.51436,8.48091,-9.57393,1.10931,-8.47794,-1.53113,4.77277,7.68507,3.42075,-6.41175,0.827007,6.71903,2.45173,-7.47083,-4.75884,3.35683,2.94599,7.36479,0.430722,-4.21233,-9.43106,-8.42502,1.7154,-6.63696,-8.83022,-6.49368,2.00355,-3.14172,2.24767,2.34492,9.62971,0.48335,1.84711,-3.05349,-8.67425,-1.50089,5.43302,4.22939,-0.663409,-8.71652
-9.94539,9.83176,-6.5557,1.39331,5.72856,-4.72779,-1.69014,3.75348,5.79178,-3.82604,-4.54169,8.77934,-8.26511,6.01674,-1.06164,-8.24469,6.13819,-9.37478,-9.51436,-2.1833,-5.26728,-9.31212,6.58549,9.85247,-7.13409,-2.16058,-4.18684,-8.66141,5.08882,2.41665,0.0489472,-6.61557,-9.18054,7.81954,6.80306,3.1888,-2.33757,5.99271,-5.35751,1.8907,-6.79307,-3.30667,-6.3802,-2.91168,-4.64594,4.87288,-7.42359,-2.02277,-6.62021,-6.07007,-0.237677,-7.35267,-2.31391,7.20817,8.71857,-9.97471,-9.44625,-3.65808,5.39148
-7.91196,-3.21381,-5.52153,2.86508,2.25001,-7.43977,-2.52174,1.3715,-4.84359,1.01504,9.41096,-1.34004,-9.87573,-0.0801819,1.40078,-7.02262,-1.97886,1.12014,8.48091,-5.26728,0.0505082,5.08661,8.56664,-4.01711,-8.50656,6.75878,-4.3872,7.18508,7.60187,9.30836,-7.03044,7.26125,0.903358,8.20481,-0.28861,-8.49974,9.66279,3.37377,-2.38554,9.82333,5.52906,-3.81266,-4.51697,-9.49123,-7.499,2.49187,-6.03332,6.66068,1.44975,7.51241,-7.52238,3.50719,0.525244,7.56371,3.0521,2.37905,-4.13053,-3.29795,3.16677
4.18447,5.37448,-9.54628,8.56472,0.210109,-7.09962,-2.45862,-6.64623,7.88682,8.36861,7.44302,6.62822,-5.13624,4.56755,-7.42727,-3.87413,-5.88179,-0.990134,-9.57393,-9.31212,5.08661,-5.72318,3.40036,8.81693,-5.62064,9.37914,4.03092,8.17659,-0.0931179,-8.92314,-2.61612,-0.826415,8.22828,-5.49635,-1.71971,-8.2027,5.20712,-5.33689,-4.80982,0.0091758,-9.50734,2.8054,9.85866,0.0212615,7.32414,-3.89407,2.32437,6.70833,5.61877,1.03361,-9.51088,-2.08581,-1.65095,-9.64337,-4.25356,3.88527,6.30085,8.83684,2.00775
5.40365,9.11081,1.36846,-4.88498,-2.3428,-4.92119,9.06687,-4.24075,4.06788,4.06873,-4.13399,9.24787,-4.43829,6.92029,5.89476,-6.66167,-7.83249,3.03717,1.10931,6.58549,8.56664,3.40036,8.88006,5.95937,2.17902,9.45624,-8.42942,2.16419,6.88424,-1.16233,1.54927,-1.07727,1.06548,-5.51658,-5.76375,1.09977,-7.34952,0.320868,7.07069,-4.83591,9.27766,3.9162,2.49207,-0.9911,-3.65645,-6.4854,-5.17527,9.58507,-6.66518,6.96433,-2.82164,-5.83468,-8.27679,-0.638895,-0.212509,1.21394,3.51755,8.9724,1.27008
-1.05342,-6.07196,-5.46995,-6.31976,1.26149,1.01868,-3.98204,4.19889,-9.23578,6.88002,-6.97928,6.29194,-4.52967,-4.16813,-7.35709,3.9074,8.96192,5.01525,-8.47794,9.85247,-4.01711,8.81693,5.95937,-9.63818,-1.05954,-4.53567,-5.17398,-0.526469,-3.17951,7.71006,6.25055,-7.77804,-3.27126,-3.24147,-1.1634,3.56253,-8.6749,5.59112,-7.51945,6.11066,5.30944,-2.56835,-2.36028,2.06578,9.80612,-7.85093,-4.89303,-7.5441,-3.23166,3.27607,9.26649,4.36822,3.85228,-5.57769,-1.10866,8.9945,9.8745,-8.95485,-1.91
1.09863,-5.11326,7.24599,6.09901,-7.51104,-5.21332,-6.99883,5.52265,8.95624,-9.39638,-8.61757,-9.31719,6.62874,-3.05833,-7.5352,7.19357,-0.512187,-1.32094,-1.53113,-7.13409,-8.50656,-5.62064,2.17902,-1.05954,-2.49891,-1.29783,3.66792,-4.00658,-7.22893,6.94108,3.25327,-3.6055,-2.95613,-7.76998,3.89259,-6.45473,9.7527,-0.148001,-6.19991,-4.70806,-0.0962561,-9.45516,-9.35135,-9.39994,-2.95086,2.97357,-0.136174,4.71794,4.77445,1.43494,8.17872,2.89803,5.77471,4.79559,2.41765,6.87786,-3.80268,6.1293,6.19361
1.73516,1.56132,-2.81291,5.02241,2.7126,6.47349,-1.83912,-2.12615,0.636315,6.10131,-1.42458,8.00878,-5.85046,0.0693371,3.32196,5.5136,-1.67531,9.39343,4.77277,-2.16058,6.75878,9.37914,9.45624,-4.53567,-1.29783,-2.53005,6.50278,-1.63408,-7.85727,0.903152,4.6443,9.15018,-4.64471,-7.17329,4.71503,1.01776,-3.38533,-6.45569,-1.64226,8.01897,-5.13684,-5.18299,-5.07203,0.171717,4.1321,-9.24887,7.4793,4.19301,2.36839,-5.05534,6.39048,-3.06141,5.54481,2.63087,-9.27442,-0.33301,-4.37399,-5.67507,9.44336
-7.00074,7.02444,-5.76315,-1.49496,-6.93268,-8.45706,4.71049,6.96201,8.53217,0.0727309,2.89593,-8.4581,-2.46583,-0.660661,-1.77098,-4.2473,-6.87403,0.65303,7.68507,-4.18684,-4.3872,4.03092,-8.42942,-5.17398,3.66792,6.50278,3.42266,2.05391,-5.7931,7.24092,-0.378169,5.77114,8.40358,-3.81867,-1.59027,3.56672,-2.72521,-2.59472,0.199435,0.917681,3.82994,6.61155,-9.81736,4.59211,-9.96662,-2.27918,-4.91983,-5.04761,-3.40413,-9.31264,-5.03729,8.51493,-3.10951,-0.499423,6.92423,4.34714,-0.555755,-9.15621,6.33008
8.2694,-8.78684,-9.50301,3.25864,-5.16265,-2.93869,-0.906133,-2.07339,-3.58499,6.83856,9.80524,-8.69209,0.694973,-8.48209,3.63677,-2.32363,0.65625,-7.87704,3.42075,-8.66141,7.18508,8.17659,2.16419,-0.526469,-4.00658,-1.63408,2.05391,8.00016,-7.72525,-7.09125,3.13936,-2.39176,-8.64595,5.45986,-8.31646,-8.03816,8.80633,-6.46529,-7.54101,5.47489,6.72253,-4.39264,-2.26209,-7.51309,-9.18401,-5.85703,3.61409,-3.72776,6.08434,-8.49099,-6.4124,2.4699,-5.04719,3.77901,5.11935,-2.57278,-9.60474,3.36658,4.72652
-1.30582,0.992017,-1.15873,8.99958,5.84808,2.2386,8.18529,6.94115,-1.28628,1.05913,2.33318,-6.75232,0.987149,-3.39778,2.6208,0.52237,-7.39955,-0.382409,-6.41175,5.08882,7.60187,-0.0931179,6.88424,-3.17951,-7.22893,-7.85727,-5.7931,-7.72525,7.33138,4.94106,7.02099,-6.23539,-8.12041,-5.15616,7.36749,-3.35343,-3.54437,-3.55089,1.11601,5.72528,9.90902,-4.499,-9.93853,-1.07872,-0.324331,-6.57013,8.88855,-4.24396,-7.63034,0.0610036,1.87387,-1.29348,-2.47329,3.86479,-3.64631,2.55735,-8.40426,3.83241,4.82289
-2.12444,7.66,8.22948,-6.26216,-5.0123,-9.51102,1.87354,-2.28444,-8.6285,-9.04753,-5.92409,-2.29373,-0.337566,2.88735,6.89347,3.29234,2.58391,-3.64277,0.827007,2.41665,9.30836,-8.92314,-1.16233,7.71006,6.94108,0.903152,7.24092,-7.09125,4.94106,-5.87254,5.12961,-1.266,2.19168,-5.74884,-4.76859,6.61111,-5.15123,1.60099,3.70495,2.32056,5.06296,-1.80169,7.20975,8.31102,-1.24893,3.84609,-6.38406,-3.39312,-8.31621,-8.75469,7.02345,-4.50363,9.0163,-5.32999,6.96387,0.938206,3.16111,6.34181,7.21191
3.84427,4.89812,-4.61038,-9.44022,-9.13201,-6.4488,-9.63286,-2.25604,9.23534,8.20757,-2.91843,1.39536,-8.1448,-9.05563,-2.89489,-7.14843,-7.23949,8.15772,6.71903,0.0489472,-7.03044,-2.61612,1.54927,6.25055,3.25327,4.6443,-0.378169,3.13936,7.02099,5.12961,5.03221,6.17909,-3.88023,-9.34734,-3.09546,9.53036,-1.77368,-4.3841,6.26499,-2.64692,1.95883,1.40922,-5.2617,1.4109,-8.53077,-4.73096,-3.90075,-8.33064,-1.82029,8.66335,8.44296,8.33788,-3.93334,-1.57142,4.55797,-6.45016,4.49685,-9.81295,8.04321
8.63708,1.95808,-6.23161,-6.69787,2.63202,4.16177,0.37723,-6.28226,-7.34756,0.127061,-8.82758,9.30777,-5.2645,-1.26682,-0.0456181,-9.89734,-7.68118,5.65655,2.45173,-6.61557,7.26125,-0.826415,-1.07727,-7.77804,-3.6055,9.15018,5.77114,-2.39176,-6.23539,-1.266,6.17909,-9.79768,3.98764,3.63971,-3.89364,5.3183,-4.69095,-8.86382,-2.44728,-4.35538,4.65024,7.21713,4.29972,-4.45912,8.46742,-7.91405,-6.86337,1.35107,2.66265,-1.58847,-4.1835,-1.14659,6.6831,-5.82627,2.13566,-2.5655,1.56332,-0.259357,-7.85118
1.43329,5.03814,3.16035,-1.91694,-8.20835,5.85613,7.48452,-7.96456,0.933166,-4.42818,6.89111,5.38233,9.55424,-7.46228,4.62232,1.38943,-8.97308,-6.17052,-7.47083,-9.18054,0.903358,8.22828,1.06548,-3.27126,-2.95613,-4.64471,8.40358,-8.64595,-8.12041,2.19168,-3.88023,3.98764,7.55853,-0.542614,-6.70508,5.64391,-3.22692,2.57621,-9.2575,-3.94556,-2.72709,-6.93756,-6.1432,0.907592,-3.91784,6.05283,9.55688,-1.47654,5.30329,-1.26199,-4.20804,-5.34877,-2.90709,6.47556,-2.6477,-6.3918,6.9528,8.42132,-4.65428
0.932998,3.06372,3.31971,9.73834,-1.45041,-7.03236,-7.57601,-1.4292,-1.79711,3.85515,-3.23743,-1.20006,-9.0813,8.55466,-7.72009,-3.93216,-6.40806,6.65619,-4.75884,7.81954,8.20481,-5.49635,-5.51658,-3.24147,-7.76998,-7.17329,-3.81867,5.45986,-5.15616,-5.74884,-9.34734,3.63971,-0.542614,5.61526,8.27311,-8.44552,-7.75756,9.4263,9.7616,-8.41703,9.64701,-0.0552977,5.29298,7.88331,1.94541,-5.26634,8.90962,8.38417,2.59632,2.33282,-9.40896,0.899826,7.25478,-9.40712,-8.61209,-4.65179,9.09647,2.46072,-7.93136
-9.50213,3.04678,8.21683,-7.01128,-5.43864,6.15859,0.430184,9.75276,-2.87004,7.16058,-7.1612,-6.20659,-7.54024,3.7301,-5.52268,-7.73458,-9.38489,4.79811,3.35683,6.80306,-0.28861,-1.71971,-5.76375,-1.1634,3.89259,4.71503,-1.59027,-8.31646,7.36749,-4.76859,-3.09546,-3.89364,-6.70508,8.27311,2.47617,4.92563,-2.84976,-2.22599,1.46352,8.34894,-3.21298,6.35787,1.00844,7.17227,5.23821,6.59693,-4.95043,-3.47181,-5.21697,-8.7472,-7.69221,-2.07842,7.89279,8.43316,-2.38831,1.30101,-6.26233,-4.17507,3.88547
7.5578,-2.71136,-3.94731,-6.59964,2.42034,9.63189,0.565481,-4.23538,5.55395,0.465076,-7.30815,-3.4618,-7.3932,5.63104,9.61132,-0.409689,-2.30114,-0.132787,2.94599,3.1888,-8.49974,-8.2027,1.09977,3.56253,-6.45473,1.01776,3.56672,-8.03816,-3.35343,6.61111,9.53036,5.3183,5.64391,-8.44552,4.92563,1.51113,6.05954,1.26858,-5.18999,3.21188,-6.06238,8.0779,3.08049,-8.71231,0.156293,0.506344,8.79577,-9.66713,0.595759,-4.12974,0.501602,-6.63266,-3.3725,-7.33344,-6.65156,8.34106,7.19185,5.62737,-7.31206
7.12664,-5.63167,8.63045,2.0377,-8.05819,1.57381,-1.13233,6.96395,-4.51709,-1.09151,-0.805222,-6.28364,-7.55629,-2.03562,0.835684,5.68473,4.50336,3.30251,7.36479,-2.33757,9.66279,5.20712,-7.34952,-8.6749,9.7527,-3.38533,-2.72521,8.80633,-3.54437,-5.15123,-1.77368,-4.69095,-3.22692,-7.75756,-2.84976,6.05954,-8.25944,-1.9227,9.72549,-5.06798,-4.81655,-5.14076,-4.47921,0.240948,-1.2514,-7.48106,7.17379,7.50327,2.23657,-1.17044,-0.561215,-5.18228,5.15175,-3.32509,-3.18239,-0.438326,0.543433,-2.48435,9.11089
-8.41465,-9.53216,-0.688519,5.43534,1.78384,-8.65404,7.72612,5.84821,-9.46614,6.62232,-3.32753,-8.72324,7.86581,1.68598,-5.56887,7.35865,9.42513,9.99179,0.430722,5.99271,3.37377,-5.33689,0.320868,5.59112,-0.148001,-6.45569,-2.59472,-6.46529,-3.55089,1.60099,-4.3841,-8.86382,2.57621,9.4263,-2.22599,1.26858,-1.9227,-8.4026,-1.40542,-4.4777,0.350308,-7.77855,7.7859,8.77562,0.134798,7.32646,0.295814,-3.96806,3.18263,2.93644,-0.634018,1.44279,-6.61207,2.17321,4.68512,8.5468,-1.03047,2.52859,4.4702
-2.40719,3.38595,-3.11081,9.87029,-8.77971,-1.42999,-5.64862,-8.23137,5.96429,8.46792,8.81146,-6.78478,3.01655,-5.89183,-4.54333,3.12817,-2.18616,5.77437,-4.21233,-5.35751,-2.38554,-4.80982,7.07069,-7.51945,-6.19991,-1.64226,0.199435,-7.54101,1.11601,3.70495,6.26499,-2.44728,-9.2575,9.7616,1.46352,-5.18999,9.72549,-1.40542,1.93744,0.0910155,1.62323,7.58497,-3.81887,8.793,5.60261,-4.89997,0.178233,-7.96006,-1.49889,5.00815,-8.21116,4.61824,8.07289,-1.63762,4.85942,-3.81149,-2.26773,1.47481,5.33265
6.21096,-3.79279,-5.93899,3.52419,-6.19504,4.62468,-3.50223,-5.98517,-3.13362,7.72104,5.04557,-6.0238,-5.91696,-2.96594,-7.25761,9.70511,-6.56992,7.5767,-9.43106,1.8907,9.82333,0.0091758,-4.83591,6.11066,-4.70806,8.01897,0.917681,5.47489,5.72528,2.32056,-2.64692,-4.35538,-3.94556,-8.41703,8.34894,3.21188,-5.06798,-4.4777,0.0910155,5.06335,-3.38056,6.9505,4.0693,-9.28063,-1.54432,-6.36372,8.19269,7.68809,3.99856,-4.02688,7.7793,7.27098,-7.07223,5.53957,0.673333,-2.30019,4.36823,7.80028,-4.17145
0.930557,0.776781,-3.28487,3.52916,-7.53193,-6.31472,-5.23481,-3.33962,4.92641,6.33225,3.08657,-4.69434,9.36693,9.07579,-2.75531,2.38435,0.0810955,3.63864,-8.42502,-6.79307,5.52906,-9.50734,9.27766,5.30944,-0.0962561,-5.13684,3.82994,6.72253,9.90902,5.06296,1.95883,4.65024,-2.72709,9.64701,-3.21298,-6.06238,-4.81655,0.350308,1.62323,-3.38056,9.95806,-4.28691,-3.48441,-7.90257,7.61429,-2.41933,2.3402,-3.74076,7.96801,7.69364,0.0787843,-9.50462,8.35086,2.34218,4.82923,4.55402,-0.557791,3.49736,-5.45981
-3.48062,7.66552,8.57566,4.29083,9.99007,-4.64191,-5.924,-4.85501,6.76752,5.9992,-0.802208,8.83557,-8.48514,-7.94632,7.62778,3.56098,5.56025,9.54032,1.7154,-3.30667,-3.81266,2.8054,3.9162,-2.56835,-9.45516,-5.18299,6.61155,-4.39264,-4.499,-1.80169,1.40922,7.21713,-6.93756,-0.0552977,6.35787,8.0779,-5.14076,-7.77855,7.58497,6.9505,-4.28691,5.57126,-1.28132,2.64702,0.594225,9.60389,-2.55137,-2.28551,9.31025,-6.82764,0.0415006,6.35351,-9.04459,-1.86162,-4.56888,-4.54832,-4.91938,-1.2461,-3.78383
-8.22194,9.28258,2.76807,3.09422,-4.78366,-9.29302,-3.19214,-3.51356,-5.59738,-3.63544,-2.75004,-6.59499,4.56636,3.08351,-3.37407,8.13647,1.72316,-6.92966,-6.63696,-6.3802,-4.51697,9.85866,2.49207,-2.36028,-9.35135,-5.07203,-9.81736,-2.26209,-9.93853,7.20975,-5.2617,4.29972,-6.1432,5.29298,1.00844,3.08049,-4.47921,7.7859,-3.81887,4.0693,-3.48441,-1.28132,1.56895,7.92733,0.212415,-9.46619,9.55714,-3.43857,-7.7576,-2.26914,-7.15261,3.43162,-9.89424,-0.581538,3.25174,-4.28579,0.340729,0.899165,5.15023
-7.68669,-2.97832,-9.72071,5.04903,-6.5398,5.66426,5.22348,5.82036,4.30865,5.459,-8.32033,-1.31425,-8.59658,2.91126,-3.14633,7.50221,2.84755,7.30915,-8.83022,-2.91168,-9.49123,0.0212615,-0.9911,2.06578,-9.39994,0.171717,4.59211,-7.51309,-1.07872,8.31102,1.4109,-4.45912,0.907592,7.88331,7.17227,-8.71231,0.240948,8.77562,8.793,-9.28063,-7.90257,2.64702,7.92733,-4.2713,6.65465,3.18047,-8.78101,-1.86472,-3.95004,5.51949,8.64045,-1.23972,6.05449,-0.285993,-0.470782,9.35278,8.9081,-0.403486,3.07876
6.14312,9.1445,-4.77374,-0.673612,7.44282,5.39448,-5.94386,-7.64909,-8.01697,7.52724,8.44262,8.23198,-2.0217,-1.10343,-0.816432,6.2688,-2.78163,9.93101,-6.49368,-4.64594,-7.499,7.32414,-3.65645,9.80612,-2.95086,4.1321,-9.96662,-9.18401,-0.324331,-1.24893,-8.53077,8.46742,-3.91784,1.94541,5.23821,0.156293,-1.2514,0.134798,5.60261,-1.54432,7.61429,0.594225,0.212415,6.65465,6.3332,6.202,4.07078,4.17842,6.01494,-1.95415,2.73015,-0.30658,1.87247,-0.688009,3.26126,0.505127,-1.32641,3.20919,2.66989
-3.48818,-7.77755,0.011669,9.4121,-8.15969,2.83789,0.0660098,7.27975,-0.434842,3.45781,-8.16931,2.36192,2.27678,-1.51207,4.21668,-6.67002,-4.73947,-3.73021,2.00355,4.87288,2.49187,-3.89407,-6.4854,-7.85093,2.97357,-9.24887,-2.27918,-5.85703,-6.57013,3.84609,-4.73096,-7.91405,6.05283,-5.26634,6.59693,0.506344,-7.48106,7.32646,-4.89997,-6.36372,-2.41933,9.60389,-9.46619,3.18047,6.202,8.64556,-9.25551,-1.15959,3.77379,-6.92363,-1.49682,9.61769,7.81907,-6.2737,-0.636273,5.50967,-6.48288,-9.17101,4.17914
8.52394,-7.12693,-5.84931,2.35681,3.01037,6.05969,-8.95327,9.49957,-1.67277,4.35513,-3.36358,5.91232,4.74668,-2.38792,-9.83192,-3.39481,-7.58357,5.2704,-3.14172,-7.42359,-6.03332,2.32437,-5.17527,-4.89303,-0.136174,7.4793,-4.91983,3.61409,8.88855,-6.38406,-3.90075,-6.86337,9.55688,8.90962,-4.95043,8.79577,7.17379,0.295814,0.178233,8.19269,2.3402,-2.55137,9.55714,-8.78101,4.07078,-9.25551,-4.10302,-1.86145,-5.69402,3.52708,9.07479,-0.452803,6.88059,6.49047,0.346039,4.50116,2.02076,4.70833,8.68774
-4.73579,-4.42413,3.55602,-3.57723,-1.56718,-0.697355,5.09611,-5.17443,5.94117,-5.49521,-5.19465,-0.411042,-2.10028,3.67647,-7.476,5.84265,-4.65011,6.5121,2.24767,-2.02277,6.66068,6.70833,9.58507,-7.5441,4.71794,4.19301,-5.04761,-3.72776,-4.24396,-3.39312,-8.33064,1.35107,-1.47654,8.38417,-3.47181,-9.66713,7.50327,-3.96806,-7.96006,7.68809,-3.74076,-2.28551,-3.43857,-1.86472,4.17842,-1.15959,-1.86145,8.26738,-0.929772,2.66844,-8.53954,-2.60274,-3.94949,7.61292,3.79306,-8.36742,-6.62739,4.75881,8.70836
-6.60511,8.98007,6.10758,7.56486,4.11147,5.78401,2.52462,-6.7576,2.41259,2.74172,1.93782,7.98321,0.0251371,-5.63212,-9.25037,-3.39768,5.7898,-0.461689,2.34492,-6.62021,1.44975,5.61877,-6.66518,-3.23166,4.77445,2.36839,-3.40413,6.08434,-7.63034,-8.31621,-1.82029,2.66265,5.30329,2.59632,-5.21697,0.595759,2.23657,3.18263,-1.49889,3.99856,7.96801,9.31025,-7.7576,-3.95004,6.01494,3.77379,-5.69402,-0.929772,-3.32142,-6.81426,-8.81941,4.92473,-3.66042,3.83331,-7.95003,-5.51972,4.83247,5.74329,7.14678
-3.0503,7.69681,2.7465,-7.89858,6.84523,-1.91833,-0.548439,1.04767,7.22145,-5.86635,2.58503,8.24413,-0.691864,-1.83674,8.93251,0.943933,-0.142676,-9.56277,9.62971,-6.07007,7.51241,1.03361,6.96433,3.27607,1.43494,-5.05534,-9.31264,-8.49099,0.0610036,-8.75469,8.66335,-1.58847,-1.26199,2.33282,-8.7472,-4.12974,-1.17044,2.93644,5.00815,-4.02688,7.69364,-6.82764,-2.26914,5.51949,-1.95415,-6.92363,3.52708,2.66844,-6.81426,3.83436,-2.7883,-7.67204,-5.82315,-4.73523,-5.5965,1.32706,7.19778,-5.31442,0.0699068
-8.28405,7.25226,-2.427,-0.540153,9.2869,-6.14516,-0.606081,9.34198,5.70661,3.00103,-2.79158,3.1674,-5.90543,-0.624821,-4.63654,-5.96139,-7.70317,2.40191,0.48335,-0.237677,-7.52238,-9.51088,-2.82164,9.26649,8.17872,6.39048,-5.03729,-6.4124,1.87387,7.02345,8.44296,-4.1835,-4.20804,-9.40896,-7.69221,0.501602,-0.561215,-0.634018,-8.21116,7.7793,0.0787843,0.0415006,-7.15261,8.64045,2.73015,-1.49682,9.07479,-8.53954,-8.81941,-2.7883,-8.75096,4.05521,9.8604,6.16755,4.53703,9.57935,7.52768,5.55021,9.29796
-6.67906,-6.32637,2.95427,-8.84605,-5.86444,-0.201179,-1.12955,-9.81616,-9.9479,-1.75259,3.60015,-6.58301,9.77094,-6.95767,-0.539967,-8.73542,-7.6965,-6.10836,1.84711,-7.35267,3.50719,-2.08581,-5.83468,4.36822,2.89803,-3.06141,8.51493,2.4699,-1.29348,-4.50363,8.33788,-1.14659,-5.34877,0.899826,-2.07842,-6.63266,-5.18228,1.44279,4.61824,7.27098,-9.50462,6.35351,3.43162,-1.23972,-0.30658,9.61769,-0.452803,-2.60274,4.92473,-7.67204,4.05521,-9.7044,-0.228918,-0.969741,9.32573,3.85173,5.52298,8.16439,-2.1142
0.880223,-2.00164,-5.41597,7.32712,1.07877,-1.39957,-9.56684,-6.31903,3.78012,7.20343,-7.11182,4.32119,-3.01118,-9.45545,-8.91384,-7.47849,5.73838,-8.44371,-3.05349,-2.31391,0.525244,-1.65095,-8.27679,3.85228,5.77471,5.54481,-3.10951,-5.04719,-2.47329,9.0163,-3.93334,6.6831,-2.90709,7.25478,7.89279,-3.3725,5.15175,-6.61207,8.07289,-7.07223,8.35086,-9.04459,-9.89424,6.05449,1.87247,7.81907,6.88059,-3.94949,-3.66042,-5.82315,9.8604,-0.228918,-5.98685,-4.07176,-0.418652,-2.38403,3.98085,0.27228,-3.93722
4.14993,-3.19911,-6.07599,-9.74323,-5.39109,7.95697,1.76976,5.03649,3.89078,-9.42191,0.149834,7.61784,-1.12332,7.2432,-0.777282,3.5404,9.50581,-2.08628,-8.67425,7.20817,7.56371,-9.64337,-0.638895,-5.57769,4.79559,2.63087,-0.499423,3.77901,3.86479,-5.32999,-1.57142,-5.82627,6.47556,-9.40712,8.43316,-7.33344,-3.32509,2.17321,-1.63762,5.53957,2.34218,-1.86162,-0.581538,-0.285993,-0.688009,-6.2737,6.49047,7.61292,3.83331,-4.73523,6.16755,-0.969741,-4.07176,9.80371,5.21106,5.23308,0.89127,-9.47328,-8.27198
4.41512,2.7957,-2.04894,-5.41086,4.4967,0.0306157,9.72741,-2.87787,4.51135,-3.18633,-1.9131,-2.18374,-5.71397,4.44465,-3.5707,1.20003,6.32881,-6.83599,-1.50089,8.71857,3.0521,-4.25356,-0.212509,-1.10866,2.41765,-9.27442,6.92423,5.11935,-3.64631,6.96387,4.55797,2.13566,-2.6477,-8.61209,-2.38831,-6.65156,-3.18239,4.68512,4.85942,0.673333,4.82923,-4.56888,3.25174,-0.470782,3.26126,-0.636273,0.346039,3.79306,-7.95003,-5.5965,4.53703,9.32573,-0.418652,5.21106,-0.623144,2.52076,6.76723,8.44304,-5.3195
-8.47488,-6.67945,3.4941,2.45158,-6.95543,-1.88188,-0.574985,-0.168536,8.28357,-3.45443,6.33603,-7.89591,9.62134,-4.73677,-3.85551,-4.9761,-4.42871,-6.07095,5.43302,-9.97471,2.37905,3.88527,1.21394,8.9945,6.87786,-0.33301,4.34714,-2.57278,2.55735,0.938206,-6.45016,-2.5655,-6.3918,-4.65179,1.30101,8.34106,-0.438326,8.5468,-3.81149,-2.30019,4.55402,-4.54832,-4.28579,9.35278,0.505127,5.50967,4.50116,-8.36742,-5.51972,1.32706,9.57935,3.85173,-2.38403,5.23308,2.52076,-6.31372,6.83803,-0.315839,7.68496
4.9947,-2.507,-5.36949,-9.78382,8.22695,1.26446,-0.663715,4.62213,-7.83777,-9.04979,9.22224,-1.04092,4.10176,-0.305123,-9.9778,-0.276755,9.80519,-1.53459,4.22939,-9.44625,-4.13053,6.30085,3.51755,9.8745,-3.80268,-4.37399,-0.555755,-9.60474,-8.40426,3.16111,4.49685,1.56332,6.9528,9.09647,-6.26233,7.19185,0.543433,-1.03047,-2.26773,4.36823,-0.557791,-4.91938,0.340729,8.9081,-1.32641,-6.48288,2.02076,-6.62739,4.83247,7.19778,7.52768,5.52298,3.98085,0.89127,6.76723,6.83803,8.04982,-3.12355,-5.01703
-7.678,3.85436,1.38644,5.15587,-9.24893,6.56349,7.66179,6.82408,-1.49882,-2.49565,-7.58967,-4.6645,5.9056,0.82093,7.41084,-1.83776,-5.42932,-4.99811,-0.663409,-3.65808,-3.29795,8.83684,8.9724,-8.95485,6.1293,-5.67507,-9.15621,3.36658,3.83241,6.34181,-9.81295,-0.259357,8.42132,2.46072,-4.17507,5.62737,-2.48435,2.52859,1.47481,7.80028,3.49736,-1.2461,0.899165,-0.403486,3.20919,-9.17101,4.70833,4.75881,5.74329,-5.31442,5.55021,8.16439,0.27228,-9.47328,8.44304,-0.315839,-3.12355,-6.96586,5.55102
-0.131833,-4.2462,-8.00409,4.94746,2.07519,-7.7329,2.10274,3.21271,-6.8869,-8.85463,5.07736,-8.22715,2.27974,-8.18316,4.60662,-6.92123,-8.98277,9.72391,-8.71652,5.39148,3.16677,2.00775,1.27008,-1.91,6.19361,9.44336,6.33008,4.72652,4.82289,7.21191,8.04321,-7.85118,-4.65428,-7.93136,3.88547,-7.31206,9.11089,4.4702,5.33265,-4.17145,-5.45981,-3.78383,5.15023,3.07876,2.66989,4.17914,8.68774,8.70836,7.14678,0.0699068,9.29796,-2.1142,-3.93722,-8.27198,-5.3195,7.68496,-5.01703,5.55102,4.45157
