4.22878,7.43656,0.212354,6.165,-9.07913,-4.99899
7.43656,3.45331,2.84602,3.57045,-6.78297,6.12509
0.212354,2.84602,9.50878,6.95646,1.10961,-3.3053
6.165,3.57045,6.95646,4.19445,8.84837,-5.4801
-9.07913,-6.78297,1.10961,8.84837,-4.7689,2.87273
-4.99899,6.12509,-3.3053,-5.4801,2.87273,-2.26467
