-1.32805,-1.69452,5.60533,7.58627,6.53962,0.626113,-9.03771,2.30611,-5.72286,-5.77322,5.5685,4.40974,0.173273,3.1704,8.03452,9.53148,-5.8946,-2.28037,-2.08253,-7.32303,8.41774,-7.54131,9.44569,7.95895,-7.4161,2.50272,-7.46687,-6.7507,-0.495136,5.10605,9.29898,6.9698,-7.99149,-0.407523,0.0183603,1.18343,-7.33464,7.78242,8.8487,-3.45313,-2.50476,-9.66896,-6.27641,-8.23256,-0.291369,-1.58219,9.16949,-5.89153,8.84217,7.66852,2.68362,9.41497,-2.94837,-8.56688,6.83557,6.56326,-0.283327,8.29676,-1.37919,2.80435
-1.69452,-2.64307,8.8721,-6.6199,-3.82487,4.24962,8.33826,-6.4546,7.04793,-6.00977,2.04921,7.70562,-2.93521,9.14142,-3.30632,-8.33038,7.17476,3.35059,-8.06803,8.54219,7.24259,-0.482167,1.35048,-2.06481,-9.34619,-2.3054,2.1075,2.13951,-0.878634,-3.79798,-4.39344,-3.00867,-9.16136,-8.58031,9.21175,-4.98034,-0.171648,-4.02473,-9.98907,-7.89423,8.57207,-3.16426,-7.59356,6.08371,1.00252,8.72836,3.33544,-8.46641,6.02829,-6.75307,-1.41399,2.44921,3.60913,-2.1531,-0.407803,-4.23387,-4.55045,7.11571,2.89778,3.69594
5.60533,8.8721,5.66618,6.43249,-9.48986,-9.43639,-2.73637,-9.35975,1.60396,-3.55935,4.39631,2.96476,-6.92885,0.58358,9.97473,-5.79832,-7.11152,-2.25199,-0.919328,2.26,9.82053,-9.57159,6.98371,6.59492,5.66369,-5.27971,-3.51776,2.68259,-3.40666,-6.95855,-1.48874,-9.01918,-8.12793,5.27115,-8.60165,-9.43509,-1.08956,-1.50651,6.02685,-7.85802,0.480321,0.732464,4.96716,0.187344,8.83124,-6.26044,-9.04186,-5.95351,-2.90234,4.08755,3.90286,7.36998,2.2354,8.19494,3.73032,5.68713,6.87632,-8.61919,-5.58577,-6.77143
7.58627,-6.6199,6.43249,8.62195,-0.630694,8.1528,-8.45758,-7.33821,-7.99414,2.13025,5.58574,-4.28761,-5.25052,9.7333,0.156904,-1.33704,1.87932,-1.51272,-2.48167,-7.39314,-8.17079,6.76602,-9.15066,6.01928,4.18727,2.19109,7.71195,-3.8175,5.16386,7.58393,2.45698,-5.58047,-9.79278,4.10104,-7.24914,4.9538,5.0333,5.70459,-3.95088,-2.17263,0.997395,-8.04787,3.59594,8.67615,-3.23071,-3.31713,-9.61764,-6.53495,-3.20315,-5.42002,-7.09609,-0.70043,1.25568,3.45634,-6.1761,-7.70401,-0.924934,-5.88361,-2.36785,-1.36158
6.53962,-3.82487,-9.48986,-0.630694,4.25395,0.88605,-9.98222,0.57873,-6.72714,-7.85189,1.72117,1.48709,2.30219,8.20804,-2.53911,-5.62392,-8.5624,0.652443,-1.72765,6.87635,3.72871,6.49136,-9.08509,1.13219,8.79136,-3.94743,4.90862,0.3057,-0.591483,8.93036,-8.61739,3.91982,4.93557,7.81585,-0.833407,-9.02776,5.36226,3.89937,2.14337,5.58005,5.51674,-2.79906,-4.76869,-5.93863,-0.494022,0.26945,-7.26318,-6.95611,-4.53561,1.50522,-3.97497,-7.11061,-8.22402,-1.17961,0.661414,4.51116,-0.203369,-9.48596,-3.81913,4.15119
0.626113,4.24962,-9.43639,8.1528,0.88605,9.38602,-2.59265,-2.5297,-4.5261,-4.295,-6.8513,-9.59095,4.70238,1.01816,3.20131,-9.31824,-7.38921,0.995542,8.27645,-9.65552,-1.82766,-9.46724,3.94591,-9.0783,-0.558636,7.98245,9.78635,-4.18246,-3.98274,0.114788,-5.23841,-3.76606,9.10689,2.15753,4.37568,-4.16377,9.03787,-4.32392,7.67687,6.16917,-0.00800822,-3.75176,-9.41632,-0.357825,-1.57947,-7.43568,-5.65797,-7.15479,8.36631,-2.62325,7.52324,-5.98527,4.56417,4.98933,1.44516,4.18229,-2.83582,-0.0668133,-0.68268,7.81803
-9.03771,8.33826,-2.73637,-8.45758,-9.98222,-2.59265,-0.0447348,-2.822,-7.42906,3.00642,8.94838,-2.47728,6.87545,5.38072,9.37217,-3.9248,7.057,4.28042,2.91513,-4.78112,4.75918,5.87278,3.908,3.39851,-6.72447,-9.40171,-5.71649,6.01826,8.46385,-7.40609,-0.368286,-2.98681,-2.81079,-6.26802,-7.16582,-7.8596,-0.676658,8.20073,6.60255,2.384,2.85547,-2.30057,3.94273,7.80096,-8.02016,7.22641,5.12908,-0.479024,1.62977,7.7675,-7.7365,-2.49736,-3.27208,-7.35363,-8.8688,-5.68023,6.86089,7.78846,-5.1365,1.99368
2.30611,-6.4546,-9.35975,-7.33821,0.57873,-2.5297,-2.822,-6.6002,3.01968,0.968479,-2.59265,-6.13852,-1.52815,8.03713,-1.65117,7.90672,-3.54963,-2.77896,-2.68575,-8.16858,-4.54374,1.74633,-3.11301,-3.81104,-2.78146,-3.90556,-9.88574,-6.97734,-4.42594,-6.05264,-0.853645,0.325403,8.77695,4.39833,-0.17026,4.40782,6.12332,7.75283,4.50941,-8.79098,5.77149,-6.52683,1.01862,-7.81484,3.39167,-2.36348,-6.77357,-3.21891,-9.01232,-3.53112,5.74021,2.8565,5.29384,3.10863,3.97288,6.41775,8.45581,-0.0402969,-8.36143,-0.383023
-5.72286,7.04793,1.60396,-7.99414,-6.72714,-4.5261,-7.42906,3.01968,1.20978,7.05932,5.33075,0.0930335,6.07706,5.94465,9.51978,-5.23326,-7.27185,9.21618,9.38618,-7.6035,2.26377,-7.13515,-5.13048,-1.17494,4.56328,-6.34877,-9.35727,-0.361403,6.33825,-0.167082,4.22628,0.571671,0.731142,7.97316,-3.02337,-9.03053,8.62542,-8.41988,-4.52046,7.41833,-7.5345,7.09851,-1.29481,-6.21314,0.341331,-5.42634,9.50423,6.56619,-4.04317,9.67644,-1.80465,3.52533,6.03017,5.69305,-9.19885,0.978735,-7.83363,8.33705,3.14934,4.37389
-5.77322,-6.00977,-3.55935,2.13025,-7.85189,-4.295,3.00642,0.968479,7.05932,-1.88603,-1.58243,-4.68965,8.67045,-5.08217,3.17909,-7.92276,-4.94686,5.68236,-3.1416,-4.34258,-4.55363,-3.1872,-1.66782,-3.83627,2.61862,-3.26497,9.22677,-0.202103,8.94073,0.771044,3.51178,7.00846,-6.52024,6.41767,-4.82289,9.8215,3.77378,-6.4058,0.707453,9.7466,4.79883,4.46407,-0.670269,2.31505,-8.82921,3.33877,0.722494,-0.523096,9.51454,1.71428,-1.74938,0.741951,5.85063,1.62551,-4.71473,9.59155,0.614936,-9.98416,-2.59037,4.24381
5.5685,2.04921,4.39631,5.58574,1.72117,-6.8513,8.94838,-2.59265,5.33075,-1.58243,4.62265,-0.786652,-3.11252,0.554378,5.96647,-3.42587,0.385528,2.7851,-6.11772,0.729041,3.49618,1.34094,-8.25753,-0.32559,-4.53209,0.502142,-6.40235,-4.88492,7.97471,-3.14887,2.93923,-9.44141,-1.52895,-4.03969,1.82386,-4.39798,8.20326,-8.06388,5.42441,3.97677,2.39057,-3.36947,6.16991,-3.11715,-0.839075,-0.973207,1.52322,0.33247,3.02416,-9.18464,1.31258,6.08935,-2.0462,-1.79623,5.62828,8.59406,-3.35048,-3.28126,-3.77504,0.118361
4.40974,7.70562,2.96476,-4.28761,1.48709,-9.59095,-2.47728,-6.13852,0.0930335,-4.68965,-0.786652,-5.39391,9.65566,-8.20166,-0.395889,-8.25233,2.10362,-7.08875,-7.23053,-0.758463,7.96609,-2.01309,-6.70676,6.82022,4.42617,7.24772,3.2638,-4.83337,-4.59684,-1.62567,0.433995,4.71872,-6.28316,8.60067,4.75959,5.36258,-1.09215,-6.9956,8.23459,-0.548703,-5.28563,6.65881,-3.39834,-0.14211,1.16055,-8.59064,-0.372632,-1.96099,-9.55442,-8.15944,9.78624,2.11517,2.91075,1.15008,-7.11286,-7.59196,7.86945,6.51695,-3.27537,4.81721
0.173273,-2.93521,-6.92885,-5.25052,2.30219,4.70238,6.87545,-1.52815,6.07706,8.67045,-3.11252,9.65566,-1.42483,5.8125,-6.57555,5.22611,-3.61234,0.284633,2.10206,4.2226,-8.8479,0.959337,-9.1974,5.45199,-7.26374,-1.25305,0.824677,-8.38072,-7.39032,-1.53024,-4.77646,6.0417,-5.35143,-4.88082,-5.24728,0.398504,0.246466,-4.62069,-8.7871,-3.03809,-3.93633,-6.85342,-7.80904,4.58103,5.4974,-5.89903,-9.9871,-3.56092,-5.66522,-7.65143,8.58897,4.39541,6.31384,8.19873,-9.44826,-7.98879,-7.53277,-0.706601,4.48143,-4.20125
3.1704,9.14142,0.58358,9.7333,8.20804,1.01816,5.38072,8.03713,5.94465,-5.08217,0.554378,-8.20166,5.8125,-2.26897,-5.22125,2.0306,-1.53441,0.181675,2.69622,-4.87348,-2.70554,-7.10078,-9.28253,-1.92208,-1.47196,-8.94125,6.50219,7.69571,8.09508,-5.21192,3.07892,6.28186,-9.71074,-9.38557,1.23465,9.9674,-5.44437,-3.09395,2.41232,3.49845,8.99049,2.03605,9.00742,-6.65885,-8.94253,4.22442,-9.08101,-8.5775,-0.995442,8.23042,0.460774,-5.50667,6.61305,3.11134,0.891537,5.14189,5.32993,-3.30815,0.437579,-6.11524
8.03452,-3.30632,9.97473,0.156904,-2.53911,3.20131,9.37217,-1.65117,9.51978,3.17909,5.96647,-0.395889,-6.57555,-5.22125,-2.00514,-6.16999,-5.91069,8.65519,9.76274,-2.03987,-7.68148,6.88686,-0.114362,9.23382,6.74391,-3.49529,-8.13677,8.27601,-5.06648,-2.57041,3.44466,0.058913,-1.91738,7.73673,5.1307,3.92778,9.79727,-0.433735,3.89688,0.575128,-5.18722,4.80653,3.82112,8.82443,-0.51512,-4.02728,6.039,-3.97861,-4.45842,-7.80472,0.0814572,-1.05271,9.14965,-2.07815,-0.444866,2.03764,6.43558,0.024468,-1.81281,-3.60366
9.53148,-8.33038,-5.79832,-1.33704,-5.62392,-9.31824,-3.9248,7.90672,-5.23326,-7.92276,-3.42587,-8.25233,5.22611,2.0306,-6.16999,-0.169322,-4.24559,4.3381,-4.59725,4.49865,1.8165,7.46656,-0.896561,8.6786,-8.1424,3.51758,9.48631,7.73042,3.36308,-7.4468,4.01191,7.54213,3.81793,-6.20484,-0.73708,3.59787,-4.90263,2.66677,7.06319,4.04624,5.64778,3.54098,5.08978,1.9635,5.02961,-0.665075,-0.12879,-8.01364,-6.00263,4.97431,3.25945,8.54953,-4.67254,-9.70268,1.03404,-6.98633,-2.21383,-0.687475,7.42844,-3.03993
-5.8946,7.17476,-7.11152,1.87932,-8.5624,-7.38921,7.057,-3.54963,-7.27185,-4.94686,0.385528,2.10362,-3.61234,-1.53441,-5.91069,-4.24559,8.9612,-5.53358,5.74547,-7.34423,-6.77314,-9.83524,8.67064,2.96086,4.02109,3.33591,-8.09375,-8.97159,4.38496,9.28702,-1.92444,8.32776,7.16264,-1.60013,8.07173,-6.79461,-9.10214,1.0595,-9.89479,5.38445,1.15234,5.91762,4.3879,-1.05163,1.87733,4.55445,-2.50166,-8.10789,-7.1961,0.842808,1.57333,9.47704,1.41789,-0.982173,-8.53482,-5.71115,-5.12222,8.52367,1.92335,6.41997
-2.28037,3.35059,-2.25199,-1.51272,0.652443,0.995542,4.28042,-2.77896,9.21618,5.68236,2.7851,-7.08875,0.284633,0.181675,8.65519,4.3381,-5.53358,-5.47506,-7.10114,-0.804304,-9.31003,-3.00137,-1.47897,1.23804,8.53912,4.12314,3.5048,8.38511,2.72955,6.5936,6.27657,-1.46994,8.00035,3.74099,-1.60718,5.6497,7.51465,-9.2397,-8.82171,-4.79405,-6.87936,2.05116,-2.80113,6.13505,0.077943,-6.56278,8.88038,8.82367,-7.82535,-7.06621,-0.360873,-9.62664,-3.10831,8.08765,1.95432,8.76679,-3.49423,9.10071,-3.86771,1.14867
-2.08253,-8.06803,-0.919328,-2.48167,-1.72765,8.27645,2.91513,-2.68575,9.38618,-3.1416,-6.11772,-7.23053,2.10206,2.69622,9.76274,-4.59725,5.74547,-7.10114,-6.61336,-9.11634,0.270566,-8.21783,0.264722,0.921825,1.54762,9.68784,7.47384,3.40486,9.64183,-0.679785,9.23258,8.37765,-2.61712,-5.24604,-3.77031,6.96927,9.08139,5.96191,-4.59699,-0.944757,-8.29548,4.81553,6.07861,2.60896,-5.92419,7.66818,2.9396,-8.28987,-4.09941,-2.13083,9.64652,5.60687,0.527829,-0.525707,-4.32737,-3.81926,-3.0551,1.90902,9.34844,-9.74043
-7.32303,8.54219,2.26,-7.39314,6.87635,-9.65552,-4.78112,-8.16858,-7.6035,-4.34258,0.729041,-0.758463,4.2226,-4.87348,-2.03987,4.49865,-7.34423,-0.804304,-9.11634,4.07146,2.07824,-7.54164,-2.18492,5.25181,-2.18775,-9.52303,3.38617,-9.72231,4.17683,-8.39617,-5.07508,4.2129,9.65792,6.94373,3.81996,5.34365,5.72964,6.77117,6.09895,-3.66537,6.28399,-3.60766,-0.181799,8.03924,-4.15627,3.06544,9.32467,-7.53982,-8.10999,7.31888,7.90146,-3.12163,3.37106,-8.75298,2.76013,7.04673,7.93801,5.03957,8.64661,-8.88543
8.41774,7.24259,9.82053,-8.17079,3.72871,-1.82766,4.75918,-4.54374,2.26377,-4.55363,3.49618,7.96609,-8.8479,-2.70554,-7.68148,1.8165,-6.77314,-9.31003,0.270566,2.07824,9.00401,5.41762,9.03508,-3.93079,-5.7264,-9.46635,1.47379,1.70821,3.44586,-6.78175,5.44296,-8.79419,-0.961859,8.14035,-1.72042,1.16989,3.37385,-6.78336,7.37332,1.31394,9.55106,2.05946,-4.4157,3.79475,-9.27246,-2.91807,4.00601,6.31759,4.86182,-2.329,4.90664,1.86442,8.26733,-0.397612,6.73676,5.32648,-0.215831,-7.65797,-2.75332,7.84706
-7.54131,-0.482167,-9.57159,6.76602,6.49136,-9.46724,5.87278,1.74633,-7.13515,-3.1872,1.34094,-2.01309,0.959337,-7.10078,6.88686,7.46656,-9.83524,-3.00137,-8.21783,-7.54164,5.41762,8.6883,-7.21267,-5.82849,-9.27311,7.29621,-4.51674,-8.55422,1.86912,5.83336,2.36969,1.862,3.82502,-9.9808,-3.53397,-9.36316,6.57643,2.75883,-7.77035,-8.58008,7.51205,-9.03126,4.20981,-7.39951,0.877958,-1.8233,0.717334,8.61908,8.52582,2.06077,9.93261,-1.12442,-4.83043,-9.20672,-5.84897,3.17358,-0.874892,-6.28502,-3.86143,-9.70496
9.44569,1.35048,6.98371,-9.15066,-9.08509,3.94591,3.908,-3.11301,-5.13048,-1.66782,-8.25753,-6.70676,-9.1974,-9.28253,-0.114362,-0.896561,8.67064,-1.47897,0.264722,-2.18492,9.03508,-7.21267,-6.34773,4.67162,6.85873,2.35673,6.90662,6.29862,9.08146,6.24992,-7.66427,-0.507956,5.42408,-2.1166,4.77215,6.86161,5.9124,7.59974,-4.32945,-1.04082,-9.51622,4.27171,-3.51674,-3.49009,-1.58766,9.02518,-0.993271,-9.56773,-8.88776,-1.71757,1.49039,-6.09877,-3.07854,-3.23165,7.55359,-2.43284,9.02384,-9.98008,-2.91245,-2.46416
7.95895,-2.06481,6.59492,6.01928,1.13219,-9.0783,3.39851,-3.81104,-1.17494,-3.83627,-0.32559,6.82022,5.45199,-1.92208,9.23382,8.6786,2.96086,1.23804,0.921825,5.25181,-3.93079,-5.82849,4.67162,1.39057,6.60411,-8.90909,8.94164,9.68018,5.28824,2.71492,-8.17484,1.55154,-1.22485,5.99717,0.553075,-2.76486,4.58384,6.6197,5.89056,-8.02806,1.78942,-0.281351,-6.2036,-3.42566,8.53271,8.63681,-6.35465,4.37133,3.38597,2.78884,-1.89648,-2.93059,3.16453,9.5427,4.8254,1.48836,9.04925,1.4154,-6.353,-6.45075
-7.4161,-9.34619,5.66369,4.18727,8.79136,-0.558636,-6.72447,-2.78146,4.56328,2.61862,-4.53209,4.42617,-7.26374,-1.47196,6.74391,-8.1424,4.02109,8.53912,1.54762,-2.18775,-5.7264,-9.27311,6.85873,6.60411,-7.09451,-6.04591,0.534826,-8.67175,3.00178,4.05332,1.10063,8.56132,8.57562,-7.20644,4.66595,-9.06623,-8.44765,2.8065,3.50345,-8.09365,-2.08535,-6.21765,-7.43806,1.56445,0.584993,5.9041,-8.78685,5.02012,-4.36389,1.82262,4.52083,3.24287,-3.07477,7.71339,-1.50943,7.23808,-1.27438,-7.78573,5.07519,9.81319
2.50272,-2.3054,-5.27971,2.19109,-3.94743,7.98245,-9.40171,-3.90556,-6.34877,-3.26497,0.502142,7.24772,-1.25305,-8.94125,-3.49529,3.51758,3.33591,4.12314,9.68784,-9.52303,-9.46635,7.29621,2.35673,-8.90909,-6.04591,9.0137,4.68098,-2.54627,-7.85171,6.07499,-6.40165,0.160974,-6.46663,-9.18231,3.1921,-6.77575,2.89488,1.97441,-1.15602,7.55312,-6.85855,6.83963,1.40866,1.00954,2.58347,0.742325,-8.71721,-4.97305,-9.61849,-1.20978,-2.58297,-5.86301,7.47792,1.68348,1.77802,6.56454,-6.99962,6.28238,-6.31524,-4.07741
-7.46687,2.1075,-3.51776,7.71195,4.90862,9.78635,-5.71649,-9.88574,-9.35727,9.22677,-6.40235,3.2638,0.824677,6.50219,-8.13677,9.48631,-8.09375,3.5048,7.47384,3.38617,1.47379,-4.51674,6.90662,8.94164,0.534826,4.68098,-7.72924,-2.98314,9.44567,-0.796512,-5.64458,4.25643,7.53333,-6.53171,-0.904986,-2.39288,-3.18937,-0.753461,6.55368,5.55055,8.01255,-2.6728,3.19433,1.94126,-0.953801,-7.21492,-5.88781,-3.34619,-6.98078,-9.83988,3.28561,2.75466,-2.91876,1.2135,6.35332,4.34006,8.49243,-9.46342,-0.421492,5.36133
-6.7507,2.13951,2.68259,-3.8175,0.3057,-4.18246,6.01826,-6.97734,-0.361403,-0.202103,-4.88492,-4.83337,-8.38072,7.69571,8.27601,7.73042,-8.97159,8.38511,3.40486,-9.72231,1.70821,-8.55422,6.29862,9.68018,-8.67175,-2.54627,-2.98314,2.27784,5.01498,-4.40169,-8.80193,7.32531,-3.34612,0.744811,9.01602,5.62966,-3.42505,-2.64589,-7.7706,9.72006,8.91002,-1.42927,3.87659,8.44087,1.09901,-5.9196,-9.44443,-5.79723,-7.36349,3.7866,-6.34956,8.00108,-0.596243,-6.84905,2.50028,4.25817,7.04682,-1.12499,-4.41292,-9.39686
-0.495136,-0.878634,-3.40666,5.16386,-0.591483,-3.98274,8.46385,-4.42594,6.33825,8.94073,7.97471,-4.59684,-7.39032,8.09508,-5.06648,3.36308,4.38496,2.72955,9.64183,4.17683,3.44586,1.86912,9.08146,5.28824,3.00178,-7.85171,9.44567,5.01498,3.90592,5.91567,6.17189,-9.55252,1.3591,7.47345,-6.56742,-7.03284,2.70363,-7.59055,-1.83919,-3.78102,1.3184,-0.969311,-4.0607,-2.52729,8.06551,7.2492,-1.17634,-8.18624,-4.79394,-7.07438,-0.328019,-7.67393,0.13188,6.11828,8.45724,6.17263,-9.19036,-8.3971,-6.89215,-5.59526
5.10605,-3.79798,-6.95855,7.58393,8.93036,0.114788,-7.40609,-6.05264,-0.167082,0.771044,-3.14887,-1.62567,-1.53024,-5.21192,-2.57041,-7.4468,9.28702,6.5936,-0.679785,-8.39617,-6.78175,5.83336,6.24992,2.71492,4.05332,6.07499,-0.796512,-4.40169,5.91567,-6.42228,-0.0550651,-8.82981,4.55432,0.357178,8.02305,-3.07243,9.57327,-0.834324,7.97629,-5.77151,1.45841,-2.97216,2.40506,8.17396,-2.60416,6.3879,-8.71165,7.26794,3.43213,-8.41269,9.73873,0.956456,0.528663,1.47194,-8.81391,-5.97094,1.76143,-9.40916,6.47909,7.42673
9.29898,-4.39344,-1.48874,2.45698,-8.61739,-5.23841,-0.368286,-0.853645,4.22628,3.51178,2.93923,0.433995,-4.77646,3.07892,3.44466,4.01191,-1.92444,6.27657,9.23258,-5.07508,5.44296,2.36969,-7.66427,-8.17484,1.10063,-6.40165,-5.64458,-8.80193,6.17189,-0.0550651,-9.13349,0.548318,-5.32019,-3.11109,0.717652,-3.34885,9.93576,-4.91114,5.45997,0.603813,1.28682,-1.61329,-6.57609,-5.61048,-0.680621,-8.64815,5.52127,-0.608351,2.43345,-6.19439,9.77424,-1.53888,-7.0811,-4.59686,3.8824,-1.38164,-8.66905,4.62326,-2.63908,6.27705
6.9698,-3.00867,-9.01918,-5.58047,3.91982,-3.76606,-2.98681,0.325403,0.571671,7.00846,-9.44141,4.71872,6.0417,6.28186,0.058913,7.54213,8.32776,-1.46994,8.37765,4.2129,-8.79419,1.862,-0.507956,1.55154,8.56132,0.160974,4.25643,7.32531,-9.55252,-8.82981,0.548318,-8.37137,3.13552,5.63055,-8.50588,6.46737,-1.82438,-4.03078,-2.41559,-0.317719,8.46549,-3.6784,0.340793,-8.97479,1.25278,2.80891,4.36161,-2.1244,4.57132,7.80908,7.44131,-8.52945,-7.30307,-4.20384,6.369,-3.23698,4.0869,-1.28799,5.35595,-5.2261
-7.99149,-9.16136,-8.12793,-9.79278,4.93557,9.10689,-2.81079,8.77695,0.731142,-6.52024,-1.52895,-6.28316,-5.35143,-9.71074,-1.91738,3.81793,7.16264,8.00035,-2.61712,9.65792,-0.961859,3.82502,5.42408,-1.22485,8.57562,-6.46663,7.53333,-3.34612,1.3591,4.55432,-5.32019,3.13552,-5.68184,-2.6406,6.027,9.65405,5.22491,-9.18114,-3.98312,7.68006,-1.93128,-7.95499,-2.42313,3.77546,4.39638,6.6223,-8.32123,-2.26798,-6.4789,-7.07633,-3.15497,-9.17149,9.96198,4.77631,-4.34133,-0.240017,9.63986,-1.35798,9.38437,-5.92952
-0.407523,-8.58031,5.27115,4.10104,7.81585,2.15753,-6.26802,4.39833,7.97316,6.41767,-4.03969,8.60067,-4.88082,-9.38557,7.73673,-6.20484,-1.60013,3.74099,-5.24604,6.94373,8.14035,-9.9808,-2.1166,5.99717,-7.20644,-9.18231,-6.53171,0.744811,7.47345,0.357178,-3.11109,5.63055,-2.6406,-2.77032,-8.91001,-0.15234,-2.54379,-3.9553,-9.24862,9.332,-4.08202,6.8169,-7.85873,-8.26906,5.84372,-5.24816,-0.443918,3.89738,6.74898,2.31965,-9.98932,-9.13055,-6.14887,8.24513,-9.15867,-5.78808,-0.967241,-0.0552973,-0.450144,5.66925
0.0183603,9.21175,-8.60165,-7.24914,-0.833407,4.37568,-7.16582,-0.17026,-3.02337,-4.82289,1.82386,4.75959,-5.24728,1.23465,5.1307,-0.73708,8.07173,-1.60718,-3.77031,3.81996,-1.72042,-3.53397,4.77215,0.553075,4.66595,3.1921,-0.904986,9.01602,-6.56742,8.02305,0.717652,-8.50588,6.027,-8.91001,-2.76709,-4.19506,-8.72513,9.79498,5.1661,-7.72616,-2.78791,-4.00105,-5.67938,-2.55404,6.44591,-3.11632,5.07225,-3.22609,6.56937,1.86722,9.39393,-5.95005,0.959646,-7.06084,2.68979,-8.96893,-9.05696,-9.98816,1.05745,-3.33511
1.18343,-4.98034,-9.43509,4.9538,-9.02776,-4.16377,-7.8596,4.40782,-9.03053,9.8215,-4.39798,5.36258,0.398504,9.9674,3.92778,3.59787,-6.79461,5.6497,6.96927,5.34365,1.16989,-9.36316,6.86161,-2.76486,-9.06623,-6.77575,-2.39288,5.62966,-7.03284,-3.07243,-3.34885,6.46737,9.65405,-0.15234,-4.19506,-6.72047,-7.31534,4.96855,-7.93078,-2.10002,8.50564,2.37405,6.19084,-6.51841,5.37448,1.12019,-6.93425,8.68818,7.25476,-3.67778,9.5079,0.765763,5.99024,-0.707239,0.665744,-8.64828,-0.167753,-8.42723,-6.38295,1.18309
-7.33464,-0.171648,-1.08956,5.0333,5.36226,9.03787,-0.676658,6.12332,8.62542,3.77378,8.20326,-1.09215,0.246466,-5.44437,9.79727,-4.90263,-9.10214,7.51465,9.08139,5.72964,3.37385,6.57643,5.9124,4.58384,-8.44765,2.89488,-3.18937,-3.42505,2.70363,9.57327,9.93576,-1.82438,5.22491,-2.54379,-8.72513,-7.31534,-7.64337,8.32446,2.96544,9.89876,-6.66836,5.07097,1.53632,-0.490077,-0.42018,4.60996,4.85602,-4.14444,-1.74618,-3.96515,-0.687669,-2.71838,-2.88986,7.34055,-8.86258,5.0009,-4.32712,5.95794,7.18043,0.918585
7.78242,-4.02473,-1.50651,5.70459,3.89937,-4.32392,8.20073,7.75283,-8.41988,-6.4058,-8.06388,-6.9956,-4.62069,-3.09395,-0.433735,2.66677,1.0595,-9.2397,5.96191,6.77117,-6.78336,2.75883,7.59974,6.6197,2.8065,1.97441,-0.753461,-2.64589,-7.59055,-0.834324,-4.91114,-4.03078,-9.18114,-3.9553,9.79498,4.96855,8.32446,-6.89181,-0.22144,-2.19174,4.81648,-4.26002,-3.06281,-2.97329,-4.21116,6.32894,-7.58377,-2.25993,0.278198,2.45261,6.07646,-9.62853,-7.1788,7.74364,1.05411,7.01719,-8.05604,-6.7675,-8.56023,3.65011
8.8487,-9.98907,6.02685,-3.95088,2.14337,7.67687,6.60255,4.50941,-4.52046,0.707453,5.42441,8.23459,-8.7871,2.41232,3.89688,7.06319,-9.89479,-8.82171,-4.59699,6.09895,7.37332,-7.77035,-4.32945,5.89056,3.50345,-1.15602,6.55368,-7.7706,-1.83919,7.97629,5.45997,-2.41559,-3.98312,-9.24862,5.1661,-7.93078,2.96544,-0.22144,-1.41181,-5.00275,7.13912,-1.434,-7.39106,4.76126,-4.91863,-3.1079,-6.79726,2.348,-2.99519,3.21802,2.04344,1.63896,-4.87665,-0.658592,2.5516,-5.113,3.33931,-5.15253,7.35548,8.92321
-3.45313,-7.89423,-7.85802,-2.17263,5.58005,6.16917,2.384,-8.79098,7.41833,9.7466,3.97677,-0.548703,-3.03809,3.49845,0.575128,4.04624,5.38445,-4.79405,-0.944757,-3.66537,1.31394,-8.58008,-1.04082,-8.02806,-8.09365,7.55312,5.55055,9.72006,-3.78102,-5.77151,0.603813,-0.317719,7.68006,9.332,-7.72616,-2.10002,9.89876,-2.19174,-5.00275,-2.8793,1.42948,1.73087,5.63794,-0.214095,-0.146166,-9.33753,0.499894,-2.45536,9.35807,-6.78972,-5.6543,-3.47116,-1.27356,-0.35029,-5.56184,-2.24026,9.22186,-9.62568,1.34287,1.51419
-2.50476,8.57207,0.480321,0.997395,5.51674,-0.00800822,2.85547,5.77149,-7.5345,4.79883,2.39057,-5.28563,-3.93633,8.99049,-5.18722,5.64778,1.15234,-6.87936,-8.29548,6.28399,9.55106,7.51205,-9.51622,1.78942,-2.08535,-6.85855,8.01255,8.91002,1.3184,1.45841,1.28682,8.46549,-1.93128,-4.08202,-2.78791,8.50564,-6.66836,4.81648,7.13912,1.42948,-0.738614,9.78001,-1.70639,-7.38252,-1.31123,8.82106,-6.09002,6.0222,9.80572,-9.9017,2.8511,-1.07656,-3.74648,0.316991,-4.15306,2.54755,-4.08102,-3.16184,0.679886,-9.54255
-9.66896,-3.16426,0.732464,-8.04787,-2.79906,-3.75176,-2.30057,-6.52683,7.09851,4.46407,-3.36947,6.65881,-6.85342,2.03605,4.80653,3.54098,5.91762,2.05116,4.81553,-3.60766,2.05946,-9.03126,4.27171,-0.281351,-6.21765,6.83963,-2.6728,-1.42927,-0.969311,-2.97216,-1.61329,-3.6784,-7.95499,6.8169,-4.00105,2.37405,5.07097,-4.26002,-1.434,1.73087,9.78001,-2.97594,0.337746,-6.6615,-7.77809,7.4955,4.03266,0.651307,5.87135,-0.426424,3.38354,0.743168,-6.11029,6.4268,-0.159517,-9.96068,8.08817,3.49946,7.17014,2.93199
-6.27641,-7.59356,4.96716,3.59594,-4.76869,-9.41632,3.94273,1.01862,-1.29481,-0.670269,6.16991,-3.39834,-7.80904,9.00742,3.82112,5.08978,4.3879,-2.80113,6.07861,-0.181799,-4.4157,4.20981,-3.51674,-6.2036,-7.43806,1.40866,3.19433,3.87659,-4.0607,2.40506,-6.57609,0.340793,-2.42313,-7.85873,-5.67938,6.19084,1.53632,-3.06281,-7.39106,5.63794,-1.70639,0.337746,-4.28333,8.07296,5.53131,-3.83171,4.33922,9.88883,-1.34189,-2.0407,0.401004,0.147482,8.81259,2.049,-8.11236,-5.73845,2.62095,6.64179,0.818923,-6.25066
-8.23256,6.08371,0.187344,8.67615,-5.93863,-0.357825,7.80096,-7.81484,-6.21314,2.31505,-3.11715,-0.14211,4.58103,-6.65885,8.82443,1.9635,-1.05163,6.13505,2.60896,8.03924,3.79475,-7.39951,-3.49009,-3.42566,1.56445,1.00954,1.94126,8.44087,-2.52729,8.17396,-5.61048,-8.97479,3.77546,-8.26906,-2.55404,-6.51841,-0.490077,-2.97329,4.76126,-0.214095,-7.38252,-6.6615,8.07296,2.68943,4.40853,8.04603,1.78985,7.08254,9.72487,-0.83699,8.68561,3.65598,0.202508,-5.30417,9.06083,-0.113223,-0.627646,2.80314,4.32205,9.31875
-0.291369,1.00252,8.83124,-3.23071,-0.494022,-1.57947,-8.02016,3.39167,0.341331,-8.82921,-0.839075,1.16055,5.4974,-8.94253,-0.51512,5.02961,1.87733,0.077943,-5.92419,-4.15627,-9.27246,0.877958,-1.58766,8.53271,0.584993,2.58347,-0.953801,1.09901,8.06551,-2.60416,-0.680621,1.25278,4.39638,5.84372,6.44591,5.37448,-0.42018,-4.21116,-4.91863,-0.146166,-1.31123,-7.77809,5.53131,4.40853,1.5612,-1.31366,-6.57686,-0.197569,-5.43092,-5.43223,4.50134,8.14415,-3.51424,2.53266,-7.8434,-9.38069,-0.104196,3.07696,-0.500891,-7.92167
-1.58219,8.72836,-6.26044,-3.31713,0.26945,-7.43568,7.22641,-2.36348,-5.42634,3.33877,-0.973207,-8.59064,-5.89903,4.22442,-4.02728,-0.665075,4.55445,-6.56278,7.66818,3.06544,-2.91807,-1.8233,9.02518,8.63681,5.9041,0.742325,-7.21492,-5.9196,7.2492,6.3879,-8.64815,2.80891,6.6223,-5.24816,-3.11632,1.12019,4.60996,6.32894,-3.1079,-9.33753,8.82106,7.4955,-3.83171,8.04603,-1.31366,7.82654,-1.03238,1.13358,3.53501,-1.90277,-3.65356,-5.73869,-0.71236,-3.40052,9.54111,-4.54556,6.28521,3.69032,4.93841,-3.30874
9.16949,3.33544,-9.04186,-9.61764,-7.26318,-5.65797,5.12908,-6.77357,9.50423,0.722494,1.52322,-0.372632,-9.9871,-9.08101,6.039,-0.12879,-2.50166,8.88038,2.9396,9.32467,4.00601,0.717334,-0.993271,-6.35465,-8.78685,-8.71721,-5.88781,-9.44443,-1.17634,-8.71165,5.52127,4.36161,-8.32123,-0.443918,5.07225,-6.93425,4.85602,-7.58377,-6.79726,0.499894,-6.09002,4.03266,4.33922,1.78985,-6.57686,-1.03238,-5.18276,4.22219,-3.00684,5.79646,-1.09525,0.998331,-5.30225,-0.48323,-4.22396,3.21627,-7.05359,7.41701,0.226168,-8.46174
-5.89153,-8.46641,-5.95351,-6.53495,-6.95611,-7.15479,-0.479024,-3.21891,6.56619,-0.523096,0.33247,-1.96099,-3.56092,-8.5775,-3.97861,-8.01364,-8.10789,8.82367,-8.28987,-7.53982,6.31759,8.61908,-9.56773,4.37133,5.02012,-4.97305,-3.34619,-5.79723,-8.18624,7.26794,-0.608351,-2.1244,-2.26798,3.89738,-3.22609,8.68818,-4.14444,-2.25993,2.348,-2.45536,6.0222,0.651307,9.88883,7.08254,-0.197569,1.13358,4.22219,-5.49799,7.41956,7.16087,7.43687,0.575274,7.45317,-8.31512,-0.0949438,1.69416,1.81214,8.74878,-8.61682,2.21993
8.84217,6.02829,-2.90234,-3.20315,-4.53561,8.36631,1.62977,-9.01232,-4.04317,9.51454,3.02416,-9.55442,-5.66522,-0.995442,-4.45842,-6.00263,-7.1961,-7.82535,-4.09941,-8.10999,4.86182,8.52582,-8.88776,3.38597,-4.36389,-9.61849,-6.98078,-7.36349,-4.79394,3.43213,2.43345,4.57132,-6.4789,6.74898,6.56937,7.25476,-1.74618,0.278198,-2.99519,9.35807,9.80572,5.87135,-1.34189,9.72487,-5.43092,3.53501,-3.00684,7.41956,-6.76881,-9.90441,-4.08,7.51716,5.3532,-9.13595,-7.5838,0.208717,-7.06665,4.61072,-0.787772,-9.70707
7.66852,-6.75307,4.08755,-5.42002,1.50522,-2.62325,7.7675,-3.53112,9.67644,1.71428,-9.18464,-8.15944,-7.65143,8.23042,-7.80472,4.97431,0.842808,-7.06621,-2.13083,7.31888,-2.329,2.06077,-1.71757,2.78884,1.82262,-1.20978,-9.83988,3.7866,-7.07438,-8.41269,-6.19439,7.80908,-7.07633,2.31965,1.86722,-3.67778,-3.96515,2.45261,3.21802,-6.78972,-9.9017,-0.426424,-2.0407,-0.83699,-5.43223,-1.90277,5.79646,7.16087,-9.90441,-6.24945,5.6602,4.30368,-8.23603,1.40189,-3.72883,-0.914315,8.8802,-4.54547,6.00194,4.81816
2.68362,-1.41399,3.90286,-7.09609,-3.97497,7.52324,-7.7365,5.74021,-1.80465,-1.74938,1.31258,9.78624,8.58897,0.460774,0.0814572,3.25945,1.57333,-0.360873,9.64652,7.90146,4.90664,9.93261,1.49039,-1.89648,4.52083,-2.58297,3.28561,-6.34956,-0.328019,9.73873,9.77424,7.44131,-3.15497,-9.98932,9.39393,9.5079,-0.687669,6.07646,2.04344,-5.6543,2.8511,3.38354,0.401004,8.68561,4.50134,-3.65356,-1.09525,7.43687,-4.08,5.6602,8.92681,-0.435933,-9.52484,-4.81838,-1.34175,-0.199567,3.9742,-7.06157,3.08833,-2.52543
9.41497,2.44921,7.36998,-0.70043,-7.11061,-5.98527,-2.49736,2.8565,3.52533,0.741951,6.08935,2.11517,4.39541,-5.50667,-1.05271,8.54953,9.47704,-9.62664,5.60687,-3.12163,1.86442,-1.12442,-6.09877,-2.93059,3.24287,-5.86301,2.75466,8.00108,-7.67393,0.956456,-1.53888,-8.52945,-9.17149,-9.13055,-5.95005,0.765763,-2.71838,-9.62853,1.63896,-3.47116,-1.07656,0.743168,0.147482,3.65598,8.14415,-5.73869,0.998331,0.575274,7.51716,4.30368,-0.435933,-2.21709,7.72779,-7.03549,5.94228,8.63786,4.47529,-5.26447,1.66907,-1.83206
-2.94837,3.60913,2.2354,1.25568,-8.22402,4.56417,-3.27208,5.29384,6.03017,5.85063,-2.0462,2.91075,6.31384,6.61305,9.14965,-4.67254,1.41789,-3.10831,0.527829,3.37106,8.26733,-4.83043,-3.07854,3.16453,-3.07477,7.47792,-2.91876,-0.596243,0.13188,0.528663,-7.0811,-7.30307,9.96198,-6.14887,0.959646,5.99024,-2.88986,-7.1788,-4.87665,-1.27356,-3.74648,-6.11029,8.81259,0.202508,-3.51424,-0.71236,-5.30225,7.45317,5.3532,-8.23603,-9.52484,7.72779,-4.56839,-9.28451,8.22103,-4.1324,2.93189,5.68118,-3.62092,2.33067
-8.56688,-2.1531,8.19494,3.45634,-1.17961,4.98933,-7.35363,3.10863,5.69305,1.62551,-1.79623,1.15008,8.19873,3.11134,-2.07815,-9.70268,-0.982173,8.08765,-0.525707,-8.75298,-0.397612,-9.20672,-3.23165,9.5427,7.71339,1.68348,1.2135,-6.84905,6.11828,1.47194,-4.59686,-4.20384,4.77631,8.24513,-7.06084,-0.707239,7.34055,7.74364,-0.658592,-0.35029,0.316991,6.4268,2.049,-5.30417,2.53266,-3.40052,-0.48323,-8.31512,-9.13595,1.40189,-4.81838,-7.03549,-9.28451,-1.01206,-4.83453,3.92025,3.10337,4.92398,-1.41488,4.31103
6.83557,-0.407803,3.73032,-6.1761,0.661414,1.44516,-8.8688,3.97288,-9.19885,-4.71473,5.62828,-7.11286,-9.44826,0.891537,-0.444866,1.03404,-8.53482,1.95432,-4.32737,2.76013,6.73676,-5.84897,7.55359,4.8254,-1.50943,1.77802,6.35332,2.50028,8.45724,-8.81391,3.8824,6.369,-4.34133,-9.15867,2.68979,0.665744,-8.86258,1.05411,2.5516,-5.56184,-4.15306,-0.159517,-8.11236,9.06083,-7.8434,9.54111,-4.22396,-0.0949438,-7.5838,-3.72883,-1.34175,5.94228,8.22103,-4.83453,-1.44627,6.70137,5.3067,1.45929,-7.66984,8.64802
6.56326,-4.23387,5.68713,-7.70401,4.51116,4.18229,-5.68023,6.41775,0.978735,9.59155,8.59406,-7.59196,-7.98879,5.14189,2.03764,-6.98633,-5.71115,8.76679,-3.81926,7.04673,5.32648,3.17358,-2.43284,1.48836,7.23808,6.56454,4.34006,4.25817,6.17263,-5.97094,-1.38164,-3.23698,-0.240017,-5.78808,-8.96893,-8.64828,5.0009,7.01719,-5.113,-2.24026,2.54755,-9.96068,-5.73845,-0.113223,-9.38069,-4.54556,3.21627,1.69416,0.208717,-0.914315,-0.199567,8.63786,-4.1324,3.92025,6.70137,5.37262,1.53548,-6.39853,-4.85585,2.36239
-0.283327,-4.55045,6.87632,-0.924934,-0.203369,-2.83582,6.86089,8.45581,-7.83363,0.614936,-3.35048,7.86945,-7.53277,5.32993,6.43558,-2.21383,-5.12222,-3.49423,-3.0551,7.93801,-0.215831,-0.874892,9.02384,9.04925,-1.27438,-6.99962,8.49243,7.04682,-9.19036,1.76143,-8.66905,4.0869,9.63986,-0.967241,-9.05696,-0.167753,-4.32712,-8.05604,3.33931,9.22186,-4.08102,8.08817,2.62095,-0.627646,-0.104196,6.28521,-7.05359,1.81214,-7.06665,8.8802,3.9742,4.47529,2.93189,3.10337,5.3067,1.53548,-8.82992,7.29655,0.301531,-8.59011
8.29676,7.11571,-8.61919,-5.88361,-9.48596,-0.0668133,7.78846,-0.0402969,8.33705,-9.98416,-3.28126,6.51695,-0.706601,-3.30815,0.024468,-0.687475,8.52367,9.10071,1.90902,5.03957,-7.65797,-6.28502,-9.98008,1.4154,-7.78573,6.28238,-9.46342,-1.12499,-8.3971,-9.40916,4.62326,-1.28799,-1.35798,-0.0552973,-9.98816,-8.42723,5.95794,-6.7675,-5.15253,-9.62568,-3.16184,3.49946,6.64179,2.80314,3.07696,3.69032,7.41701,8.74878,4.61072,-4.54547,-7.06157,-5.26447,5.68118,4.92398,1.45929,-6.39853,7.29655,-1.3103,8.42866,-0.79448
-1.37919,2.89778,-5.58577,-2.36785,-3.81913,-0.68268,-5.1365,-8.36143,3.14934,-2.59037,-3.77504,-3.27537,4.48143,0.437579,-1.81281,7.42844,1.92335,-3.86771,9.34844,8.64661,-2.75332,-3.86143,-2.91245,-6.353,5.07519,-6.31524,-0.421492,-4.41292,-6.89215,6.47909,-2.63908,5.35595,9.38437,-0.450144,1.05745,-6.38295,7.18043,-8.56023,7.35548,1.34287,0.679886,7.17014,0.818923,4.32205,-0.500891,4.93841,0.226168,-8.61682,-0.787772,6.00194,3.08833,1.66907,-3.62092,-1.41488,-7.66984,-4.85585,0.301531,8.42866,4.78375,1.97647
2.80435,3.69594,-6.77143,-1.36158,4.15119,7.81803,1.99368,-0.383023,4.37389,4.24381,0.118361,4.81721,-4.20125,-6.11524,-3.60366,-3.03993,6.41997,1.14867,-9.74043,-8.88543,7.84706,-9.70496,-2.46416,-6.45075,9.81319,-4.07741,5.36133,-9.39686,-5.59526,7.42673,6.27705,-5.2261,-5.92952,5.66925,-3.33511,1.18309,0.918585,3.65011,8.92321,1.51419,-9.54255,2.93199,-6.25066,9.31875,-7.92167,-3.30874,-8.46174,2.21993,-9.70707,4.81816,-2.52543,-1.83206,2.33067,4.31103,8.64802,2.36239,-8.59011,-0.79448,1.97647,-1.0102
