9.19092,-3.09728,9.07799,3.54399,5.49492,4.78894,-2.15387,5.38533,1.95161,-7.38712,-2.8818,-4.48787,-8.35124,0.623339,-3.98061,9.56135,-3.28386,-0.237312,-7.01234,0.102052,7.76338,-8.94008,2.16204,0.100903,-1.72532,9.05803,3.15708,8.81535,-4.92431,4.50928,-0.953453,9.32508,-0.728699,-9.27394,-1.77738,-6.90294,-3.31412,9.88617,-0.534904,-1.39304,2.74461,7.01741,-0.401959,-4.84591,8.29342,-2.25541,-7.89593,-5.89921,8.83755,7.46,5.41743,-4.60753,8.68659,-7.3198,0.345674,-7.06731,-0.415244,-5.36959,5.12474,2.94955,1.34237
-3.09728,-4.45009,2.525,-1.72651,-8.05748,0.112012,-1.74756,-8.68951,5.03969,-4.37921,7.37998,-6.34481,-1.44727,-1.32152,9.97279,-7.80851,7.50265,-8.16943,0.244263,-0.0457648,-5.521,5.03939,-3.47965,-0.510298,-3.98208,9.61499,-7.66288,3.6379,-6.6571,8.67526,6.53321,4.45295,6.8491,6.05798,4.08986,-4.92639,-3.86168,4.19718,2.83696,4.90852,-0.806098,-2.80258,5.42585,0.0537446,-9.52577,-8.39602,1.24797,7.45488,4.96463,-1.83311,0.399042,-1.38543,5.65418,6.53668,-8.87273,8.50055,1.96652,6.60818,-3.72179,-4.46298,1.4191
9.07799,2.525,-1.88254,-2.12713,6.8385,-8.93703,3.38929,-5.8685,-6.18465,-5.93702,-9.85991,6.64571,-9.43245,1.10564,3.46456,4.49614,6.81585,4.70577,-8.3648,9.87152,8.81629,-5.74981,-0.409036,2.23248,-7.32351,4.12024,8.04364,-9.81519,-5.90849,-0.545298,5.61357,1.53002,-7.00493,7.28163,-3.43149,5.6172,4.589,-3.57961,-2.94218,-5.39375,1.71832,1.56241,-3.14706,1.8434,2.42873,-1.71659,9.05139,-2.62867,1.65606,6.53487,5.43569,2.67109,8.08739,-8.35832,-4.11778,-3.41304,-0.623927,-0.16514,-4.62613,0.987019,-5.24349
3.54399,-1.72651,-2.12713,-8.51285,6.89247,-0.278207,-0.424228,7.44861,-7.85048,-9.17683,2.90353,-8.40752,2.68508,6.53741,-7.29482,-0.523062,2.73385,-8.33404,-0.818497,5.50284,-4.51166,-6.06082,-3.29633,-6.95936,1.83564,8.50984,2.19075,8.69735,-8.10021,-5.56335,-7.46223,-4.97675,-4.09315,2.9303,0.456093,-9.28338,-5.58616,-0.138339,4.56039,-8.68005,3.08296,6.3886,-2.53192,3.41342,3.63288,-2.08774,-1.92695,0.648225,1.56435,7.25712,3.70909,7.59606,1.58238,2.74425,1.93856,-1.21345,5.54291,-2.87433,-1.04013,-6.31223,5.06959
5.49492,-8.05748,6.8385,6.89247,-1.03494,-6.52247,8.91194,3.99904,9.28204,-1.65419,-1.61614,-8.21253,-3.46713,-7.87953,1.1152,-1.67232,6.6291,2.95049,3.30862,7.25085,-5.27832,-2.74548,-6.39425,-9.85715,7.68738,-9.95688,-1.47092,0.299611,-4.48372,9.55985,2.70358,-2.48794,6.87438,-8.49456,-6.15394,-3.6417,8.62299,9.20541,-3.10647,-4.11638,1.44345,-0.261005,-6.66597,-4.69921,-1.9416,3.42995,9.70388,5.79351,-9.53699,0.538836,-7.03614,0.741276,9.07303,5.79566,-2.63249,9.15179,-0.881132,8.88855,-9.98226,-9.36909,9.2037
4.78894,0.112012,-8.93703,-0.278207,-6.52247,7.66093,-9.22998,1.65224,9.01285,-1.84194,-0.795404,5.02519,-1.45615,4.92238,4.11643,-4.33293,-3.98441,2.11823,2.33608,-8.861,-2.26181,2.14468,0.952962,0.606469,-6.90223,-4.09458,-4.96851,1.52267,2.37759,2.38385,-8.99767,-2.91489,8.96549,9.74897,8.10737,2.54322,9.25109,-0.592309,-9.7335,4.99674,-3.53892,-1.74575,5.58576,-1.63171,-5.30012,5.7487,-2.10466,-9.56326,2.0374,9.75623,-4.57113,1.99653,-6.63731,1.76398,-9.4999,-9.93122,-0.405446,-1.49573,-5.91913,-2.40455,1.84177
-2.15387,-1.74756,3.38929,-0.424228,8.91194,-9.22998,4.13591,-6.52971,1.43134,1.32761,-0.21086,-2.91674,-2.66182,3.49138,6.45878,-1.35325,-4.57811,3.30344,6.01752,-1.02345,5.39071,6.25861,8.68122,3.22452,-9.55192,8.13664,1.87041,5.30103,-0.986996,-6.22272,8.50575,8.87787,4.2946,-9.84397,-0.508635,6.41201,-7.78223,-5.85752,0.68688,5.92796,-6.97781,-0.423009,-7.11026,1.13712,6.71197,-9.01244,-2.73823,6.26612,0.372474,5.7254,3.32055,0.915969,4.4271,-4.9509,0.654453,8.65997,3.06251,-2.96741,7.89582,9.25638,0.973222
5.38533,-8.68951,-5.8685,7.44861,3.99904,1.65224,-6.52971,6.07664,0.713756,5.8519,-3.58147,9.49973,4.12333,3.23462,-9.9845,-2.16226,8.71774,-6.78776,-6.05747,-9.97589,-3.48537,3.18276,4.2419,6.65055,4.5379,1.56992,9.76074,-8.87695,-4.77679,1.06249,5.67958,4.90678,1.6594,4.23371,9.22865,-1.24284,3.00235,-1.23527,-8.01948,-8.66533,9.83888,-4.11413,9.21283,-5.07323,-3.41292,8.90045,8.15943,-4.12463,-6.88563,-9.04686,-3.28212,5.13117,-8.97308,9.92354,-6.66071,6.91681,6.7711,-7.45066,2.24542,5.34808,-5.74668
1.95161,5.03969,-6.18465,-7.85048,9.28204,9.01285,1.43134,0.713756,4.25545,1.79477,2.82228,8.71266,1.26803,-9.81084,4.04164,-1.80788,6.48518,1.74792,-5.7603,-1.25125,7.64907,9.30591,-4.31809,8.45126,-8.22658,9.51153,1.40819,9.76821,9.44175,6.89412,-4.55169,2.24359,9.0616,-2.31469,6.41841,-8.49187,3.40972,-0.0871421,2.74892,-3.33477,-9.86918,9.62442,4.07295,3.05064,-0.655268,-4.87108,-9.94058,2.00538,0.906193,1.7375,-1.80146,7.61192,-2.1879,9.37807,6.87075,-8.89887,-1.98234,7.27467,-3.82167,-4.68892,-3.95946
-7.38712,-4.37921,-5.93702,-9.17683,-1.65419,-1.84194,1.32761,5.8519,1.79477,9.70834,3.8904,-5.61559,5.74254,-7.46287,-4.13131,9.6641,-4.65493,1.00132,1.45135,-9.75203,-6.67612,-8.08166,9.00405,0.0663528,2.94072,9.40851,9.61248,-5.21942,-4.82166,-7.86888,-4.86223,-7.92837,5.13067,-4.86562,-4.85819,9.83307,-4.55184,6.33855,4.18906,9.5719,-5.34786,8.43503,2.33463,-6.63042,1.7432,-1.58243,3.19039,-4.85943,1.38465,1.82468,-4.64001,7.88862,-6.41106,1.77711,-9.03012,-3.3826,-5.68887,-3.19612,9.72855,-4.57883,-1.09542
-2.8818,7.37998,-9.85991,2.90353,-1.61614,-0.795404,-0.21086,-3.58147,2.82228,3.8904,1.12864,8.32852,-9.11612,-9.5493,-0.603901,-7.25186,3.89277,-6.59418,-9.45553,0.189248,9.47832,-0.0574205,6.94862,-8.02736,-8.48545,-7.53881,-4.3928,2.08483,-1.78027,0.291605,-1.5324,-4.62044,7.67142,7.91849,-2.76447,3.70711,-7.48868,2.69843,8.00372,-0.00799244,7.23606,-9.33186,2.0764,7.72374,6.39548,-6.16723,-2.72568,-1.10717,-8.60299,7.73375,-6.44441,-2.16771,8.60032,-1.76445,-5.60957,-5.07418,-3.17467,8.73527,3.38092,-1.61171,-4.96558
-4.48787,-6.34481,6.64571,-8.40752,-8.21253,5.02519,-2.91674,9.49973,8.71266,-5.61559,8.32852,1.8922,-2.35074,0.219694,6.71144,4.34558,-5.81826,-2.145,0.988471,-0.0463968,-5.32737,-6.37975,4.3198,-3.7638,2.63176,-6.26919,7.08429,6.16666,-1.93476,-9.69096,-4.41654,9.95878,2.91458,-0.707055,-4.89708,4.26948,9.60935,-5.78035,1.33601,0.484856,9.69356,6.78978,-6.59859,2.98776,-6.90737,4.44704,1.57181,-0.188357,-6.60347,-0.363621,9.00057,-7.6503,9.69398,5.11812,0.592049,-3.53732,1.67437,9.1182,-7.20315,4.15523,-7.52089
-8.35124,-1.44727,-9.43245,2.68508,-3.46713,-1.45615,-2.66182,4.12333,1.26803,5.74254,-9.11612,-2.35074,0.848363,-2.68418,8.96341,1.62189,-9.52819,-4.48384,-8.55039,7.7748,-8.67204,0.468516,9.70293,-3.83163,6.95255,-2.99032,-0.204082,-2.34764,-5.62439,7.23546,-4.50803,4.67712,1.43047,-9.02086,8.23487,3.16686,-2.64595,5.50301,-5.73944,-2.55634,2.07368,8.22426,6.75964,7.59458,5.18719,9.35495,0.104454,-9.65508,7.85259,6.97181,3.32999,-1.0919,-9.25088,0.316173,9.25396,4.83581,6.37664,0.500646,-3.60321,-1.14192,7.68547
0.623339,-1.32152,1.10564,6.53741,-7.87953,4.92238,3.49138,3.23462,-9.81084,-7.46287,-9.5493,0.219694,-2.68418,6.30584,-6.60856,-5.26928,-5.16315,9.17985,1.74576,-6.90762,9.08105,-2.6085,2.21418,-8.62208,3.64393,1.72901,5.83011,-2.10452,-5.67251,-7.80556,-0.15795,-7.14047,-7.00252,-3.09009,4.65809,9.82315,-5.85581,3.84826,-2.81179,6.20637,6.37179,-1.54158,1.01442,-3.04589,4.55964,8.03156,4.57382,4.59573,4.17616,2.10462,-5.84395,-3.39769,-3.03705,-0.424348,8.31769,-0.683382,-1.00195,-3.71137,8.21457,-3.9257,-6.39868
-3.98061,9.97279,3.46456,-7.29482,1.1152,4.11643,6.45878,-9.9845,4.04164,-4.13131,-0.603901,6.71144,8.96341,-6.60856,-4.92376,-3.03009,-3.16493,-7.6543,-3.95888,5.21435,9.42728,0.864756,1.10179,-1.76021,1.64905,-1.15092,-5.54514,-1.16889,-6.3298,-8.22362,3.09561,1.17303,-2.40975,5.11394,-8.75349,3.03614,-6.23426,-2.38659,-4.78745,0.303724,9.79891,-1.65474,-6.53104,-1.41951,-9.99247,7.75363,7.66769,6.23311,7.76373,2.58057,-0.103729,7.42511,3.67126,2.22016,-4.28252,1.60552,3.44964,7.91513,2.87911,6.96859,-4.80877
9.56135,-7.80851,4.49614,-0.523062,-1.67232,-4.33293,-1.35325,-2.16226,-1.80788,9.6641,-7.25186,4.34558,1.62189,-5.26928,-3.03009,8.62324,4.32412,-8.24084,9.8165,8.33882,-7.67734,-0.418369,-9.58684,-7.06211,-8.62032,-3.94357,3.3458,9.78078,-2.13402,-6.98773,-6.43933,-7.83112,2.13036,2.04084,1.64383,-6.52076,6.08494,6.09649,-3.03602,1.26164,3.99262,6.9537,7.65951,-4.89136,-7.72956,7.27138,7.76562,-4.42816,-5.21408,-1.10814,9.16705,9.88722,-6.5902,9.3834,1.45848,6.54599,3.97582,-2.34443,-4.14724,8.64091,-6.63028
-3.28386,7.50265,6.81585,2.73385,6.6291,-3.98441,-4.57811,8.71774,6.48518,-4.65493,3.89277,-5.81826,-9.52819,-5.16315,-3.16493,4.32412,2.32364,3.05455,-4.21337,-5.86433,-8.09221,-5.93582,-1.56424,7.0256,7.40264,3.79225,2.65878,-3.84305,4.29006,6.02125,6.31565,1.96518,2.61455,-9.27015,-0.333506,4.81037,-6.4034,2.75458,-2.53471,8.94058,0.761666,1.75673,-9.81692,7.13336,0.0525187,-9.40001,-3.26834,-8.79365,7.47488,2.99499,-3.21834,-5.36077,1.19715,-7.66468,-5.17657,5.53617,7.68588,5.2955,-5.04017,4.51526,-9.39959
-0.237312,-8.16943,4.70577,-8.33404,2.95049,2.11823,3.30344,-6.78776,1.74792,1.00132,-6.59418,-2.145,-4.48384,9.17985,-7.6543,-8.24084,3.05455,5.59722,3.81942,-9.06012,-8.72022,7.28036,-1.78119,-2.36988,0.532841,9.32734,-6.63107,-7.77675,7.02564,-6.60742,9.95932,-2.09315,9.62995,6.98983,-5.48937,0.137918,9.80707,2.28226,-8.94543,7.30813,7.2398,7.60323,-3.67767,9.01463,-7.04932,7.48791,2.41177,-9.47007,-6.50771,-8.15864,3.4951,-7.06447,8.1455,-8.40547,6.43927,-9.93134,1.13268,5.37739,-5.21215,6.61727,-3.25357
-7.01234,0.244263,-8.3648,-0.818497,3.30862,2.33608,6.01752,-6.05747,-5.7603,1.45135,-9.45553,0.988471,-8.55039,1.74576,-3.95888,9.8165,-4.21337,3.81942,-9.95949,8.11288,7.78374,-8.28973,9.71663,4.84491,-3.54134,4.81461,3.02272,7.46243,3.96088,4.33413,2.77024,-0.875551,-1.95545,-8.4126,8.80535,7.54792,1.76908,1.20773,3.57649,6.46786,2.34859,-2.2635,8.36315,-7.24605,6.64925,5.40509,8.92731,-6.73529,-5.17845,7.89078,-9.03173,-7.43239,5.08674,6.80866,9.96673,4.13117,-9.9261,-7.82336,-5.69414,-0.426371,3.65912
0.102052,-0.0457648,9.87152,5.50284,7.25085,-8.861,-1.02345,-9.97589,-1.25125,-9.75203,0.189248,-0.0463968,7.7748,-6.90762,5.21435,8.33882,-5.86433,-9.06012,8.11288,-8.22575,-2.97049,2.16655,3.64322,2.14901,-8.78298,-8.772,1.11722,9.24107,-6.91754,-3.07142,-7.85793,-9.48126,8.91098,3.32873,-7.20445,-4.39987,6.15895,2.6269,0.0944482,5.66676,-6.34107,6.17238,-1.2414,6.91866,8.14669,5.38576,8.2214,-7.48213,-3.21204,0.254219,3.30029,6.26112,5.02547,-3.154,-9.97607,-8.39354,3.58,6.80922,-3.35848,-8.85952,2.13005
7.76338,-5.521,8.81629,-4.51166,-5.27832,-2.26181,5.39071,-3.48537,7.64907,-6.67612,9.47832,-5.32737,-8.67204,9.08105,9.42728,-7.67734,-8.09221,-8.72022,7.78374,-2.97049,0.141836,6.14153,-1.12703,-1.04225,-7.94941,-8.6946,-0.0733088,-8.84083,-6.44732,4.04861,6.79955,9.45929,9.34006,-1.57667,-0.181509,8.39025,-2.5656,5.35981,-4.67002,1.82081,6.99944,-1.26445,9.92951,5.82823,-8.32357,0.174237,-8.50812,2.28256,1.83073,-3.21203,-3.17491,3.05998,0.0242743,4.45352,-4.84482,-2.38397,0.752345,-5.87907,9.24594,5.58302,-6.1197
-8.94008,5.03939,-5.74981,-6.06082,-2.74548,2.14468,6.25861,3.18276,9.30591,-8.08166,-0.0574205,-6.37975,0.468516,-2.6085,0.864756,-0.418369,-5.93582,7.28036,-8.28973,2.16655,6.14153,-0.152704,-7.84027,7.86716,-5.55405,9.79676,-9.52575,-4.91173,-9.18161,8.58141,2.33638,-2.29215,-2.48841,6.16409,-9.23497,4.45785,-0.970248,8.13814,8.62871,3.08451,-5.36193,8.30483,7.68817,9.63248,1.98122,-4.09741,8.76689,-6.5684,1.60343,7.07323,2.53461,-9.97033,-4.00391,3.66723,0.5024,4.85608,-4.62975,5.91043,-3.70672,1.68792,0.900235
2.16204,-3.47965,-0.409036,-3.29633,-6.39425,0.952962,8.68122,4.2419,-4.31809,9.00405,6.94862,4.3198,9.70293,2.21418,1.10179,-9.58684,-1.56424,-1.78119,9.71663,3.64322,-1.12703,-7.84027,-2.29863,7.84789,-4.03023,-8.31914,2.70031,1.85056,-9.37159,-1.62299,2.20993,-1.6881,-5.09002,6.50367,-2.99959,2.47897,2.64647,-1.99155,4.60387,-1.17429,8.94012,1.3744,2.46542,-0.39228,0.690929,6.57266,4.03816,6.04515,-1.75778,9.66263,-3.25588,-6.49723,3.33607,8.10601,-6.61004,4.4607,-7.842,4.7227,-0.679626,-6.62485,9.92436
0.100903,-0.510298,2.23248,-6.95936,-9.85715,0.606469,3.22452,6.65055,8.45126,0.0663528,-8.02736,-3.7638,-3.83163,-8.62208,-1.76021,-7.06211,7.0256,-2.36988,4.84491,2.14901,-1.04225,7.86716,7.84789,-8.29523,0.588767,-8.90784,-5.50306,-4.08087,3.60073,8.40544,0.383515,-5.51835,3.10651,6.18399,0.0995026,3.66196,-7.82717,-4.35022,0.388724,-1.22431,1.06919,9.73538,-0.98134,3.92079,1.48288,9.48445,-8.62117,-6.36823,2.26532,-5.27671,-7.53446,-3.91196,-0.039229,-0.438565,7.46313,6.54882,6.91923,-1.56898,8.00597,-5.20218,3.7076
-1.72532,-3.98208,-7.32351,1.83564,7.68738,-6.90223,-9.55192,4.5379,-8.22658,2.94072,-8.48545,2.63176,6.95255,3.64393,1.64905,-8.62032,7.40264,0.532841,-3.54134,-8.78298,-7.94941,-5.55405,-4.03023,0.588767,1.15359,7.99148,-3.49317,-1.88365,3.82939,-1.12325,5.95648,2.73432,8.47842,8.87798,-3.8713,2.6334,-1.52804,-0.446263,5.82736,-4.4107,7.89963,-8.55723,8.26071,-0.0199333,7.88607,7.21366,-4.36978,-4.16605,3.13524,-4.04607,-6.78334,9.38117,-8.9709,-5.12365,-4.71787,3.70325,6.81082,-8.7756,1.53938,6.64793,4.58146
9.05803,9.61499,4.12024,8.50984,-9.95688,-4.09458,8.13664,1.56992,9.51153,9.40851,-7.53881,-6.26919,-2.99032,1.72901,-1.15092,-3.94357,3.79225,9.32734,4.81461,-8.772,-8.6946,9.79676,-8.31914,-8.90784,7.99148,-1.66493,-2.93774,5.1327,3.10203,-6.49084,4.64935,-2.89582,1.04808,-5.10152,4.59022,-8.08081,8.44995,2.82488,-5.97937,5.99932,4.6055,-4.95284,-2.27191,0.219597,1.822,-8.3046,-9.70572,5.97909,-3.89152,-1.5682,4.49525,-3.85453,-8.88247,-1.20457,8.02151,-8.42676,7.99061,6.16676,-5.39388,8.7519,3.5771
3.15708,-7.66288,8.04364,2.19075,-1.47092,-4.96851,1.87041,9.76074,1.40819,9.61248,-4.3928,7.08429,-0.204082,5.83011,-5.54514,3.3458,2.65878,-6.63107,3.02272,1.11722,-0.0733088,-9.52575,2.70031,-5.50306,-3.49317,-2.93774,-7.69486,-1.54288,9.95894,-7.23778,-6.42331,1.91537,-3.84221,-7.34806,-4.45822,0.0963171,1.57252,2.83443,9.77057,7.31589,7.06751,-7.36491,-9.86627,-9.94387,-4.63657,-5.29121,-7.49327,-6.88865,6.31472,7.93452,-8.73157,-6.56175,-7.95006,-0.452807,5.42113,6.23048,2.37063,8.34014,4.33199,7.48338,6.98296
8.81535,3.6379,-9.81519,8.69735,0.299611,1.52267,5.30103,-8.87695,9.76821,-5.21942,2.08483,6.16666,-2.34764,-2.10452,-1.16889,9.78078,-3.84305,-7.77675,7.46243,9.24107,-8.84083,-4.91173,1.85056,-4.08087,-1.88365,5.1327,-1.54288,-3.43458,-0.848042,1.76726,-9.25198,-9.61006,-5.72749,-6.8412,-3.33942,-5.69399,-9.39491,1.7875,-1.28448,-4.95255,-2.01083,7.86104,-8.78187,-8.79256,-5.16256,-2.38574,-8.91567,-1.8346,-7.3139,0.779967,-1.20763,-5.65209,7.27229,-6.44574,-5.3686,-2.86774,-3.63589,0.592152,4.86034,-1.76286,2.77286
-4.92431,-6.6571,-5.90849,-8.10021,-4.48372,2.37759,-0.986996,-4.77679,9.44175,-4.82166,-1.78027,-1.93476,-5.62439,-5.67251,-6.3298,-2.13402,4.29006,7.02564,3.96088,-6.91754,-6.44732,-9.18161,-9.37159,3.60073,3.82939,3.10203,9.95894,-0.848042,8.957,9.79807,-3.22237,3.76469,-9.71975,0.641279,-8.0666,-2.71578,-8.54549,-8.06793,6.86796,9.15709,0.0234109,1.03386,9.21349,-1.23355,-6.63749,2.65247,3.96812,-3.10942,6.63342,-1.21988,-7.56151,6.05718,7.9175,-7.31161,6.32628,-2.45114,-2.84886,0.126114,6.16494,-5.93032,-6.4957
4.50928,8.67526,-0.545298,-5.56335,9.55985,2.38385,-6.22272,1.06249,6.89412,-7.86888,0.291605,-9.69096,7.23546,-7.80556,-8.22362,-6.98773,6.02125,-6.60742,4.33413,-3.07142,4.04861,8.58141,-1.62299,8.40544,-1.12325,-6.49084,-7.23778,1.76726,9.79807,-7.07504,-4.41656,9.59448,-3.21966,8.50239,6.78715,-7.06126,-0.0334122,9.17659,2.63206,-4.5911,-8.94882,8.26261,4.3887,8.46903,-4.28284,0.455824,-5.59792,0.421375,-8.11532,-6.41364,5.4113,-2.99391,-5.57862,1.94772,3.33925,-6.44749,-8.79728,7.97107,1.24592,-5.93985,1.24476
-0.953453,6.53321,5.61357,-7.46223,2.70358,-8.99767,8.50575,5.67958,-4.55169,-4.86223,-1.5324,-4.41654,-4.50803,-0.15795,3.09561,-6.43933,6.31565,9.95932,2.77024,-7.85793,6.79955,2.33638,2.20993,0.383515,5.95648,4.64935,-6.42331,-9.25198,-3.22237,-4.41656,9.40633,4.88306,4.48364,5.88575,-9.499,-1.16631,-0.634079,3.01709,3.87201,3.96615,1.05704,1.7407,9.02588,1.7708,9.51738,-7.29475,-7.30918,-9.71496,-2.54132,-0.105536,-8.24057,4.83958,-8.99253,-0.204341,8.67008,5.3945,4.93326,9.05488,-5.19062,-5.23254,5.83892
9.32508,4.45295,1.53002,-4.97675,-2.48794,-2.91489,8.87787,4.90678,2.24359,-7.92837,-4.62044,9.95878,4.67712,-7.14047,1.17303,-7.83112,1.96518,-2.09315,-0.875551,-9.48126,9.45929,-2.29215,-1.6881,-5.51835,2.73432,-2.89582,1.91537,-9.61006,3.76469,9.59448,4.88306,-4.46702,4.43067,-2.30353,0.69804,-9.7292,-6.15529,7.13329,8.94351,-6.6945,6.11628,1.72479,-9.30177,-5.62077,0.511356,-9.89786,9.94014,5.35233,-8.43993,-5.88571,6.53767,-8.28081,2.55802,8.78347,-4.09718,-1.58745,-7.82799,-6.21931,4.54005,4.12911,4.96491
-0.728699,6.8491,-7.00493,-4.09315,6.87438,8.96549,4.2946,1.6594,9.0616,5.13067,7.67142,2.91458,1.43047,-7.00252,-2.40975,2.13036,2.61455,9.62995,-1.95545,8.91098,9.34006,-2.48841,-5.09002,3.10651,8.47842,1.04808,-3.84221,-5.72749,-9.71975,-3.21966,4.48364,4.43067,-6.99298,-8.86305,6.38086,6.84118,-5.29969,8.58521,1.92012,4.35271,-0.920657,-6.33547,0.720534,4.59028,-2.61103,-2.03364,-6.47309,-3.68088,4.50532,-0.683016,6.19789,-4.90573,1.6307,2.14614,-4.69252,7.8499,8.26918,-5.03992,4.90673,-1.97135,0.617465
-9.27394,6.05798,7.28163,2.9303,-8.49456,9.74897,-9.84397,4.23371,-2.31469,-4.86562,7.91849,-0.707055,-9.02086,-3.09009,5.11394,2.04084,-9.27015,6.98983,-8.4126,3.32873,-1.57667,6.16409,6.50367,6.18399,8.87798,-5.10152,-7.34806,-6.8412,0.641279,8.50239,5.88575,-2.30353,-8.86305,5.23338,-5.86466,3.59485,-5.50251,0.159724,-6.91214,-5.45087,4.92269,6.61644,6.80888,4.07443,3.62085,0.819127,1.72599,1.95368,-6.97287,6.40456,-5.7255,-8.65416,6.24415,-5.51741,-6.10129,-3.66323,-0.873989,3.90186,1.87239,-8.95019,6.57499
-1.77738,4.08986,-3.43149,0.456093,-6.15394,8.10737,-0.508635,9.22865,6.41841,-4.85819,-2.76447,-4.89708,8.23487,4.65809,-8.75349,1.64383,-0.333506,-5.48937,8.80535,-7.20445,-0.181509,-9.23497,-2.99959,0.0995026,-3.8713,4.59022,-4.45822,-3.33942,-8.0666,6.78715,-9.499,0.69804,6.38086,-5.86466,3.38908,-5.90104,5.45257,6.27224,-3.15028,-5.58088,-1.62475,0.860931,9.34587,9.28967,9.33646,2.93233,4.0347,5.81658,5.82451,4.90695,7.65839,8.95081,-2.13258,9.30702,-4.75762,4.12958,7.64646,9.39491,5.06016,3.43854,5.47531
-6.90294,-4.92639,5.6172,-9.28338,-3.6417,2.54322,6.41201,-1.24284,-8.49187,9.83307,3.70711,4.26948,3.16686,9.82315,3.03614,-6.52076,4.81037,0.137918,7.54792,-4.39987,8.39025,4.45785,2.47897,3.66196,2.6334,-8.08081,0.0963171,-5.69399,-2.71578,-7.06126,-1.16631,-9.7292,6.84118,3.59485,-5.90104,-8.94337,7.87338,2.82822,-9.35729,-6.89355,9.25827,-7.87131,0.190238,-1.4442,5.96496,-4.2506,-4.95052,-2.38328,4.91668,9.05451,-8.03013,-8.55497,-3.65705,9.58801,-6.6878,-6.87731,2.17801,0.432482,0.741516,8.41788,-4.01382
-3.31412,-3.86168,4.589,-5.58616,8.62299,9.25109,-7.78223,3.00235,3.40972,-4.55184,-7.48868,9.60935,-2.64595,-5.85581,-6.23426,6.08494,-6.4034,9.80707,1.76908,6.15895,-2.5656,-0.970248,2.64647,-7.82717,-1.52804,8.44995,1.57252,-9.39491,-8.54549,-0.0334122,-0.634079,-6.15529,-5.29969,-5.50251,5.45257,7.87338,9.38171,-8.2306,-8.64704,2.81783,3.90341,-0.478756,-6.63347,5.85451,-4.80552,1.15412,-4.60399,3.52402,-3.48795,1.03946,-3.39624,7.83514,-3.06396,-3.84431,-2.03268,-9.39435,3.96986,7.86943,2.00705,6.67197,3.47166
9.88617,4.19718,-3.57961,-0.138339,9.20541,-0.592309,-5.85752,-1.23527,-0.0871421,6.33855,2.69843,-5.78035,5.50301,3.84826,-2.38659,6.09649,2.75458,2.28226,1.20773,2.6269,5.35981,8.13814,-1.99155,-4.35022,-0.446263,2.82488,2.83443,1.7875,-8.06793,9.17659,3.01709,7.13329,8.58521,0.159724,6.27224,2.82822,-8.2306,2.4792,2.78807,-8.38956,6.27152,1.24932,-0.973466,7.28595,-0.869079,-5.91593,-2.06144,9.89381,0.98639,-8.20338,-7.46992,-2.33019,0.772239,1.05013,-7.34783,-6.10489,-8.40711,-4.56615,9.86729,-8.08626,8.57179
-0.534904,2.83696,-2.94218,4.56039,-3.10647,-9.7335,0.68688,-8.01948,2.74892,4.18906,8.00372,1.33601,-5.73944,-2.81179,-4.78745,-3.03602,-2.53471,-8.94543,3.57649,0.0944482,-4.67002,8.62871,4.60387,0.388724,5.82736,-5.97937,9.77057,-1.28448,6.86796,2.63206,3.87201,8.94351,1.92012,-6.91214,-3.15028,-9.35729,-8.64704,2.78807,3.02075,-8.17967,3.36254,6.35137,-1.26504,-0.885497,-3.40978,-7.97712,-1.87095,9.13457,9.74964,9.56462,-4.12797,-5.02332,-0.161094,2.40214,7.20335,-7.52007,4.30086,2.09373,-8.0508,-5.02733,7.2145
-1.39304,4.90852,-5.39375,-8.68005,-4.11638,4.99674,5.92796,-8.66533,-3.33477,9.5719,-0.00799244,0.484856,-2.55634,6.20637,0.303724,1.26164,8.94058,7.30813,6.46786,5.66676,1.82081,3.08451,-1.17429,-1.22431,-4.4107,5.99932,7.31589,-4.95255,9.15709,-4.5911,3.96615,-6.6945,4.35271,-5.45087,-5.58088,-6.89355,2.81783,-8.38956,-8.17967,-1.24643,6.55947,-5.67911,-4.89289,6.16537,9.501,2.12239,8.09173,3.59158,5.60774,4.61814,9.52943,1.88646,-4.3868,-2.69725,-0.337341,0.439858,-2.17029,-6.92001,8.80439,8.9899,6.54755
2.74461,-0.806098,1.71832,3.08296,1.44345,-3.53892,-6.97781,9.83888,-9.86918,-5.34786,7.23606,9.69356,2.07368,6.37179,9.79891,3.99262,0.761666,7.2398,2.34859,-6.34107,6.99944,-5.36193,8.94012,1.06919,7.89963,4.6055,7.06751,-2.01083,0.0234109,-8.94882,1.05704,6.11628,-0.920657,4.92269,-1.62475,9.25827,3.90341,6.27152,3.36254,6.55947,-6.23315,5.05023,-0.839173,-1.51989,6.16756,-1.67422,0.957079,-4.14904,-4.53533,2.34256,-2.89647,8.91894,8.17381,5.98555,-5.24587,-6.32527,2.3447,-1.38217,9.28364,2.0189,-2.79458
7.01741,-2.80258,1.56241,6.3886,-0.261005,-1.74575,-0.423009,-4.11413,9.62442,8.43503,-9.33186,6.78978,8.22426,-1.54158,-1.65474,6.9537,1.75673,7.60323,-2.2635,6.17238,-1.26445,8.30483,1.3744,9.73538,-8.55723,-4.95284,-7.36491,7.86104,1.03386,8.26261,1.7407,1.72479,-6.33547,6.61644,0.860931,-7.87131,-0.478756,1.24932,6.35137,-5.67911,5.05023,-7.58573,-1.48382,9.32344,1.71304,-5.37199,9.08337,-0.165901,-4.92007,-6.15855,-3.04029,-5.79728,5.34119,-7.31451,-2.05844,-0.410372,6.0609,-0.0789213,-5.72737,7.61392,0.0978931
-0.401959,5.42585,-3.14706,-2.53192,-6.66597,5.58576,-7.11026,9.21283,4.07295,2.33463,2.0764,-6.59859,6.75964,1.01442,-6.53104,7.65951,-9.81692,-3.67767,8.36315,-1.2414,9.92951,7.68817,2.46542,-0.98134,8.26071,-2.27191,-9.86627,-8.78187,9.21349,4.3887,9.02588,-9.30177,0.720534,6.80888,9.34587,0.190238,-6.63347,-0.973466,-1.26504,-4.89289,-0.839173,-1.48382,2.21522,-8.23806,4.07037,2.52899,3.67227,-9.37056,-4.28012,3.17787,-5.44185,-8.28419,-1.79472,5.5509,1.00711,6.64483,-8.35205,0.752106,-3.08996,-2.37847,-2.38133
-4.84591,0.0537446,1.8434,3.41342,-4.69921,-1.63171,1.13712,-5.07323,3.05064,-6.63042,7.72374,2.98776,7.59458,-3.04589,-1.41951,-4.89136,7.13336,9.01463,-7.24605,6.91866,5.82823,9.63248,-0.39228,3.92079,-0.0199333,0.219597,-9.94387,-8.79256,-1.23355,8.46903,1.7708,-5.62077,4.59028,4.07443,9.28967,-1.4442,5.85451,7.28595,-0.885497,6.16537,-1.51989,9.32344,-8.23806,2.51159,9.25905,8.6196,6.80567,1.77797,2.09073,-1.7004,-5.90141,-1.9225,-9.82868,0.743554,3.00504,-9.26675,0.24483,1.50811,-2.44767,-6.92453,7.02526
8.29342,-9.52577,2.42873,3.63288,-1.9416,-5.30012,6.71197,-3.41292,-0.655268,1.7432,6.39548,-6.90737,5.18719,4.55964,-9.99247,-7.72956,0.0525187,-7.04932,6.64925,8.14669,-8.32357,1.98122,0.690929,1.48288,7.88607,1.822,-4.63657,-5.16256,-6.63749,-4.28284,9.51738,0.511356,-2.61103,3.62085,9.33646,5.96496,-4.80552,-0.869079,-3.40978,9.501,6.16756,1.71304,4.07037,9.25905,8.25444,3.87817,9.19549,-2.1146,-3.30578,5.13425,-9.39751,-4.78461,7.76562,-2.37656,3.35151,6.91692,5.49762,-1.14414,-4.37098,-2.43864,6.34437
-2.25541,-8.39602,-1.71659,-2.08774,3.42995,5.7487,-9.01244,8.90045,-4.87108,-1.58243,-6.16723,4.44704,9.35495,8.03156,7.75363,7.27138,-9.40001,7.48791,5.40509,5.38576,0.174237,-4.09741,6.57266,9.48445,7.21366,-8.3046,-5.29121,-2.38574,2.65247,0.455824,-7.29475,-9.89786,-2.03364,0.819127,2.93233,-4.2506,1.15412,-5.91593,-7.97712,2.12239,-1.67422,-5.37199,2.52899,8.6196,3.87817,-4.61737,8.97752,-0.21185,-7.58272,-0.597831,9.22244,5.73022,7.82094,-3.90986,3.38306,-2.37224,8.86184,5.5991,3.44654,0.767489,1.82309
-7.89593,1.24797,9.05139,-1.92695,9.70388,-2.10466,-2.73823,8.15943,-9.94058,3.19039,-2.72568,1.57181,0.104454,4.57382,7.66769,7.76562,-3.26834,2.41177,8.92731,8.2214,-8.50812,8.76689,4.03816,-8.62117,-4.36978,-9.70572,-7.49327,-8.91567,3.96812,-5.59792,-7.30918,9.94014,-6.47309,1.72599,4.0347,-4.95052,-4.60399,-2.06144,-1.87095,8.09173,0.957079,9.08337,3.67227,6.80567,9.19549,8.97752,5.77193,0.581265,-7.23584,2.4408,7.67578,7.45281,0.751027,-5.30024,-3.07669,-2.65521,3.10504,-4.58206,-7.5969,-8.67316,7.01644
-5.89921,7.45488,-2.62867,0.648225,5.79351,-9.56326,6.26612,-4.12463,2.00538,-4.85943,-1.10717,-0.188357,-9.65508,4.59573,6.23311,-4.42816,-8.79365,-9.47007,-6.73529,-7.48213,2.28256,-6.5684,6.04515,-6.36823,-4.16605,5.97909,-6.88865,-1.8346,-3.10942,0.421375,-9.71496,5.35233,-3.68088,1.95368,5.81658,-2.38328,3.52402,9.89381,9.13457,3.59158,-4.14904,-0.165901,-9.37056,1.77797,-2.1146,-0.21185,0.581265,-5.00876,4.4835,9.78006,2.4259,-6.42662,-2.97432,-1.77389,8.863,-6.691,7.41141,-5.2893,-1.85657,-0.953775,1.646
8.83755,4.96463,1.65606,1.56435,-9.53699,2.0374,0.372474,-6.88563,0.906193,1.38465,-8.60299,-6.60347,7.85259,4.17616,7.76373,-5.21408,7.47488,-6.50771,-5.17845,-3.21204,1.83073,1.60343,-1.75778,2.26532,3.13524,-3.89152,6.31472,-7.3139,6.63342,-8.11532,-2.54132,-8.43993,4.50532,-6.97287,5.82451,4.91668,-3.48795,0.98639,9.74964,5.60774,-4.53533,-4.92007,-4.28012,2.09073,-3.30578,-7.58272,-7.23584,4.4835,-3.08656,-0.830728,3.08915,2.08547,-0.619842,7.52442,9.12664,3.06602,-0.337027,-2.29484,-0.0880554,4.53391,-7.55844
7.46,-1.83311,6.53487,7.25712,0.538836,9.75623,5.7254,-9.04686,1.7375,1.82468,7.73375,-0.363621,6.97181,2.10462,2.58057,-1.10814,2.99499,-8.15864,7.89078,0.254219,-3.21203,7.07323,9.66263,-5.27671,-4.04607,-1.5682,7.93452,0.779967,-1.21988,-6.41364,-0.105536,-5.88571,-0.683016,6.40456,4.90695,9.05451,1.03946,-8.20338,9.56462,4.61814,2.34256,-6.15855,3.17787,-1.7004,5.13425,-0.597831,2.4408,9.78006,-0.830728,-1.6671,0.277698,-1.62109,-4.2072,-4.06064,0.573633,-7.30696,-0.258252,6.31314,-9.61115,6.84096,7.26517
5.41743,0.399042,5.43569,3.70909,-7.03614,-4.57113,3.32055,-3.28212,-1.80146,-4.64001,-6.44441,9.00057,3.32999,-5.84395,-0.103729,9.16705,-3.21834,3.4951,-9.03173,3.30029,-3.17491,2.53461,-3.25588,-7.53446,-6.78334,4.49525,-8.73157,-1.20763,-7.56151,5.4113,-8.24057,6.53767,6.19789,-5.7255,7.65839,-8.03013,-3.39624,-7.46992,-4.12797,9.52943,-2.89647,-3.04029,-5.44185,-5.90141,-9.39751,9.22244,7.67578,2.4259,3.08915,0.277698,7.20599,8.83103,8.38806,-0.811359,8.45476,-7.57139,7.86641,-0.946111,-9.01036,-8.20235,-0.660898
-4.60753,-1.38543,2.67109,7.59606,0.741276,1.99653,0.915969,5.13117,7.61192,7.88862,-2.16771,-7.6503,-1.0919,-3.39769,7.42511,9.88722,-5.36077,-7.06447,-7.43239,6.26112,3.05998,-9.97033,-6.49723,-3.91196,9.38117,-3.85453,-6.56175,-5.65209,6.05718,-2.99391,4.83958,-8.28081,-4.90573,-8.65416,8.95081,-8.55497,7.83514,-2.33019,-5.02332,1.88646,8.91894,-5.79728,-8.28419,-1.9225,-4.78461,5.73022,7.45281,-6.42662,2.08547,-1.62109,8.83103,-0.280186,6.00698,7.74051,-3.91181,-2.35738,0.708011,9.33244,-6.5861,-7.44334,8.03151
8.68659,5.65418,8.08739,1.58238,9.07303,-6.63731,4.4271,-8.97308,-2.1879,-6.41106,8.60032,9.69398,-9.25088,-3.03705,3.67126,-6.5902,1.19715,8.1455,5.08674,5.02547,0.0242743,-4.00391,3.33607,-0.039229,-8.9709,-8.88247,-7.95006,7.27229,7.9175,-5.57862,-8.99253,2.55802,1.6307,6.24415,-2.13258,-3.65705,-3.06396,0.772239,-0.161094,-4.3868,8.17381,5.34119,-1.79472,-9.82868,7.76562,7.82094,0.751027,-2.97432,-0.619842,-4.2072,8.38806,6.00698,-9.47476,4.94171,-0.0496415,-2.0128,-7.86644,1.88524,4.77476,-8.46197,8.79499
-7.3198,6.53668,-8.35832,2.74425,5.79566,1.76398,-4.9509,9.92354,9.37807,1.77711,-1.76445,5.11812,0.316173,-0.424348,2.22016,9.3834,-7.66468,-8.40547,6.80866,-3.154,4.45352,3.66723,8.10601,-0.438565,-5.12365,-1.20457,-0.452807,-6.44574,-7.31161,1.94772,-0.204341,8.78347,2.14614,-5.51741,9.30702,9.58801,-3.84431,1.05013,2.40214,-2.69725,5.98555,-7.31451,5.5509,0.743554,-2.37656,-3.90986,-5.30024,-1.77389,7.52442,-4.06064,-0.811359,7.74051,4.94171,-6.07419,-6.79383,4.20612,7.41809,6.94541,-6.2666,-5.40345,-9.79995
0.345674,-8.87273,-4.11778,1.93856,-2.63249,-9.4999,0.654453,-6.66071,6.87075,-9.03012,-5.60957,0.592049,9.25396,8.31769,-4.28252,1.45848,-5.17657,6.43927,9.96673,-9.97607,-4.84482,0.5024,-6.61004,7.46313,-4.71787,8.02151,5.42113,-5.3686,6.32628,3.33925,8.67008,-4.09718,-4.69252,-6.10129,-4.75762,-6.6878,-2.03268,-7.34783,7.20335,-0.337341,-5.24587,-2.05844,1.00711,3.00504,3.35151,3.38306,-3.07669,8.863,9.12664,0.573633,8.45476,-3.91181,-0.0496415,-6.79383,-8.72736,8.03071,5.59329,-5.85043,-8.0996,-2.75363,1.87422
-7.06731,8.50055,-3.41304,-1.21345,9.15179,-9.93122,8.65997,6.91681,-8.89887,-3.3826,-5.07418,-3.53732,4.83581,-0.683382,1.60552,6.54599,5.53617,-9.93134,4.13117,-8.39354,-2.38397,4.85608,4.4607,6.54882,3.70325,-8.42676,6.23048,-2.86774,-2.45114,-6.44749,5.3945,-1.58745,7.8499,-3.66323,4.12958,-6.87731,-9.39435,-6.10489,-7.52007,0.439858,-6.32527,-0.410372,6.64483,-9.26675,6.91692,-2.37224,-2.65521,-6.691,3.06602,-7.30696,-7.57139,-2.35738,-2.0128,4.20612,8.03071,6.18028,-9.75836,2.17541,1.60647,-5.33536,-7.39032
-0.415244,1.96652,-0.623927,5.54291,-0.881132,-0.405446,3.06251,6.7711,-1.98234,-5.68887,-3.17467,1.67437,6.37664,-1.00195,3.44964,3.97582,7.68588,1.13268,-9.9261,3.58,0.752345,-4.62975,-7.842,6.91923,6.81082,7.99061,2.37063,-3.63589,-2.84886,-8.79728,4.93326,-7.82799,8.26918,-0.873989,7.64646,2.17801,3.96986,-8.40711,4.30086,-2.17029,2.3447,6.0609,-8.35205,0.24483,5.49762,8.86184,3.10504,7.41141,-0.337027,-0.258252,7.86641,0.708011,-7.86644,7.41809,5.59329,-9.75836,-9.69136,-5.7093,-2.44618,2.47181,-3.07569
-5.36959,6.60818,-0.16514,-2.87433,8.88855,-1.49573,-2.96741,-7.45066,7.27467,-3.19612,8.73527,9.1182,0.500646,-3.71137,7.91513,-2.34443,5.2955,5.37739,-7.82336,6.80922,-5.87907,5.91043,4.7227,-1.56898,-8.7756,6.16676,8.34014,0.592152,0.126114,7.97107,9.05488,-6.21931,-5.03992,3.90186,9.39491,0.432482,7.86943,-4.56615,2.09373,-6.92001,-1.38217,-0.0789213,0.752106,1.50811,-1.14414,5.5991,-4.58206,-5.2893,-2.29484,6.31314,-0.946111,9.33244,1.88524,6.94541,-5.85043,2.17541,-5.7093,-1.9337,-7.10771,1.47268,5.43684
5.12474,-3.72179,-4.62613,-1.04013,-9.98226,-5.91913,7.89582,2.24542,-3.82167,9.72855,3.38092,-7.20315,-3.60321,8.21457,2.87911,-4.14724,-5.04017,-5.21215,-5.69414,-3.35848,9.24594,-3.70672,-0.679626,8.00597,1.53938,-5.39388,4.33199,4.86034,6.16494,1.24592,-5.19062,4.54005,4.90673,1.87239,5.06016,0.741516,2.00705,9.86729,-8.0508,8.80439,9.28364,-5.72737,-3.08996,-2.44767,-4.37098,3.44654,-7.5969,-1.85657,-0.0880554,-9.61115,-9.01036,-6.5861,4.77476,-6.2666,-8.0996,1.60647,-2.44618,-7.10771,1.46767,-9.17687,7.06851
2.94955,-4.46298,0.987019,-6.31223,-9.36909,-2.40455,9.25638,5.34808,-4.68892,-4.57883,-1.61171,4.15523,-1.14192,-3.9257,6.96859,8.64091,4.51526,6.61727,-0.426371,-8.85952,5.58302,1.68792,-6.62485,-5.20218,6.64793,8.7519,7.48338,-1.76286,-5.93032,-5.93985,-5.23254,4.12911,-1.97135,-8.95019,3.43854,8.41788,6.67197,-8.08626,-5.02733,8.9899,2.0189,7.61392,-2.37847,-6.92453,-2.43864,0.767489,-8.67316,-0.953775,4.53391,6.84096,-8.20235,-7.44334,-8.46197,-5.40345,-2.75363,-5.33536,2.47181,1.47268,-9.17687,8.01546,-1.99999
1.34237,1.4191,-5.24349,5.06959,9.2037,1.84177,0.973222,-5.74668,-3.95946,-1.09542,-4.96558,-7.52089,7.68547,-6.39868,-4.80877,-6.63028,-9.39959,-3.25357,3.65912,2.13005,-6.1197,0.900235,9.92436,3.7076,4.58146,3.5771,6.98296,2.77286,-6.4957,1.24476,5.83892,4.96491,0.617465,6.57499,5.47531,-4.01382,3.47166,8.57179,7.2145,6.54755,-2.79458,0.0978931,-2.38133,7.02526,6.34437,1.82309,7.01644,1.646,-7.55844,7.26517,-0.660898,8.03151,8.79499,-9.79995,1.87422,-7.39032,-3.07569,5.43684,7.06851,-1.99999,8.30554
