-8.3075,0.708422,-4.51529,-3.33211,7.75628,-5.56922,6.48091,4.28892,3.05913,1.39557,-5.23503,8.96321,4.17758,0.555474,3.59221,-7.22844,-5.40724,4.01971,4.53845,-5.19608,-9.48355,-4.37213,-5.04399,6.08037,-4.63689,-5.71958,-4.14019,7.98988,-3.06354,-8.2384,0.383671,6.09503,2.31199,-9.78597,8.68473,6.55574,-1.83937,-7.53907,-2.23361,-7.93785,0.249998,2.08696,8.1371,2.36225,-2.24577,-7.27099,-2.17681,-2.87965,-9.94753,6.52568,-1.71862,5.05025,-5.59778,7.08803,-1.23304,9.56067,-9.68085,7.1262,2.18337,4.75727,8.22336,3.57758,2.65801
0.708422,9.21791,2.00719,-6.54292,7.02576,-2.41526,1.91553,-4.53722,0.310836,-0.548962,-1.12292,-0.319908,-3.71738,-3.71703,-4.31624,-8.98144,6.63113,-3.99124,1.93922,7.13151,6.03799,-4.12553,-0.207867,-0.687899,1.31927,-6.14608,1.71183,-6.30203,9.693,2.56023,-5.06103,4.65325,-5.55139,-5.41997,-0.598514,4.61692,-5.19576,-9.86756,2.2269,-2.31123,5.46722,-7.57677,-5.56374,1.19835,-5.4516,2.49532,-3.2529,4.05941,3.59937,-6.29535,2.34509,-3.19652,3.2389,-3.81257,-9.36968,2.37705,9.88591,-9.75166,6.54857,-5.69108,1.30264,0.720347,-6.91765
-4.51529,2.00719,1.23902,8.56483,-5.15635,5.65709,-6.23071,-9.31104,5.47691,-3.11943,-6.83998,6.54857,7.39954,8.37541,-1.29935,-4.37318,-2.29205,4.89582,-6.58941,-1.97976,-1.6766,-7.68354,-8.41209,-1.75295,4.13449,4.07229,-4.30391,2.1177,2.95376,7.52793,9.15097,-6.24957,5.36508,6.10237,-2.38795,-9.26729,8.80341,-3.96829,-8.50833,-1.37734,7.4202,-7.21312,5.13273,6.18784,-6.35747,9.07566,-7.80559,-7.62804,-7.61199,-1.38017,4.70165,7.29631,-1.09126,5.83988,8.06361,7.40013,-3.10772,7.63298,-5.41382,-7.22793,-8.08178,-8.15671,3.72225
-3.33211,-6.54292,8.56483,8.45061,8.36949,0.224658,-4.88574,-9.20729,5.164,1.04264,5.56652,-3.95503,1.88284,3.26536,-9.54422,-2.6409,2.09493,3.07502,0.999642,-9.41238,7.04477,-9.53786,3.78447,7.17033,-1.82659,0.266441,-0.982105,1.66235,-0.954542,6.36167,6.28011,4.23748,-3.11817,5.55856,-0.897628,2.08052,2.45457,-2.22884,4.7752,-2.53897,-5.68173,-1.57196,5.06448,8.30416,-0.236772,-0.0642506,7.29252,-2.75479,8.62185,-7.6843,0.0109951,-8.50842,-9.35721,-1.0224,9.61997,4.40484,0.579965,2.52044,-0.301443,-3.14346,-3.0022,3.91759,8.5425
7.75628,7.02576,-5.15635,8.36949,3.71758,0.306256,3.11614,-2.73795,9.97341,-4.00272,3.12825,5.99935,-8.96373,6.82838,6.00226,7.00403,6.70686,0.530322,8.81183,-2.01938,-7.15587,-4.24562,1.6164,1.63732,-9.6498,-8.52293,-0.329255,-2.35464,3.49687,-6.41707,7.58743,4.17806,8.51321,9.26547,-1.36345,2.91037,9.73011,0.960436,-9.37797,3.50492,-1.49674,5.68494,9.19823,7.52249,3.54459,3.44672,-3.76573,-6.62664,3.28241,-6.0168,1.88361,-6.63281,-0.709723,9.60357,9.64482,-3.05521,-5.98468,3.70549,4.47254,9.61169,7.98636,-7.77982,1.93515
-5.56922,-2.41526,5.65709,0.224658,0.306256,-3.32904,-6.62245,-1.13491,-5.0161,9.58115,-4.32018,-0.566142,-8.26417,4.44845,-1.85772,-8.46964,-3.60873,-3.96363,-2.15,7.92283,4.22116,-0.87987,4.10328,-1.73864,1.30252,-8.24546,-6.69097,7.62467,-2.36353,9.43899,9.17616,-8.916,-4.67212,1.15784,6.00678,-5.83928,-8.99465,4.13437,4.02264,-9.04764,-1.83801,8.72967,-2.07498,-4.16751,4.98601,4.94371,-6.38255,8.72216,6.82492,6.91529,4.28998,4.48791,-7.87122,-1.33255,2.30402,-0.0176712,-1.10689,-0.749135,1.16819,8.58771,8.7104,2.20625,5.30009
6.48091,1.91553,-6.23071,-4.88574,3.11614,-6.62245,-3.02612,-0.581617,9.62344,8.93859,-5.12207,0.572543,6.27273,6.76193,-0.775787,-6.64257,-6.88319,9.16427,5.12243,7.51948,2.83256,4.0906,-7.07822,-3.3765,-6.81035,2.1936,0.205439,-6.85243,1.92792,8.71377,1.21321,-6.34339,-9.46155,-9.04157,-8.88821,-5.68628,-2.94079,2.73827,7.15997,-4.10145,-3.6715,4.38612,-5.38657,2.14696,1.13905,7.65184,-5.27374,-4.95162,-1.32138,3.35003,6.16954,-7.2826,-5.12437,-8.27513,-2.9431,6.07749,1.73198,9.10832,9.9409,-3.16506,-5.30277,-8.52292,9.74733
4.28892,-4.53722,-9.31104,-9.20729,-2.73795,-1.13491,-0.581617,1.27061,2.75324,6.39041,8.14587,8.09151,5.34283,-2.15444,3.20831,-0.178723,2.25284,8.11815,7.36803,1.14419,-7.16872,9.43685,9.04682,-1.67329,8.78918,-6.52726,-8.5585,-6.49983,6.77713,6.93583,4.22349,-4.41846,7.67392,-1.93802,-9.0685,-2.53006,0.288847,6.38556,-0.855567,-2.04438,5.58821,7.14762,6.12701,9.53538,-1.5801,7.04128,6.64828,2.23021,8.48637,1.67453,8.43182,7.58926,4.46626,-4.59114,-3.56776,1.53972,8.73368,2.98327,6.83603,-1.68072,-7.92417,3.76133,-3.51422
3.05913,0.310836,5.47691,5.164,9.97341,-5.0161,9.62344,2.75324,9.13282,-0.585136,7.07897,3.50015,4.41761,-4.17106,6.73012,9.7628,1.97511,-8.84232,9.83536,-8.50989,-5.71086,-7.95415,-3.35742,3.88981,7.47268,-1.05887,-4.08942,2.12798,-4.19399,6.42632,-9.03751,8.555,9.24649,3.31283,9.18297,8.21143,-9.30117,-0.421187,-1.82967,7.50327,-1.83578,-1.56214,-4.30404,-7.54238,7.24397,-4.0142,5.38979,8.97581,6.33715,-7.34131,-6.5681,7.04722,-9.12615,-8.04096,9.23529,-9.89318,-7.15267,-0.0108044,7.48688,-3.93431,-8.80957,-9.37819,4.64551
1.39557,-0.548962,-3.11943,1.04264,-4.00272,9.58115,8.93859,6.39041,-0.585136,-4.15212,2.89092,7.13342,-0.0229254,1.13033,-9.63369,-5.78737,2.36351,-3.8929,-8.17366,-4.29946,-0.254114,3.09968,9.70785,2.62213,-3.84902,1.458,-9.89075,-0.749841,-3.68112,-3.38088,-4.09619,-0.832668,-1.29004,1.8939,-2.76092,0.712237,1.99065,-2.23197,2.36179,-2.56655,8.08468,-6.42157,-3.86658,-3.86002,9.53102,9.13746,-8.9091,0.605996,5.23609,-4.12183,-2.48047,-3.17156,7.62606,-6.66175,-8.56956,3.6072,-7.00572,9.81876,5.84192,2.84044,-0.504509,-7.38784,6.48696
-5.23503,-1.12292,-6.83998,5.56652,3.12825,-4.32018,-5.12207,8.14587,7.07897,2.89092,0.97799,4.01275,2.49298,-7.45426,6.65671,-6.08903,-2.40535,-9.34253,-9.63984,-6.31662,-7.56923,-5.10019,0.0466953,6.20122,3.89832,-1.95449,-5.68218,8.12573,6.0885,-8.41147,-1.40935,-5.97992,4.32819,-4.23719,2.57807,-1.26012,9.53669,-2.59363,8.25823,-1.80669,9.74409,1.60391,7.51819,-3.25065,6.72374,-2.08664,-0.994447,-9.7723,-3.59621,5.0438,7.19229,8.19553,3.05483,5.26323,-6.18315,0.185422,3.86753,-5.25854,5.14969,7.38325,-5.53667,8.73171,-0.848031
8.96321,-0.319908,6.54857,-3.95503,5.99935,-0.566142,0.572543,8.09151,3.50015,7.13342,4.01275,-3.75567,7.23443,3.73371,-0.219285,-1.9671,-7.43479,-0.559502,0.397729,-2.34498,-5.10749,-7.36057,-4.74367,0.907957,0.62934,3.48327,-0.96585,4.99008,-0.294896,-4.45046,-0.124608,-2.86741,-1.9418,5.84178,3.17279,2.46918,-9.75444,1.46707,-2.39448,7.88974,3.89862,-8.52395,-9.27928,4.24291,1.53231,-7.99626,-8.02158,0.0378031,-7.12398,1.8234,4.21275,-1.92546,4.76865,4.87867,7.52025,4.79389,1.57632,6.50398,9.30898,-5.38546,7.67577,-6.07403,5.00018
4.17758,-3.71738,7.39954,1.88284,-8.96373,-8.26417,6.27273,5.34283,4.41761,-0.0229254,2.49298,7.23443,-9.39385,-8.00806,9.67913,7.68235,0.566799,9.42049,3.90669,-2.55147,-7.67732,4.65348,4.68561,-3.47266,2.58911,7.85613,6.73752,-1.17068,-8.16827,0.976449,0.785237,-9.44206,-1.15474,7.05332,-3.84627,3.86101,-8.02131,-7.40502,-2.45811,6.05782,-5.78204,-5.44353,8.72621,-9.9373,7.56243,-6.69982,0.625276,6.63198,-7.98776,-5.14077,4.83439,3.07432,1.50498,-1.44798,0.766239,6.9933,1.40241,-7.92585,-2.77968,-2.95096,-3.44453,-3.14019,-4.97853
0.555474,-3.71703,8.37541,3.26536,6.82838,4.44845,6.76193,-2.15444,-4.17106,1.13033,-7.45426,3.73371,-8.00806,-0.702833,4.33642,5.93072,9.37733,-6.18214,-6.37955,4.50152,1.93133,-2.16428,1.20768,-6.70695,3.63546,8.69818,1.67879,1.10287,-0.0316669,-8.18227,-6.40873,-0.467917,2.72922,-4.6536,-7.16892,-8.66151,0.408135,-6.03042,6.0502,-8.41632,-8.9658,0.468406,0.898558,1.69258,-8.34231,-8.01939,2.96583,-7.78923,-3.11484,-2.89605,6.41364,-4.24008,7.83209,6.34026,-7.44544,4.54387,6.88168,2.15204,-2.33922,-0.850817,6.88603,-4.82832,4.03735
3.59221,-4.31624,-1.29935,-9.54422,6.00226,-1.85772,-0.775787,3.20831,6.73012,-9.63369,6.65671,-0.219285,9.67913,4.33642,8.96707,3.14205,1.93284,-7.87599,-6.89759,-1.30612,1.12279,6.75369,8.97651,9.71893,2.25759,0.994659,-9.33582,0.136782,-9.52077,1.00753,9.88619,7.76499,0.187106,1.87971,5.75185,1.84249,-5.35845,1.46457,9.0198,-2.17954,-5.16015,-0.734314,5.54884,3.80842,3.2422,-5.33438,-9.16941,-9.36444,-7.91644,5.34562,9.89317,-3.79421,-2.99737,8.39512,-5.08331,0.978033,6.26628,-6.98618,-4.2767,-1.89551,4.88547,-7.18683,-2.50521
-7.22844,-8.98144,-4.37318,-2.6409,7.00403,-8.46964,-6.64257,-0.178723,9.7628,-5.78737,-6.08903,-1.9671,7.68235,5.93072,3.14205,0.941432,6.12814,-0.509073,-7.41274,2.31332,5.48901,-2.76756,-0.948594,-5.55743,0.175559,8.19178,3.36151,-7.04573,-8.71581,8.85903,-1.85146,7.82888,7.69095,8.31647,1.70633,0.901084,-8.75299,-4.17871,-9.49193,-0.562312,-3.00763,-9.27042,-1.59636,0.133596,-9.74409,7.51669,-3.66303,-7.08255,1.81081,7.32172,2.19014,-2.09534,-1.6813,2.58597,4.06311,-4.2293,2.09913,6.44574,4.1278,-5.53015,-1.04014,8.96715,-5.79489
-5.40724,6.63113,-2.29205,2.09493,6.70686,-3.60873,-6.88319,2.25284,1.97511,2.36351,-2.40535,-7.43479,0.566799,9.37733,1.93284,6.12814,4.88979,-1.37735,4.85216,-5.73459,-9.96986,-0.18707,2.63232,-2.94588,-7.51744,0.028269,-5.34424,9.98632,-2.94479,-7.85284,-8.04584,-8.72487,7.05345,-8.95656,7.28575,6.3447,4.00245,-0.348798,-0.792032,-9.83192,-2.44586,9.74613,-7.82234,3.51446,-8.16863,2.33538,-6.38671,1.45625,9.14587,-1.86168,2.00359,-1.09537,8.43966,1.90602,-6.06151,-9.06642,2.66827,-5.93247,-1.16614,-8.1413,3.55903,1.55136,-1.6765
4.01971,-3.99124,4.89582,3.07502,0.530322,-3.96363,9.16427,8.11815,-8.84232,-3.8929,-9.34253,-0.559502,9.42049,-6.18214,-7.87599,-0.509073,-1.37735,-5.57464,2.96734,-0.650469,3.60838,-4.06847,2.75456,7.75178,-3.60228,-9.78676,8.13346,-9.84883,6.72483,-2.59881,9.92786,7.35796,1.67919,-0.767416,8.72186,-6.3096,2.00809,-7.7215,-8.41141,0.3744,0.93148,6.67566,-4.90733,3.56106,9.04191,1.49679,0.545106,-3.77585,-1.76229,-6.37357,-1.70758,-3.38965,7.75564,-6.81417,-3.3704,0.30132,-8.41261,-7.07924,9.78579,-0.748432,1.71067,1.45899,-7.38468
4.53845,1.93922,-6.58941,0.999642,8.81183,-2.15,5.12243,7.36803,9.83536,-8.17366,-9.63984,0.397729,3.90669,-6.37955,-6.89759,-7.41274,4.85216,2.96734,-9.37719,-5.53373,8.12196,5.23734,-0.739234,1.0553,5.04785,2.58359,-2.52441,6.19248,-3.69597,5.52008,9.64676,-1.13533,-4.4651,-4.10372,-9.96052,-6.66396,5.43433,0.485951,9.68512,-0.679225,4.87766,-2.35113,-2.06513,-0.244579,-8.80449,-6.09347,3.94873,3.90383,3.24412,-0.706957,4.6828,7.0909,3.40727,-8.99965,5.72674,-1.32987,-5.50923,-9.70637,-1.44863,9.619,-6.73398,7.86322,2.53252
-5.19608,7.13151,-1.97976,-9.41238,-2.01938,7.92283,7.51948,1.14419,-8.50989,-4.29946,-6.31662,-2.34498,-2.55147,4.50152,-1.30612,2.31332,-5.73459,-0.650469,-5.53373,0.564543,-3.57561,0.599488,5.35045,-1.95666,8.97053,-2.96429,-7.30924,5.50439,1.10008,0.768066,5.86654,9.07088,1.82306,6.11175,3.86325,-0.932624,2.54618,2.22143,0.31798,-2.13164,-8.57139,-0.684852,-0.76314,-4.66667,-5.87438,1.26664,3.43046,5.52582,-5.09714,-1.75061,-5.72383,-8.11768,-3.97504,-0.326798,-8.10847,-7.06418,1.05292,-4.61354,-9.27089,-7.56956,-5.82146,6.45341,-9.58173
-9.48355,6.03799,-1.6766,7.04477,-7.15587,4.22116,2.83256,-7.16872,-5.71086,-0.254114,-7.56923,-5.10749,-7.67732,1.93133,1.12279,5.48901,-9.96986,3.60838,8.12196,-3.57561,-2.37399,-6.44639,-3.89023,3.91892,0.0605939,9.70747,9.36219,-5.44169,-1.55087,8.64871,-5.87881,-1.9416,-4.24593,8.50726,-4.01821,-7.28254,4.59498,-4.65629,-5.02778,-0.695794,2.02917,3.3517,-1.23973,9.92421,-3.52386,6.57247,-1.85027,4.52894,5.25328,-3.55357,-5.98855,2.25221,9.81337,9.1475,-2.24186,-5.33096,1.24439,-1.97185,-4.21911,3.36924,-2.23984,5.32794,1.79044
-4.37213,-4.12553,-7.68354,-9.53786,-4.24562,-0.87987,4.0906,9.43685,-7.95415,3.09968,-5.10019,-7.36057,4.65348,-2.16428,6.75369,-2.76756,-0.18707,-4.06847,5.23734,0.599488,-6.44639,-3.98744,1.20763,-3.51452,-1.40382,3.8319,8.12278,-5.92405,-3.16204,-8.30335,-3.69126,7.91437,-2.5401,9.14815,8.81543,3.39348,1.96681,4.08598,5.5764,-6.77821,-6.94614,-0.713197,6.75533,1.50101,7.36501,-9.8382,-3.95333,4.64963,4.13455,-9.30414,-2.94205,0.249631,-3.88255,-5.81885,2.72806,0.442479,-1.49517,-4.13623,9.71733,-9.15716,3.50879,5.17452,1.56289
-5.04399,-0.207867,-8.41209,3.78447,1.6164,4.10328,-7.07822,9.04682,-3.35742,9.70785,0.0466953,-4.74367,4.68561,1.20768,8.97651,-0.948594,2.63232,2.75456,-0.739234,5.35045,-3.89023,1.20763,-8.34337,5.60272,-7.65962,7.83394,-5.30895,-0.355636,-7.06443,-8.34451,0.960858,-4.64525,8.23056,-7.01149,9.81463,8.56189,-4.81395,-2.14168,-1.00345,6.96489,-2.69334,-6.72278,1.1768,-7.98851,-1.42004,2.90177,2.69069,-5.48118,-3.56024,-3.57331,-2.91889,-0.787118,-5.54107,-2.98262,-9.65764,5.30639,5.95391,0.0545089,9.10884,-0.378725,-6.32951,0.69345,-3.92011
6.08037,-0.687899,-1.75295,7.17033,1.63732,-1.73864,-3.3765,-1.67329,3.88981,2.62213,6.20122,0.907957,-3.47266,-6.70695,9.71893,-5.55743,-2.94588,7.75178,1.0553,-1.95666,3.91892,-3.51452,5.60272,5.05836,-2.42306,6.44663,-1.98317,8.57012,-1.70304,7.71198,0.349116,-7.8415,5.40687,0.84227,-8.06546,9.35268,8.02142,4.2083,-1.82314,-7.58262,9.99888,-9.67354,-8.23379,7.65988,-6.14004,-3.51568,-5.62411,-5.44061,1.73367,-5.49243,-3.14709,-8.36269,-8.08508,-4.10516,9.73795,0.436335,-0.734336,-0.710793,-3.7472,5.01075,7.82059,-4.11399,8.77177
-4.63689,1.31927,4.13449,-1.82659,-9.6498,1.30252,-6.81035,8.78918,7.47268,-3.84902,3.89832,0.62934,2.58911,3.63546,2.25759,0.175559,-7.51744,-3.60228,5.04785,8.97053,0.0605939,-1.40382,-7.65962,-2.42306,7.60486,-9.85098,-3.47323,1.462,3.13521,-8.02413,-7.1581,4.76177,4.31112,-1.51754,-4.06655,1.86744,9.44205,0.854071,6.97102,3.13419,-0.104219,-6.46386,7.87286,-2.38335,-7.16849,0.467301,-8.01999,-5.88583,-6.6222,5.6279,-5.94377,-6.38386,7.98362,9.71662,-0.130296,2.76218,-2.15991,8.02597,6.29249,0.46137,2.47158,-0.123668,8.36591
-5.71958,-6.14608,4.07229,0.266441,-8.52293,-8.24546,2.1936,-6.52726,-1.05887,1.458,-1.95449,3.48327,7.85613,8.69818,0.994659,8.19178,0.028269,-9.78676,2.58359,-2.96429,9.70747,3.8319,7.83394,6.44663,-9.85098,6.22852,1.01196,-9.07735,-7.25892,9.43722,-2.91177,8.81815,6.82077,-3.15229,3.87756,3.73784,9.73431,0.962158,0.98769,6.03301,-9.12781,-9.40814,-2.51457,-6.63815,-3.95442,4.02083,1.84113,2.21952,0.32075,-8.40526,-4.4931,7.79164,-3.11707,-3.27921,6.73776,-6.90118,8.24138,-0.254516,-7.58759,7.38891,8.73982,8.75712,-3.19057
-4.14019,1.71183,-4.30391,-0.982105,-0.329255,-6.69097,0.205439,-8.5585,-4.08942,-9.89075,-5.68218,-0.96585,6.73752,1.67879,-9.33582,3.36151,-5.34424,8.13346,-2.52441,-7.30924,9.36219,8.12278,-5.30895,-1.98317,-3.47323,1.01196,-0.796848,-6.08894,7.57019,1.1895,-0.864323,-6.1889,7.72119,-7.91982,-4.47208,-5.60158,-8.38337,8.18064,5.26536,8.12849,0.465323,-5.88194,3.63829,-6.63787,-6.81132,-6.4822,4.3406,2.76369,5.39455,7.0889,-7.24853,-9.99827,0.553941,-3.94806,5.05469,1.17668,-1.73243,5.41378,-6.00243,4.77705,-8.4158,1.19553,6.40792
7.98988,-6.30203,2.1177,1.66235,-2.35464,7.62467,-6.85243,-6.49983,2.12798,-0.749841,8.12573,4.99008,-1.17068,1.10287,0.136782,-7.04573,9.98632,-9.84883,6.19248,5.50439,-5.44169,-5.92405,-0.355636,8.57012,1.462,-9.07735,-6.08894,0.947717,-6.99292,0.599687,7.32895,-0.897167,3.66688,3.75225,-6.90967,3.49272,9.26742,4.86626,-3.48144,2.97779,8.32411,2.79515,-9.95771,-5.67804,1.86316,7.8126,6.03919,-8.27662,-7.9766,6.07428,-8.53213,-8.07185,7.33552,-6.86794,-4.88353,-9.89557,-5.10063,-4.41531,3.18616,-3.95714,5.63156,-0.982002,-6.52931
-3.06354,9.693,2.95376,-0.954542,3.49687,-2.36353,1.92792,6.77713,-4.19399,-3.68112,6.0885,-0.294896,-8.16827,-0.0316669,-9.52077,-8.71581,-2.94479,6.72483,-3.69597,1.10008,-1.55087,-3.16204,-7.06443,-1.70304,3.13521,-7.25892,7.57019,-6.99292,-6.30426,-1.82749,-0.731589,6.33759,7.81045,0.304868,3.73545,-8.19971,3.24501,-9.85928,-1.39102,-9.6953,3.9554,-5.71366,2.84861,-9.25055,6.06091,-3.71222,0.0893666,-3.16465,8.66038,6.64118,6.13152,9.15557,-7.10888,-9.84313,8.15155,-6.77364,5.81183,0.821243,1.85721,4.39679,-4.90049,-5.13027,5.29488
-8.2384,2.56023,7.52793,6.36167,-6.41707,9.43899,8.71377,6.93583,6.42632,-3.38088,-8.41147,-4.45046,0.976449,-8.18227,1.00753,8.85903,-7.85284,-2.59881,5.52008,0.768066,8.64871,-8.30335,-8.34451,7.71198,-8.02413,9.43722,1.1895,0.599687,-1.82749,9.55234,-3.711,8.63781,-5.36638,3.57951,8.32191,2.94137,-8.26983,-0.379223,-8.07897,-9.71514,-2.63236,-3.45113,-9.62006,4.21715,-2.67343,-2.79976,-3.35827,-3.45188,0.203588,7.73419,2.15071,-1.89534,4.97474,2.8356,-2.25989,6.92922,6.87582,-2.73481,3.19215,-3.09565,7.5463,-2.71012,3.63781
0.383671,-5.06103,9.15097,6.28011,7.58743,9.17616,1.21321,4.22349,-9.03751,-4.09619,-1.40935,-0.124608,0.785237,-6.40873,9.88619,-1.85146,-8.04584,9.92786,9.64676,5.86654,-5.87881,-3.69126,0.960858,0.349116,-7.1581,-2.91177,-0.864323,7.32895,-0.731589,-3.711,5.8128,6.09775,-1.18601,-4.08547,7.90872,0.178267,6.96362,-7.57223,0.546174,-1.0799,-8.93284,-7.50024,-2.03244,7.87686,5.22672,4.06248,-3.243,-3.9562,-9.69733,7.98513,1.01937,-0.359129,9.12032,8.83692,1.29368,-4.96779,-8.59775,8.61474,-4.2746,-1.51017,-1.47915,-5.85625,0.376191
6.09503,4.65325,-6.24957,4.23748,4.17806,-8.916,-6.34339,-4.41846,8.555,-0.832668,-5.97992,-2.86741,-9.44206,-0.467917,7.76499,7.82888,-8.72487,7.35796,-1.13533,9.07088,-1.9416,7.91437,-4.64525,-7.8415,4.76177,8.81815,-6.1889,-0.897167,6.33759,8.63781,6.09775,0.880947,-4.32813,-4.83205,-9.24554,7.13839,-0.908456,6.02581,-3.99616,-1.57029,-3.5612,4.56635,-8.21877,-5.53805,8.05245,6.79422,-9.32866,-9.17922,-6.18501,4.45254,2.17215,-3.05021,6.63725,6.5714,4.41513,-4.90656,-4.88713,5.47554,2.76223,-8.57678,1.58255,6.07626,-4.42249
2.31199,-5.55139,5.36508,-3.11817,8.51321,-4.67212,-9.46155,7.67392,9.24649,-1.29004,4.32819,-1.9418,-1.15474,2.72922,0.187106,7.69095,7.05345,1.67919,-4.4651,1.82306,-4.24593,-2.5401,8.23056,5.40687,4.31112,6.82077,7.72119,3.66688,7.81045,-5.36638,-1.18601,-4.32813,-5.67583,4.50047,-2.51287,-3.68597,0.534313,-0.142224,-1.26292,-5.99889,5.62765,-9.04555,-1.66208,-0.110346,8.98988,0.0638527,-3.15957,-3.25916,6.45398,-6.1506,7.51376,8.93848,-3.1919,-2.1327,-2.90462,-4.28278,2.7408,2.88157,1.14233,3.64225,-0.218795,-5.94359,5.58581
-9.78597,-5.41997,6.10237,5.55856,9.26547,1.15784,-9.04157,-1.93802,3.31283,1.8939,-4.23719,5.84178,7.05332,-4.6536,1.87971,8.31647,-8.95656,-0.767416,-4.10372,6.11175,8.50726,9.14815,-7.01149,0.84227,-1.51754,-3.15229,-7.91982,3.75225,0.304868,3.57951,-4.08547,-4.83205,4.50047,-3.91367,-8.11487,8.14218,-6.07597,4.6575,3.88844,-2.22203,6.21522,6.68988,2.86847,-8.94507,-6.32966,-2.5286,0.617884,-4.89204,-1.52926,-0.213764,-7.25098,-8.74209,5.52033,9.44492,-0.856291,-4.14916,4.1574,2.30297,-9.31164,-4.88555,-4.94186,-3.58073,-6.96372
8.68473,-0.598514,-2.38795,-0.897628,-1.36345,6.00678,-8.88821,-9.0685,9.18297,-2.76092,2.57807,3.17279,-3.84627,-7.16892,5.75185,1.70633,7.28575,8.72186,-9.96052,3.86325,-4.01821,8.81543,9.81463,-8.06546,-4.06655,3.87756,-4.47208,-6.90967,3.73545,8.32191,7.90872,-9.24554,-2.51287,-8.11487,9.82239,6.62789,-6.82927,-2.60297,8.63688,-1.40328,-3.06282,2.60527,-5.57869,2.05906,-0.582677,-6.02504,-8.05997,-6.93336,-1.0043,8.04409,-5.75919,-1.84732,-8.37547,5.98965,8.7029,7.41392,-0.134468,2.27765,3.61309,7.08103,-3.9437,1.39933,9.54017
6.55574,4.61692,-9.26729,2.08052,2.91037,-5.83928,-5.68628,-2.53006,8.21143,0.712237,-1.26012,2.46918,3.86101,-8.66151,1.84249,0.901084,6.3447,-6.3096,-6.66396,-0.932624,-7.28254,3.39348,8.56189,9.35268,1.86744,3.73784,-5.60158,3.49272,-8.19971,2.94137,0.178267,7.13839,-3.68597,8.14218,6.62789,9.69532,-0.283016,3.03251,7.47527,5.94636,-9.16331,4.65713,4.83147,4.88138,-3.4529,9.24271,-9.61469,8.86105,-4.79295,-7.65215,-2.13008,7.52328,6.4108,-9.87618,1.58022,7.77084,-7.71208,0.828825,5.23102,9.51486,-7.13374,0.699014,6.43747
-1.83937,-5.19576,8.80341,2.45457,9.73011,-8.99465,-2.94079,0.288847,-9.30117,1.99065,9.53669,-9.75444,-8.02131,0.408135,-5.35845,-8.75299,4.00245,2.00809,5.43433,2.54618,4.59498,1.96681,-4.81395,8.02142,9.44205,9.73431,-8.38337,9.26742,3.24501,-8.26983,6.96362,-0.908456,0.534313,-6.07597,-6.82927,-0.283016,4.62955,8.95016,-4.55239,2.3416,9.33884,6.57272,-1.92281,3.23266,-9.63343,8.8543,0.362622,-1.6398,5.05975,7.23719,3.77099,-7.65701,4.54269,1.01493,0.992475,-2.44745,-9.42999,-9.60185,5.86043,-4.95005,-6.85186,9.46303,-5.84534
-7.53907,-9.86756,-3.96829,-2.22884,0.960436,4.13437,2.73827,6.38556,-0.421187,-2.23197,-2.59363,1.46707,-7.40502,-6.03042,1.46457,-4.17871,-0.348798,-7.7215,0.485951,2.22143,-4.65629,4.08598,-2.14168,4.2083,0.854071,0.962158,8.18064,4.86626,-9.85928,-0.379223,-7.57223,6.02581,-0.142224,4.6575,-2.60297,3.03251,8.95016,-5.62575,-5.17964,1.47196,-1.80382,-2.42902,-3.20784,7.53237,2.56605,-1.07681,6.81405,-6.22416,5.59139,-5.08266,9.04455,-3.27036,-8.97569,-8.89066,-5.3312,-2.30263,6.57901,7.13175,-6.69902,-4.92169,-0.834273,7.91259,-8.49501
-2.23361,2.2269,-8.50833,4.7752,-9.37797,4.02264,7.15997,-0.855567,-1.82967,2.36179,8.25823,-2.39448,-2.45811,6.0502,9.0198,-9.49193,-0.792032,-8.41141,9.68512,0.31798,-5.02778,5.5764,-1.00345,-1.82314,6.97102,0.98769,5.26536,-3.48144,-1.39102,-8.07897,0.546174,-3.99616,-1.26292,3.88844,8.63688,7.47527,-4.55239,-5.17964,8.90868,-5.49355,-4.05272,-3.69962,1.76286,7.35447,-2.23001,8.72939,4.58236,3.82022,-3.96641,-6.00168,8.41785,-8.26685,7.58484,-3.17666,-8.98693,-4.08245,5.38437,0.34165,6.4581,7.90754,4.96736,-0.0821195,-5.8548
-7.93785,-2.31123,-1.37734,-2.53897,3.50492,-9.04764,-4.10145,-2.04438,7.50327,-2.56655,-1.80669,7.88974,6.05782,-8.41632,-2.17954,-0.562312,-9.83192,0.3744,-0.679225,-2.13164,-0.695794,-6.77821,6.96489,-7.58262,3.13419,6.03301,8.12849,2.97779,-9.6953,-9.71514,-1.0799,-1.57029,-5.99889,-2.22203,-1.40328,5.94636,2.3416,1.47196,-5.49355,-0.0849452,4.58717,1.43195,5.39917,-4.762,-4.4549,-4.33024,-7.7941,4.41972,5.61078,8.36281,2.21119,-2.60223,0.299833,-2.87867,-7.16952,4.27142,-8.48949,7.65519,3.09603,6.32807,-7.69293,3.0148,-8.41329
0.249998,5.46722,7.4202,-5.68173,-1.49674,-1.83801,-3.6715,5.58821,-1.83578,8.08468,9.74409,3.89862,-5.78204,-8.9658,-5.16015,-3.00763,-2.44586,0.93148,4.87766,-8.57139,2.02917,-6.94614,-2.69334,9.99888,-0.104219,-9.12781,0.465323,8.32411,3.9554,-2.63236,-8.93284,-3.5612,5.62765,6.21522,-3.06282,-9.16331,9.33884,-1.80382,-4.05272,4.58717,-3.48584,-5.56138,-0.0610534,-1.67957,-7.45936,1.60679,-3.12603,-3.52972,-3.43042,5.18377,2.84297,-5.73577,-4.12329,6.99903,-4.41068,-1.92935,1.3234,2.13673,9.18201,-7.32863,3.24294,7.85559,-6.4024
2.08696,-7.57677,-7.21312,-1.57196,5.68494,8.72967,4.38612,7.14762,-1.56214,-6.42157,1.60391,-8.52395,-5.44353,0.468406,-0.734314,-9.27042,9.74613,6.67566,-2.35113,-0.684852,3.3517,-0.713197,-6.72278,-9.67354,-6.46386,-9.40814,-5.88194,2.79515,-5.71366,-3.45113,-7.50024,4.56635,-9.04555,6.68988,2.60527,4.65713,6.57272,-2.42902,-3.69962,1.43195,-5.56138,-4.36589,-5.83795,3.79097,-4.12199,0.886778,2.44669,-4.21784,6.93486,6.6409,4.83134,-2.87844,-3.67068,7.29958,-7.91439,-0.675738,-7.25832,-1.30788,-6.16004,-4.38179,-1.46106,8.72477,9.11719
8.1371,-5.56374,5.13273,5.06448,9.19823,-2.07498,-5.38657,6.12701,-4.30404,-3.86658,7.51819,-9.27928,8.72621,0.898558,5.54884,-1.59636,-7.82234,-4.90733,-2.06513,-0.76314,-1.23973,6.75533,1.1768,-8.23379,7.87286,-2.51457,3.63829,-9.95771,2.84861,-9.62006,-2.03244,-8.21877,-1.66208,2.86847,-5.57869,4.83147,-1.92281,-3.20784,1.76286,5.39917,-0.0610534,-5.83795,-4.78874,7.92177,-8.84549,1.74197,7.75215,-5.43184,4.83666,4.69672,-3.45216,-4.05373,7.00669,-8.39,-2.91631,5.95995,-4.15076,-6.69228,-9.34787,-2.15128,-6.07027,8.95364,-2.58456
2.36225,1.19835,6.18784,8.30416,7.52249,-4.16751,2.14696,9.53538,-7.54238,-3.86002,-3.25065,4.24291,-9.9373,1.69258,3.80842,0.133596,3.51446,3.56106,-0.244579,-4.66667,9.92421,1.50101,-7.98851,7.65988,-2.38335,-6.63815,-6.63787,-5.67804,-9.25055,4.21715,7.87686,-5.53805,-0.110346,-8.94507,2.05906,4.88138,3.23266,7.53237,7.35447,-4.762,-1.67957,3.79097,7.92177,1.56734,0.963163,7.09091,2.23121,-2.67983,6.86211,9.94504,-3.08354,-7.77455,-3.63864,0.852327,-4.73495,-4.15891,-9.92821,-9.19515,-1.071,-2.29654,7.49546,-4.13892,7.68248
-2.24577,-5.4516,-6.35747,-0.236772,3.54459,4.98601,1.13905,-1.5801,7.24397,9.53102,6.72374,1.53231,7.56243,-8.34231,3.2422,-9.74409,-8.16863,9.04191,-8.80449,-5.87438,-3.52386,7.36501,-1.42004,-6.14004,-7.16849,-3.95442,-6.81132,1.86316,6.06091,-2.67343,5.22672,8.05245,8.98988,-6.32966,-0.582677,-3.4529,-9.63343,2.56605,-2.23001,-4.4549,-7.45936,-4.12199,-8.84549,0.963163,-4.74229,8.58795,-7.77983,-1.79254,9.15854,-6.13025,7.81881,0.56732,-1.40794,1.9707,3.91264,8.82987,-0.815225,8.84774,-0.698753,-8.9305,9.39468,-0.434918,-2.22344
-7.27099,2.49532,9.07566,-0.0642506,3.44672,4.94371,7.65184,7.04128,-4.0142,9.13746,-2.08664,-7.99626,-6.69982,-8.01939,-5.33438,7.51669,2.33538,1.49679,-6.09347,1.26664,6.57247,-9.8382,2.90177,-3.51568,0.467301,4.02083,-6.4822,7.8126,-3.71222,-2.79976,4.06248,6.79422,0.0638527,-2.5286,-6.02504,9.24271,8.8543,-1.07681,8.72939,-4.33024,1.60679,0.886778,1.74197,7.09091,8.58795,-2.74013,9.78082,-8.72569,-0.751651,5.92497,-7.09314,9.37347,7.31017,-4.74906,9.99587,-9.82806,-4.64454,-5.11349,-9.39252,5.14237,9.72078,-5.93169,-0.406022
-2.17681,-3.2529,-7.80559,7.29252,-3.76573,-6.38255,-5.27374,6.64828,5.38979,-8.9091,-0.994447,-8.02158,0.625276,2.96583,-9.16941,-3.66303,-6.38671,0.545106,3.94873,3.43046,-1.85027,-3.95333,2.69069,-5.62411,-8.01999,1.84113,4.3406,6.03919,0.0893666,-3.35827,-3.243,-9.32866,-3.15957,0.617884,-8.05997,-9.61469,0.362622,6.81405,4.58236,-7.7941,-3.12603,2.44669,7.75215,2.23121,-7.77983,9.78082,4.97226,-6.1965,-7.19417,8.25666,-1.90414,-2.34634,-5.24862,6.90345,8.5982,-2.24011,-8.14656,3.60186,-5.03568,3.64246,-8.47982,6.35927,-8.8653
-2.87965,4.05941,-7.62804,-2.75479,-6.62664,8.72216,-4.95162,2.23021,8.97581,0.605996,-9.7723,0.0378031,6.63198,-7.78923,-9.36444,-7.08255,1.45625,-3.77585,3.90383,5.52582,4.52894,4.64963,-5.48118,-5.44061,-5.88583,2.21952,2.76369,-8.27662,-3.16465,-3.45188,-3.9562,-9.17922,-3.25916,-4.89204,-6.93336,8.86105,-1.6398,-6.22416,3.82022,4.41972,-3.52972,-4.21784,-5.43184,-2.67983,-1.79254,-8.72569,-6.1965,7.56216,6.36259,7.70384,1.6297,2.37114,8.80508,7.59133,-5.14778,-2.69318,-1.94105,-4.51073,-9.13797,-6.71331,0.876968,-7.64372,-2.33886
-9.94753,3.59937,-7.61199,8.62185,3.28241,6.82492,-1.32138,8.48637,6.33715,5.23609,-3.59621,-7.12398,-7.98776,-3.11484,-7.91644,1.81081,9.14587,-1.76229,3.24412,-5.09714,5.25328,4.13455,-3.56024,1.73367,-6.6222,0.32075,5.39455,-7.9766,8.66038,0.203588,-9.69733,-6.18501,6.45398,-1.52926,-1.0043,-4.79295,5.05975,5.59139,-3.96641,5.61078,-3.43042,6.93486,4.83666,6.86211,9.15854,-0.751651,-7.19417,6.36259,9.78982,-0.32286,9.65665,3.3446,-1.69517,-3.68834,-9.88079,7.80827,3.70447,-3.32792,-2.9395,3.31383,9.27428,-1.01526,6.89961
6.52568,-6.29535,-1.38017,-7.6843,-6.0168,6.91529,3.35003,1.67453,-7.34131,-4.12183,5.0438,1.8234,-5.14077,-2.89605,5.34562,7.32172,-1.86168,-6.37357,-0.706957,-1.75061,-3.55357,-9.30414,-3.57331,-5.49243,5.6279,-8.40526,7.0889,6.07428,6.64118,7.73419,7.98513,4.45254,-6.1506,-0.213764,8.04409,-7.65215,7.23719,-5.08266,-6.00168,8.36281,5.18377,6.6409,4.69672,9.94504,-6.13025,5.92497,8.25666,7.70384,-0.32286,3.99025,-8.15542,4.05263,6.15745,-1.4128,6.10433,8.17901,1.27645,-7.42516,-1.16649,9.15341,8.65484,5.58425,3.52192
-1.71862,2.34509,4.70165,0.0109951,1.88361,4.28998,6.16954,8.43182,-6.5681,-2.48047,7.19229,4.21275,4.83439,6.41364,9.89317,2.19014,2.00359,-1.70758,4.6828,-5.72383,-5.98855,-2.94205,-2.91889,-3.14709,-5.94377,-4.4931,-7.24853,-8.53213,6.13152,2.15071,1.01937,2.17215,7.51376,-7.25098,-5.75919,-2.13008,3.77099,9.04455,8.41785,2.21119,2.84297,4.83134,-3.45216,-3.08354,7.81881,-7.09314,-1.90414,1.6297,9.65665,-8.15542,-7.83593,-4.96209,1.43801,-9.98352,-0.319296,2.15145,-9.22094,-6.54071,2.65983,5.65505,-1.75901,2.21156,7.50311
5.05025,-3.19652,7.29631,-8.50842,-6.63281,4.48791,-7.2826,7.58926,7.04722,-3.17156,8.19553,-1.92546,3.07432,-4.24008,-3.79421,-2.09534,-1.09537,-3.38965,7.0909,-8.11768,2.25221,0.249631,-0.787118,-8.36269,-6.38386,7.79164,-9.99827,-8.07185,9.15557,-1.89534,-0.359129,-3.05021,8.93848,-8.74209,-1.84732,7.52328,-7.65701,-3.27036,-8.26685,-2.60223,-5.73577,-2.87844,-4.05373,-7.77455,0.56732,9.37347,-2.34634,2.37114,3.3446,4.05263,-4.96209,0.525745,-9.61199,5.93223,-2.54641,1.38222,-9.90648,-9.89223,-0.333747,1.00071,-3.47736,6.11691,2.53832
-5.59778,3.2389,-1.09126,-9.35721,-0.709723,-7.87122,-5.12437,4.46626,-9.12615,7.62606,3.05483,4.76865,1.50498,7.83209,-2.99737,-1.6813,8.43966,7.75564,3.40727,-3.97504,9.81337,-3.88255,-5.54107,-8.08508,7.98362,-3.11707,0.553941,7.33552,-7.10888,4.97474,9.12032,6.63725,-3.1919,5.52033,-8.37547,6.4108,4.54269,-8.97569,7.58484,0.299833,-4.12329,-3.67068,7.00669,-3.63864,-1.40794,7.31017,-5.24862,8.80508,-1.69517,6.15745,1.43801,-9.61199,-1.82663,-8.60392,3.42621,7.43027,-8.49533,-1.54135,-5.86781,4.18069,-3.21494,-3.53302,9.70444
7.08803,-3.81257,5.83988,-1.0224,9.60357,-1.33255,-8.27513,-4.59114,-8.04096,-6.66175,5.26323,4.87867,-1.44798,6.34026,8.39512,2.58597,1.90602,-6.81417,-8.99965,-0.326798,9.1475,-5.81885,-2.98262,-4.10516,9.71662,-3.27921,-3.94806,-6.86794,-9.84313,2.8356,8.83692,6.5714,-2.1327,9.44492,5.98965,-9.87618,1.01493,-8.89066,-3.17666,-2.87867,6.99903,7.29958,-8.39,0.852327,1.9707,-4.74906,6.90345,7.59133,-3.68834,-1.4128,-9.98352,5.93223,-8.60392,-6.94655,-2.8931,-4.43473,-1.50184,7.69112,-6.87033,-0.837506,-0.399957,4.61108,1.04952
-1.23304,-9.36968,8.06361,9.61997,9.64482,2.30402,-2.9431,-3.56776,9.23529,-8.56956,-6.18315,7.52025,0.766239,-7.44544,-5.08331,4.06311,-6.06151,-3.3704,5.72674,-8.10847,-2.24186,2.72806,-9.65764,9.73795,-0.130296,6.73776,5.05469,-4.88353,8.15155,-2.25989,1.29368,4.41513,-2.90462,-0.856291,8.7029,1.58022,0.992475,-5.3312,-8.98693,-7.16952,-4.41068,-7.91439,-2.91631,-4.73495,3.91264,9.99587,8.5982,-5.14778,-9.88079,6.10433,-0.319296,-2.54641,3.42621,-2.8931,-8.94688,-3.23683,8.28276,2.1245,-5.57315,1.85502,0.0873168,6.74905,-0.126542
9.56067,2.37705,7.40013,4.40484,-3.05521,-0.0176712,6.07749,1.53972,-9.89318,3.6072,0.185422,4.79389,6.9933,4.54387,0.978033,-4.2293,-9.06642,0.30132,-1.32987,-7.06418,-5.33096,0.442479,5.30639,0.436335,2.76218,-6.90118,1.17668,-9.89557,-6.77364,6.92922,-4.96779,-4.90656,-4.28278,-4.14916,7.41392,7.77084,-2.44745,-2.30263,-4.08245,4.27142,-1.92935,-0.675738,5.95995,-4.15891,8.82987,-9.82806,-2.24011,-2.69318,7.80827,8.17901,2.15145,1.38222,7.43027,-4.43473,-3.23683,-2.33695,-0.477457,-0.88243,1.31231,6.20877,-6.23318,-9.12231,0.946927
-9.68085,9.88591,-3.10772,0.579965,-5.98468,-1.10689,1.73198,8.73368,-7.15267,-7.00572,3.86753,1.57632,1.40241,6.88168,6.26628,2.09913,2.66827,-8.41261,-5.50923,1.05292,1.24439,-1.49517,5.95391,-0.734336,-2.15991,8.24138,-1.73243,-5.10063,5.81183,6.87582,-8.59775,-4.88713,2.7408,4.1574,-0.134468,-7.71208,-9.42999,6.57901,5.38437,-8.48949,1.3234,-7.25832,-4.15076,-9.92821,-0.815225,-4.64454,-8.14656,-1.94105,3.70447,1.27645,-9.22094,-9.90648,-8.49533,-1.50184,8.28276,-0.477457,-9.58535,4.31683,9.43288,-2.75073,3.64064,4.34605,2.7263
7.1262,-9.75166,7.63298,2.52044,3.70549,-0.749135,9.10832,2.98327,-0.0108044,9.81876,-5.25854,6.50398,-7.92585,2.15204,-6.98618,6.44574,-5.93247,-7.07924,-9.70637,-4.61354,-1.97185,-4.13623,0.0545089,-0.710793,8.02597,-0.254516,5.41378,-4.41531,0.821243,-2.73481,8.61474,5.47554,2.88157,2.30297,2.27765,0.828825,-9.60185,7.13175,0.34165,7.65519,2.13673,-1.30788,-6.69228,-9.19515,8.84774,-5.11349,3.60186,-4.51073,-3.32792,-7.42516,-6.54071,-9.89223,-1.54135,7.69112,2.1245,-0.88243,4.31683,-6.84643,-3.16437,-0.554561,6.13088,1.27564,-8.23643
2.18337,6.54857,-5.41382,-0.301443,4.47254,1.16819,9.9409,6.83603,7.48688,5.84192,5.14969,9.30898,-2.77968,-2.33922,-4.2767,4.1278,-1.16614,9.78579,-1.44863,-9.27089,-4.21911,9.71733,9.10884,-3.7472,6.29249,-7.58759,-6.00243,3.18616,1.85721,3.19215,-4.2746,2.76223,1.14233,-9.31164,3.61309,5.23102,5.86043,-6.69902,6.4581,3.09603,9.18201,-6.16004,-9.34787,-1.071,-0.698753,-9.39252,-5.03568,-9.13797,-2.9395,-1.16649,2.65983,-0.333747,-5.86781,-6.87033,-5.57315,1.31231,9.43288,-3.16437,3.57417,2.43937,-1.21967,9.08617,-3.83454
4.75727,-5.69108,-7.22793,-3.14346,9.61169,8.58771,-3.16506,-1.68072,-3.93431,2.84044,7.38325,-5.38546,-2.95096,-0.850817,-1.89551,-5.53015,-8.1413,-0.748432,9.619,-7.56956,3.36924,-9.15716,-0.378725,5.01075,0.46137,7.38891,4.77705,-3.95714,4.39679,-3.09565,-1.51017,-8.57678,3.64225,-4.88555,7.08103,9.51486,-4.95005,-4.92169,7.90754,6.32807,-7.32863,-4.38179,-2.15128,-2.29654,-8.9305,5.14237,3.64246,-6.71331,3.31383,9.15341,5.65505,1.00071,4.18069,-0.837506,1.85502,6.20877,-2.75073,-0.554561,2.43937,9.78782,2.82911,0.736876,-5.94399
8.22336,1.30264,-8.08178,-3.0022,7.98636,8.7104,-5.30277,-7.92417,-8.80957,-0.504509,-5.53667,7.67577,-3.44453,6.88603,4.88547,-1.04014,3.55903,1.71067,-6.73398,-5.82146,-2.23984,3.50879,-6.32951,7.82059,2.47158,8.73982,-8.4158,5.63156,-4.90049,7.5463,-1.47915,1.58255,-0.218795,-4.94186,-3.9437,-7.13374,-6.85186,-0.834273,4.96736,-7.69293,3.24294,-1.46106,-6.07027,7.49546,9.39468,9.72078,-8.47982,0.876968,9.27428,8.65484,-1.75901,-3.47736,-3.21494,-0.399957,0.0873168,-6.23318,3.64064,6.13088,-1.21967,2.82911,-0.460807,-6.17082,4.53376
3.57758,0.720347,-8.15671,3.91759,-7.77982,2.20625,-8.52292,3.76133,-9.37819,-7.38784,8.73171,-6.07403,-3.14019,-4.82832,-7.18683,8.96715,1.55136,1.45899,7.86322,6.45341,5.32794,5.17452,0.69345,-4.11399,-0.123668,8.75712,1.19553,-0.982002,-5.13027,-2.71012,-5.85625,6.07626,-5.94359,-3.58073,1.39933,0.699014,9.46303,7.91259,-0.0821195,3.0148,7.85559,8.72477,8.95364,-4.13892,-0.434918,-5.93169,6.35927,-7.64372,-1.01526,5.58425,2.21156,6.11691,-3.53302,4.61108,6.74905,-9.12231,4.34605,1.27564,9.08617,0.736876,-6.17082,-8.89643,-0.388353
2.65801,-6.91765,3.72225,8.5425,1.93515,5.30009,9.74733,-3.51422,4.64551,6.48696,-0.848031,5.00018,-4.97853,4.03735,-2.50521,-5.79489,-1.6765,-7.38468,2.53252,-9.58173,1.79044,1.56289,-3.92011,8.77177,8.36591,-3.19057,6.40792,-6.52931,5.29488,3.63781,0.376191,-4.42249,5.58581,-6.96372,9.54017,6.43747,-5.84534,-8.49501,-5.8548,-8.41329,-6.4024,9.11719,-2.58456,7.68248,-2.22344,-0.406022,-8.8653,-2.33886,6.89961,3.52192,7.50311,2.53832,9.70444,1.04952,-0.126542,0.946927,2.7263,-8.23643,-3.83454,-5.94399,4.53376,-0.388353,9.26302
