4.23741,6.87158,-4.70755,-7.83957,-7.73049,-5.32763,-7.12342,1.17859,2.45188,-6.7402,-6.73539,7.66851,-5.79362,6.18319,3.12817,-9.43105,5.82088,7.74104,4.67282,-9.0382,-8.49556,0.343969,0.316243,2.79184,0.9104,0.813107,9.99455,-7.55366,-4.16964,2.21247,-8.85753,-0.985725,2.28801,4.46373,6.72654,1.79725,-5.19931,-6.80153,-8.52101,6.03122,-1.92273,-9.67243,9.38852,-2.62592,-6.98145,-6.65902,3.9456,8.30413,6.49829,-7.96827,-2.73211,8.51239,-2.36452,-7.41885,4.57797,-8.46494,-2.45773,4.08724,4.65121,0.77462,4.25701,0.959379,-1.46092,8.26321
6.87158,1.69949,5.12661,-3.94405,-3.30154,7.43846,-7.81228,3.90495,-1.87827,5.69208,-5.19021,7.26246,-8.5153,-5.39726,9.38835,2.56852,-5.02195,-4.61283,6.18855,9.52402,0.140954,1.93789,-6.12477,5.46086,0.82952,-1.39461,-6.33123,-9.70644,1.77474,9.63098,-8.48882,6.34603,2.38609,7.05704,-3.60884,0.114369,8.11165,4.87248,-2.58051,8.68684,-0.574974,8.13908,-5.88978,4.44421,-4.84664,-7.83419,0.55117,-8.22903,1.1593,-2.16732,-8.37573,4.15553,3.17606,-7.98534,-9.11803,-4.13479,-8.2441,5.27617,1.94805,-9.84455,9.79099,-8.98924,-9.28873,-8.55776
-4.70755,5.12661,-2.52942,-0.76003,-4.31039,5.63081,3.64434,-2.05545,-5.68445,4.28601,-1.23914,1.484,-4.99635,-9.3957,6.23323,7.08144,1.25961,0.0903921,-8.32465,4.27511,7.81204,-9.48142,1.00026,8.53,-0.498107,-6.7024,1.40289,7.59392,-4.40975,3.36943,2.02337,6.87579,-9.83064,5.79659,2.49649,0.970414,6.12367,-5.24392,0.666604,9.81155,3.97474,-2.78902,4.65959,-0.0872891,-5.77994,-9.04784,-8.97916,-3.62659,7.94883,1.44943,-4.77989,-4.82092,-6.52363,1.73229,9.55263,8.40676,-8.28875,-5.89191,3.24548,-4.50135,7.19493,9.26572,-1.21282,-6.66529
-7.83957,-3.94405,-0.76003,0.947182,-7.31372,9.16447,-9.65066,6.68521,6.5191,4.34171,-1.4204,7.34057,-5.94461,-6.2875,-7.83737,4.98009,-0.75716,-3.3189,3.91508,-0.519436,3.74475,3.82452,-6.04302,-5.31299,-8.74125,0.98068,5.30965,6.34729,-1.02256,-7.7035,0.348051,-5.71914,0.216801,0.495446,-4.43199,-1.53877,-7.32526,8.29592,4.39305,-2.7263,8.02382,7.31074,-6.59735,1.85607,4.40451,-8.96942,-1.28106,-4.57904,6.75475,-9.81332,-5.16458,8.00775,-3.28024,0.482804,3.01825,-7.63365,-8.3385,-5.93145,-8.85782,-7.28033,-0.256493,8.61315,8.18855,0.106693
-7.73049,-3.30154,-4.31039,-7.31372,-7.13327,-4.28342,7.1184,8.0894,-6.58318,-7.23772,-6.55593,-6.5639,4.56077,6.35458,8.4884,-3.52743,1.47155,7.96021,-4.01867,-0.648564,-3.29933,-5.70638,9.25931,3.19932,-7.58802,5.49036,-3.17534,-7.33688,4.97957,7.84952,-8.99358,-8.5358,9.9695,1.74907,-6.20619,2.5764,7.61435,-8.95763,-7.44834,6.42045,-0.14172,-3.03968,-8.90891,8.1055,0.706416,-3.6898,5.66706,8.4593,-0.110601,3.74429,-6.97981,5.49413,-3.47183,-4.68674,-2.453,-7.74611,0.903806,-3.01453,5.21595,-3.73556,0.728176,4.53677,3.43489,5.31448
-5.32763,7.43846,5.63081,9.16447,-4.28342,4.06816,-6.30373,7.81747,-0.375676,-8.53174,7.31191,5.43055,-7.02969,3.23932,-1.56868,8.50541,-4.72465,-6.69634,1.62565,-0.580789,-4.35392,-9.97783,-7.7916,-7.00805,9.0923,-7.43539,3.6024,-0.941021,6.05788,-5.41411,-9.32259,-0.729048,7.88401,8.41859,-5.7734,-9.22691,5.32728,-3.01846,9.5857,-6.33203,6.54412,-0.86182,4.04453,4.05044,-1.792,5.09991,-0.776354,-3.64074,2.78748,6.62532,6.1872,5.48329,8.26697,5.32135,-2.60509,-5.70745,-4.98781,4.88425,3.61694,-4.73817,6.50251,-2.96131,-7.41883,4.64419
-7.12342,-7.81228,3.64434,-9.65066,7.1184,-6.30373,-0.713783,3.5228,7.71012,-3.84723,-8.50605,2.82943,-2.57392,-4.1532,-8.55024,1.80139,-0.0597683,0.629772,-6.16198,7.87336,-5.33285,-3.94381,6.11272,5.7198,0.0267082,1.20329,-2.56971,7.39934,-5.31583,3.08368,6.52695,-8.92125,-2.49964,8.1512,-4.41546,6.12498,5.62402,-4.16362,7.55374,9.52389,0.664311,-2.60056,9.02997,7.60543,-0.12461,5.96174,3.99936,-4.52747,6.08776,4.50089,5.54556,5.27099,3.02184,2.80131,-0.115965,-7.53213,-1.47453,8.67859,-6.40669,-5.34643,3.23834,-6.9429,9.81485,6.9033
1.17859,3.90495,-2.05545,6.68521,8.0894,7.81747,3.5228,-5.56517,2.52422,7.3221,6.8763,-8.92636,-5.7887,9.81251,-4.71335,-8.01933,2.4439,0.151274,-9.33227,0.151036,-9.77009,-4.06471,6.69119,3.43069,-5.87574,4.73509,-2.39333,-5.98515,2.94881,2.2962,4.81535,3.65976,-5.87083,4.24355,7.30894,9.58475,6.64517,6.17634,8.04427,-4.39044,-7.34703,-1.71286,-9.27528,-4.65039,5.49505,-5.06248,8.80389,-5.4217,1.51798,8.03994,-6.73628,-0.521303,7.20063,-7.10814,5.95896,-3.77241,-4.08465,-4.87129,-8.5665,-0.253865,-6.64475,-0.388825,8.29264,-5.7986
2.45188,-1.87827,-5.68445,6.5191,-6.58318,-0.375676,7.71012,2.52422,-3.14626,-5.11403,9.09974,-5.45047,-1.98819,-4.25428,-1.09128,-6.11412,-9.00152,-6.51367,6.68837,2.47316,-4.3584,-0.805912,0.854481,-8.41748,-3.10059,-7.13155,-0.491453,-0.042535,8.3597,1.88492,-3.11313,-3.35442,-9.53158,4.76874,0.559887,1.29092,8.0688,-3.64611,2.65745,-4.62766,-5.27133,-9.30929,-6.75399,3.07398,0.0357575,-0.98233,4.81684,-9.29207,-3.80656,9.12752,-5.4788,4.29623,9.18784,2.99042,2.09328,9.78884,-0.414177,4.74431,3.95937,3.96066,-9.91655,8.54749,2.47121,4.87033
-6.7402,5.69208,4.28601,4.34171,-7.23772,-8.53174,-3.84723,7.3221,-5.11403,-4.72072,-8.65713,-2.98546,5.39542,-6.51176,8.69807,3.48022,-0.76507,-4.85035,6.81456,1.8936,-5.05558,7.92862,-1.48011,9.99971,9.347,-1.82773,3.91067,4.59165,2.17209,1.03626,-8.35867,6.03242,-3.86041,2.82035,5.49134,-9.93046,-9.62373,-9.03795,9.01413,-9.41309,1.02328,-2.50846,-6.51151,-8.27986,-0.633723,-5.02881,8.92708,9.10677,3.54885,-0.753741,-2.89499,-8.93534,8.0005,6.13202,9.37153,-8.094,-5.02669,2.20075,1.48543,2.0408,3.01973,-2.628,7.31859,6.70589
-6.73539,-5.19021,-1.23914,-1.4204,-6.55593,7.31191,-8.50605,6.8763,9.09974,-8.65713,2.01998,-6.56969,4.432,-9.38355,1.23368,-6.64494,-3.22252,8.92839,2.26317,-5.67886,-2.31968,-4.42379,-4.14227,7.93408,-5.53503,-8.20206,7.35889,7.92949,2.75773,-1.53706,-7.66405,-0.998328,9.55494,2.04789,-0.0943799,-3.56493,-3.11099,9.37076,4.10691,-8.54803,-4.768,-8.56538,-1.76038,5.10128,-4.29177,-2.83006,-9.33886,-1.86754,7.76394,9.47109,1.45706,0.290541,3.86498,-4.01885,-1.37908,-4.87826,5.51066,-8.46667,2.56597,-9.64092,-6.81719,-9.91968,-2.2127,-4.59693
7.66851,7.26246,1.484,7.34057,-6.5639,5.43055,2.82943,-8.92636,-5.45047,-2.98546,-6.56969,-2.5682,-3.30801,-3.43708,6.93723,3.88719,-1.43029,0.462955,-4.70739,-5.26189,4.44105,-8.05536,0.908934,7.56973,1.42734,-9.2702,0.550962,1.33299,-6.79838,-0.296854,4.92328,3.52954,-8.97753,3.39425,-4.06489,2.27035,4.26454,4.29971,3.76171,-1.33831,-7.16602,9.84998,1.45662,7.0372,2.17037,9.01197,-0.879233,-3.67708,-3.99268,8.5863,0.551532,-5.5328,8.9525,-0.114026,-4.75556,-8.25055,-0.958714,3.66164,-6.08726,-7.77154,7.56178,9.88093,1.87183,7.85307
-5.79362,-8.5153,-4.99635,-5.94461,4.56077,-7.02969,-2.57392,-5.7887,-1.98819,5.39542,4.432,-3.30801,-5.75513,-6.24015,6.31149,-0.740706,-5.25284,-8.53029,-6.64363,-7.11978,-0.737767,-9.8107,-9.19045,9.86761,5.27439,8.12516,5.45625,-1.58494,-7.19006,5.26073,-6.43169,-7.04346,-4.99664,-0.113865,8.45314,9.54956,-0.320748,6.19049,3.10935,2.90836,-2.06604,-5.57425,-8.62329,-3.38869,2.83116,1.56376,-8.86511,-8.40096,-6.10376,5.51032,-3.7668,-9.94878,-9.18411,7.68264,-1.53419,6.01958,0.885028,-0.213519,8.02187,-0.912218,-0.525048,9.23293,7.39487,4.80331
6.18319,-5.39726,-9.3957,-6.2875,6.35458,3.23932,-4.1532,9.81251,-4.25428,-6.51176,-9.38355,-3.43708,-6.24015,-4.12179,-3.68859,-6.5584,-3.01224,4.49917,1.15177,-3.81966,-3.43539,3.4974,1.90775,2.1237,-7.15207,-0.766982,-2.24201,-5.86711,-2.31539,3.51284,6.58653,-0.241833,-3.762,4.45786,3.62457,-3.86649,9.94404,9.9723,-2.67356,-4.74722,4.89001,-5.32521,-2.31071,-0.749502,5.01282,-1.65541,-4.69361,-6.86064,-9.28207,-3.16717,9.4974,1.82255,4.63577,-4.37013,5.82948,-6.55157,1.17863,2.35232,-9.05963,-5.02303,8.88853,-3.17546,-6.51747,-0.421414
3.12817,9.38835,6.23323,-7.83737,8.4884,-1.56868,-8.55024,-4.71335,-1.09128,8.69807,1.23368,6.93723,6.31149,-3.68859,-0.304905,-8.87194,-1.13356,1.66171,2.29032,1.6795,7.6048,8.75666,-2.98133,-4.96017,4.2155,-5.29455,-9.902,-0.544871,8.12196,9.91524,4.91933,3.60819,4.13866,0.359926,-5.20077,0.851806,7.93583,-4.80596,6.06594,7.62265,-2.77074,-1.75406,-0.384469,-1.35901,3.89705,9.37188,8.06376,7.45698,3.0523,-8.25231,2.82368,0.902587,9.20595,-2.42709,-9.99096,-0.766768,-5.9346,-9.83675,-9.07237,-2.47298,2.79763,2.84713,-6.11928,5.55735
-9.43105,2.56852,7.08144,4.98009,-3.52743,8.50541,1.80139,-8.01933,-6.11412,3.48022,-6.64494,3.88719,-0.740706,-6.5584,-8.87194,-8.54571,-0.382469,5.74362,-8.74824,-6.75495,9.86452,5.5961,5.05187,0.67348,-1.01991,-3.45784,-2.72249,5.1904,-1.65817,-5.40999,-9.13445,-9.86266,9.0138,7.33558,2.38033,5.97438,-4.70646,-5.63887,7.80776,8.81128,0.514853,-6.43162,-8.63081,0.750589,0.536313,-5.79957,-4.39262,-6.56055,-8.61392,4.76263,-3.22266,0.494253,3.64627,-9.32994,-4.13086,4.52316,5.01235,-3.59819,-0.80209,-5.09131,5.9604,-9.50121,-6.67972,8.20653
5.82088,-5.02195,1.25961,-0.75716,1.47155,-4.72465,-0.0597683,2.4439,-9.00152,-0.76507,-3.22252,-1.43029,-5.25284,-3.01224,-1.13356,-0.382469,0.214443,-5.65511,-9.11188,-7.62668,6.37749,-0.22519,-5.08454,-3.96434,9.63283,3.98042,-9.41796,9.78248,-3.35617,-3.72015,2.69844,7.67576,-3.31937,8.49032,-0.78688,-3.37799,9.22512,2.33384,-2.56888,-5.20233,-3.62928,8.94148,8.19455,-6.43167,5.23461,-2.09697,-6.97745,-8.99219,-4.55069,-9.24869,-8.77955,7.59107,9.32021,5.87035,3.94818,6.56524,4.76222,-4.9678,-5.03729,7.60048,-0.517539,0.0802582,-8.36052,5.89081
7.74104,-4.61283,0.0903921,-3.3189,7.96021,-6.69634,0.629772,0.151274,-6.51367,-4.85035,8.92839,0.462955,-8.53029,4.49917,1.66171,5.74362,-5.65511,-5.0081,8.28758,-2.07139,7.10952,-6.91644,7.1516,-1.06637,4.67288,-5.29391,-3.04069,2.56574,4.03309,-5.63633,1.47441,-2.40401,3.80144,-8.05034,3.09422,6.63303,-8.56588,-0.0322253,-6.29099,-9.36668,0.0827033,1.84889,-2.68243,6.48796,-9.28379,-8.7888,5.72876,0.15652,-0.586743,4.56938,-3.20725,5.08313,7.28096,-8.14274,1.62814,8.79897,-6.14013,4.69405,7.8212,9.83462,-5.43374,-8.88437,-2.30808,2.13784
4.67282,6.18855,-8.32465,3.91508,-4.01867,1.62565,-6.16198,-9.33227,6.68837,6.81456,2.26317,-4.70739,-6.64363,1.15177,2.29032,-8.74824,-9.11188,8.28758,0.0661011,5.13679,4.59028,-6.98828,-6.08866,5.02094,3.75173,4.92972,2.43357,5.27367,-9.91066,0.307267,3.73934,6.37753,0.80526,3.75583,-2.27197,-3.29815,6.10605,9.68883,-8.93919,-5.95236,9.89367,-0.615598,-8.87424,-8.62448,3.1562,-2.22784,-4.4982,6.2862,9.15299,6.34706,-1.28959,-2.10984,3.97624,8.17854,-0.0539959,9.96835,2.80205,1.45662,4.07649,-3.46707,1.71341,8.18888,-1.8334,-6.04927
-9.0382,9.52402,4.27511,-0.519436,-0.648564,-0.580789,7.87336,0.151036,2.47316,1.8936,-5.67886,-5.26189,-7.11978,-3.81966,1.6795,-6.75495,-7.62668,-2.07139,5.13679,-3.24947,-6.45862,2.14505,7.26048,1.3433,-2.5532,4.42275,3.42785,-3.95042,-0.706575,-0.983234,8.21267,2.37683,-2.48463,-0.873154,2.30465,-5.2462,-2.06977,4.31353,-4.45341,6.78894,9.01771,9.58836,6.68847,6.41777,-4.26215,-2.07317,5.10288,9.64255,-6.88554,7.75814,9.86704,-6.23276,3.51955,2.54428,-5.31358,-8.0858,9.63105,-3.10456,2.18678,9.76235,-2.1814,-1.23057,-9.45696,9.87771
-8.49556,0.140954,7.81204,3.74475,-3.29933,-4.35392,-5.33285,-9.77009,-4.3584,-5.05558,-2.31968,4.44105,-0.737767,-3.43539,7.6048,9.86452,6.37749,7.10952,4.59028,-6.45862,-0.262547,-4.36488,-6.44583,1.03292,4.08747,-6.42407,-8.74571,0.559858,0.333408,2.9222,-9.28605,-5.58968,0.356609,6.58919,-0.830036,6.59431,-4.03215,8.96096,2.30376,-5.78193,-6.15705,5.14091,-3.76364,9.3551,-4.14354,-6.3461,5.51756,1.70437,-8.35025,6.81469,-4.03209,-5.1866,-4.60415,9.24037,2.30393,8.88762,-3.27516,-1.62308,9.05759,9.66704,-0.764581,-0.64609,-6.56537,-9.21163
0.343969,1.93789,-9.48142,3.82452,-5.70638,-9.97783,-3.94381,-4.06471,-0.805912,7.92862,-4.42379,-8.05536,-9.8107,3.4974,8.75666,5.5961,-0.22519,-6.91644,-6.98828,2.14505,-4.36488,3.37375,-8.67376,-8.56251,-5.57629,-8.35343,0.23467,4.80471,3.44397,-3.89384,0.488422,1.75467,8.11085,-8.09337,2.99074,-5.79921,-3.11169,-2.89678,1.00541,-4.54567,-9.46103,-4.80246,0.86121,3.19173,-0.808306,-5.81745,7.96008,9.4253,2.34742,-0.217679,-0.718441,1.1574,-2.81472,-7.92354,-7.86047,-9.52083,-1.58105,2.05244,1.89327,8.39669,-8.12455,5.80094,3.87014,-5.96759
0.316243,-6.12477,1.00026,-6.04302,9.25931,-7.7916,6.11272,6.69119,0.854481,-1.48011,-4.14227,0.908934,-9.19045,1.90775,-2.98133,5.05187,-5.08454,7.1516,-6.08866,7.26048,-6.44583,-8.67376,-3.86919,-6.65104,2.06761,1.41416,-7.37142,9.8773,-0.102883,5.62478,-4.7774,-1.99076,4.40853,5.22537,2.02395,4.85354,-5.26034,2.62145,5.34085,-3.65115,4.26105,5.83677,-3.69007,2.21325,2.88611,0.693384,1.2561,-6.90536,9.5021,-5.6265,-9.19428,1.76029,-3.92347,-9.13839,3.34801,-8.32201,3.40422,-8.71325,-3.74501,3.02541,0.110522,-6.84135,-5.33488,-8.8381
2.79184,5.46086,8.53,-5.31299,3.19932,-7.00805,5.7198,3.43069,-8.41748,9.99971,7.93408,7.56973,9.86761,2.1237,-4.96017,0.67348,-3.96434,-1.06637,5.02094,1.3433,1.03292,-8.56251,-6.65104,5.66632,-7.16612,-1.24166,4.00505,5.89505,-3.81434,0.473921,3.62616,1.87348,4.26075,2.11837,2.55406,5.57247,-2.69289,-4.68693,2.01583,-1.96739,-0.68496,-3.70454,8.88126,5.60129,-4.10242,-4.60348,-3.98268,-2.58945,-5.61277,-8.19955,-4.42788,-4.86131,8.96096,3.34908,-6.9032,-1.36654,1.05538,4.07803,5.06283,-2.15764,-8.68238,7.46686,-2.5684,4.52456
0.9104,0.82952,-0.498107,-8.74125,-7.58802,9.0923,0.0267082,-5.87574,-3.10059,9.347,-5.53503,1.42734,5.27439,-7.15207,4.2155,-1.01991,9.63283,4.67288,3.75173,-2.5532,4.08747,-5.57629,2.06761,-7.16612,-0.602473,-9.92634,0.992782,3.514,1.45174,2.85525,7.87736,-5.31029,3.51999,7.52335,-6.14838,2.19229,8.98742,-3.53328,3.22011,4.62359,-0.722596,3.44087,9.52063,-6.82237,-8.50563,-1.22636,-3.2403,0.244389,2.00695,-8.94095,-9.43663,-9.90202,-2.27533,-6.41354,9.11388,5.55743,9.16596,-1.80807,7.84087,5.47411,-4.13396,-5.29255,-6.48917,-7.70986
0.813107,-1.39461,-6.7024,0.98068,5.49036,-7.43539,1.20329,4.73509,-7.13155,-1.82773,-8.20206,-9.2702,8.12516,-0.766982,-5.29455,-3.45784,3.98042,-5.29391,4.92972,4.42275,-6.42407,-8.35343,1.41416,-1.24166,-9.92634,6.0335,0.69994,7.54718,8.99402,4.70102,-8.95474,-0.95384,-8.59641,-8.29543,1.78555,-9.65704,-1.95892,-0.782414,2.15597,-2.34994,0.620712,-4.7293,-9.85954,-9.05503,-7.23775,1.72299,-2.76729,-0.0226945,4.56698,6.19513,6.45208,-1.70887,-9.99479,-8.76578,6.51504,-0.466566,1.38483,4.91344,-9.78311,-4.86668,1.99151,9.45892,-4.97291,-7.1711
9.99455,-6.33123,1.40289,5.30965,-3.17534,3.6024,-2.56971,-2.39333,-0.491453,3.91067,7.35889,0.550962,5.45625,-2.24201,-9.902,-2.72249,-9.41796,-3.04069,2.43357,3.42785,-8.74571,0.23467,-7.37142,4.00505,0.992782,0.69994,2.17687,-8.25869,-9.07034,-3.48776,7.79694,2.26317,2.44528,2.40941,4.99002,-9.2065,-8.34862,8.55312,-5.39623,6.85514,8.16291,4.649,-1.8174,-9.86078,-3.92774,7.17957,-1.52346,0.0131228,-8.15966,-1.87553,-5.29627,-3.0224,3.58538,-0.0285918,-3.59266,1.29982,5.55332,-0.802917,-8.78318,3.50548,-4.43137,7.14863,9.20305,-4.31875
-7.55366,-9.70644,7.59392,6.34729,-7.33688,-0.941021,7.39934,-5.98515,-0.042535,4.59165,7.92949,1.33299,-1.58494,-5.86711,-0.544871,5.1904,9.78248,2.56574,5.27367,-3.95042,0.559858,4.80471,9.8773,5.89505,3.514,7.54718,-8.25869,-9.71872,-2.68695,5.65409,4.74234,-4.49509,5.82225,1.54557,9.14095,3.50015,9.65556,3.23562,-0.0399381,-1.92458,-8.80485,-9.24413,9.25449,8.84733,0.902422,7.655,-3.41832,8.16028,0.0974721,8.65174,9.65513,3.7063,-0.258222,2.72303,0.478427,1.5192,-0.338875,-0.2452,4.70535,-3.99514,2.96604,4.01516,5.04814,-0.403113
-4.16964,1.77474,-4.40975,-1.02256,4.97957,6.05788,-5.31583,2.94881,8.3597,2.17209,2.75773,-6.79838,-7.19006,-2.31539,8.12196,-1.65817,-3.35617,4.03309,-9.91066,-0.706575,0.333408,3.44397,-0.102883,-3.81434,1.45174,8.99402,-9.07034,-2.68695,4.19958,8.32945,5.83886,7.31786,9.40767,1.86321,-9.25664,9.00697,-4.48747,3.15685,-2.68392,-2.62149,-1.83711,3.94687,9.74533,4.12626,-8.22914,-1.24031,-0.974044,5.4989,-7.55278,-3.45445,7.83231,-6.37495,-4.65247,5.10046,8.22302,4.675,-0.163243,-4.60531,9.24688,5.6356,9.58954,-5.34194,-2.48959,-3.17892
2.21247,9.63098,3.36943,-7.7035,7.84952,-5.41411,3.08368,2.2962,1.88492,1.03626,-1.53706,-0.296854,5.26073,3.51284,9.91524,-5.40999,-3.72015,-5.63633,0.307267,-0.983234,2.9222,-3.89384,5.62478,0.473921,2.85525,4.70102,-3.48776,5.65409,8.32945,-5.08459,6.17522,6.90661,-4.02538,-1.99223,-0.0769236,8.92446,-1.42635,8.19142,9.083,-3.06478,-3.47744,8.07684,2.2365,7.73665,-6.51694,6.81939,-9.81682,1.75464,-8.55123,-8.1936,8.0352,-3.76439,-1.63556,-9.9132,-0.749461,0.272678,-1.30131,9.9264,8.34655,-7.99633,-9.78083,3.57819,-4.36009,-3.69062
-8.85753,-8.48882,2.02337,0.348051,-8.99358,-9.32259,6.52695,4.81535,-3.11313,-8.35867,-7.66405,4.92328,-6.43169,6.58653,4.91933,-9.13445,2.69844,1.47441,3.73934,8.21267,-9.28605,0.488422,-4.7774,3.62616,7.87736,-8.95474,7.79694,4.74234,5.83886,6.17522,1.33883,7.89914,-2.17599,2.35762,4.47053,-8.29959,2.88358,-9.87739,6.5311,-1.28647,-7.09603,-7.4895,-9.63442,-3.47757,3.8286,-4.14937,-3.07593,2.5492,-2.60056,8.08646,-9.88246,5.59279,8.92909,1.47194,-2.53002,-5.37028,0.307393,5.66006,3.72209,8.26709,1.48332,3.98026,8.67987,8.32386
-0.985725,6.34603,6.87579,-5.71914,-8.5358,-0.729048,-8.92125,3.65976,-3.35442,6.03242,-0.998328,3.52954,-7.04346,-0.241833,3.60819,-9.86266,7.67576,-2.40401,6.37753,2.37683,-5.58968,1.75467,-1.99076,1.87348,-5.31029,-0.95384,2.26317,-4.49509,7.31786,6.90661,7.89914,-6.31617,2.48021,-2.32082,3.85191,5.4312,3.15686,-4.21838,2.14201,7.53164,-1.37569,-9.66967,2.20176,7.89757,-0.817452,-8.98954,-4.71729,4.01741,7.47978,9.19203,-6.94487,7.40546,8.07804,5.94829,4.76427,9.67283,-0.115677,-4.9928,-6.09744,-2.73411,-0.452169,8.93793,8.61399,3.98249
2.28801,2.38609,-9.83064,0.216801,9.9695,7.88401,-2.49964,-5.87083,-9.53158,-3.86041,9.55494,-8.97753,-4.99664,-3.762,4.13866,9.0138,-3.31937,3.80144,0.80526,-2.48463,0.356609,8.11085,4.40853,4.26075,3.51999,-8.59641,2.44528,5.82225,9.40767,-4.02538,-2.17599,2.48021,-3.24193,-8.31904,3.80249,-8.20741,8.56492,4.14186,7.70404,-6.9475,-8.93768,-9.74107,2.1225,-6.84097,-6.35477,6.4293,7.23153,-2.06283,6.49399,3.82946,-0.900823,-4.7505,7.88629,-5.72096,-7.33073,-2.29234,2.30534,-8.48046,-0.348106,-7.92038,-9.64551,3.90996,-6.26517,2.72397
4.46373,7.05704,5.79659,0.495446,1.74907,8.41859,8.1512,4.24355,4.76874,2.82035,2.04789,3.39425,-0.113865,4.45786,0.359926,7.33558,8.49032,-8.05034,3.75583,-0.873154,6.58919,-8.09337,5.22537,2.11837,7.52335,-8.29543,2.40941,1.54557,1.86321,-1.99223,2.35762,-2.32082,-8.31904,8.02024,0.128714,0.261969,8.87404,-9.0542,7.39068,6.8769,-1.80715,8.33767,0.193765,-9.65697,-0.821079,0.383825,-5.37816,7.21251,-8.40446,-3.56099,-0.638184,2.67613,-4.93143,-3.48948,-7.41109,6.88737,-7.71479,-4.2862,-0.929062,-9.23282,-4.03645,9.66807,-7.15236,-1.85568
6.72654,-3.60884,2.49649,-4.43199,-6.20619,-5.7734,-4.41546,7.30894,0.559887,5.49134,-0.0943799,-4.06489,8.45314,3.62457,-5.20077,2.38033,-0.78688,3.09422,-2.27197,2.30465,-0.830036,2.99074,2.02395,2.55406,-6.14838,1.78555,4.99002,9.14095,-9.25664,-0.0769236,4.47053,3.85191,3.80249,0.128714,9.93341,9.45084,-9.0566,-1.42579,-0.067401,6.90172,2.69298,-3.17513,-9.93627,-3.61636,-4.70667,-2.76031,-3.02104,-3.88312,-6.71542,-3.09343,7.74363,8.16765,-7.56739,5.41699,2.9043,-1.71324,5.1482,8.47711,-3.82538,-7.06708,3.75656,-2.06733,7.78026,-4.30079
1.79725,0.114369,0.970414,-1.53877,2.5764,-9.22691,6.12498,9.58475,1.29092,-9.93046,-3.56493,2.27035,9.54956,-3.86649,0.851806,5.97438,-3.37799,6.63303,-3.29815,-5.2462,6.59431,-5.79921,4.85354,5.57247,2.19229,-9.65704,-9.2065,3.50015,9.00697,8.92446,-8.29959,5.4312,-8.20741,0.261969,9.45084,-7.93066,2.53523,4.10141,0.627381,2.60601,-0.505709,-7.0517,-5.97113,1.81102,-6.01734,6.26923,-7.48869,-1.24056,-6.80809,-2.80998,8.16548,-6.63367,4.45716,9.65476,-5.06481,3.13154,3.91441,-8.02912,6.45954,-1.20694,0.0114708,-4.97403,-2.00419,-2.71726
-5.19931,8.11165,6.12367,-7.32526,7.61435,5.32728,5.62402,6.64517,8.0688,-9.62373,-3.11099,4.26454,-0.320748,9.94404,7.93583,-4.70646,9.22512,-8.56588,6.10605,-2.06977,-4.03215,-3.11169,-5.26034,-2.69289,8.98742,-1.95892,-8.34862,9.65556,-4.48747,-1.42635,2.88358,3.15686,8.56492,8.87404,-9.0566,2.53523,3.64684,3.66379,5.92505,1.74073,-6.69171,5.48321,5.25438,8.66101,6.00347,4.96127,-2.88004,9.49702,2.58752,2.75381,-3.32062,-9.59022,-6.4104,6.55656,8.85127,-5.5712,3.46604,8.7984,6.60668,4.18086,9.03676,-6.22144,-7.97513,4.76286
-6.80153,4.87248,-5.24392,8.29592,-8.95763,-3.01846,-4.16362,6.17634,-3.64611,-9.03795,9.37076,4.29971,6.19049,9.9723,-4.80596,-5.63887,2.33384,-0.0322253,9.68883,4.31353,8.96096,-2.89678,2.62145,-4.68693,-3.53328,-0.782414,8.55312,3.23562,3.15685,8.19142,-9.87739,-4.21838,4.14186,-9.0542,-1.42579,4.10141,3.66379,-1.18221,8.39486,-6.22626,3.68676,2.87501,0.0541648,2.90567,-4.88139,-4.37462,4.07341,-6.33637,9.01713,-3.74902,-0.101362,-6.31338,-9.45661,-5.73314,-7.8981,6.38351,-3.54581,-8.9249,-2.3134,-8.44069,5.83403,-1.20869,2.47747,6.8958
-8.52101,-2.58051,0.666604,4.39305,-7.44834,9.5857,7.55374,8.04427,2.65745,9.01413,4.10691,3.76171,3.10935,-2.67356,6.06594,7.80776,-2.56888,-6.29099,-8.93919,-4.45341,2.30376,1.00541,5.34085,2.01583,3.22011,2.15597,-5.39623,-0.0399381,-2.68392,9.083,6.5311,2.14201,7.70404,7.39068,-0.067401,0.627381,5.92505,8.39486,9.02572,-4.10814,8.05695,-6.62947,-4.33832,-6.77047,8.68536,-2.41263,4.70711,-2.25084,-8.33002,-0.359411,-2.91427,2.04438,2.29858,8.39274,-7.74273,3.23834,8.71731,-5.34088,7.37932,3.57657,2.19239,-6.46842,-9.66708,-1.29847
6.03122,8.68684,9.81155,-2.7263,6.42045,-6.33203,9.52389,-4.39044,-4.62766,-9.41309,-8.54803,-1.33831,2.90836,-4.74722,7.62265,8.81128,-5.20233,-9.36668,-5.95236,6.78894,-5.78193,-4.54567,-3.65115,-1.96739,4.62359,-2.34994,6.85514,-1.92458,-2.62149,-3.06478,-1.28647,7.53164,-6.9475,6.8769,6.90172,2.60601,1.74073,-6.22626,-4.10814,0.333699,6.79355,9.62416,-6.9867,9.66698,7.62957,-7.74255,-4.63546,-8.35164,8.23301,1.30441,6.11763,-9.75394,-3.97763,-6.38015,6.17063,3.2764,-7.15313,-0.950763,-6.27739,-0.346628,-9.16071,-3.61629,-6.72695,7.30904
-1.92273,-0.574974,3.97474,8.02382,-0.14172,6.54412,0.664311,-7.34703,-5.27133,1.02328,-4.768,-7.16602,-2.06604,4.89001,-2.77074,0.514853,-3.62928,0.0827033,9.89367,9.01771,-6.15705,-9.46103,4.26105,-0.68496,-0.722596,0.620712,8.16291,-8.80485,-1.83711,-3.47744,-7.09603,-1.37569,-8.93768,-1.80715,2.69298,-0.505709,-6.69171,3.68676,8.05695,6.79355,-8.77557,-5.14208,-9.12304,5.25525,9.27752,4.75235,6.39051,-4.77472,9.77019,8.94457,-5.25986,-5.08439,-5.24035,-7.5313,3.39997,-2.63134,-6.48798,-1.05621,0.434124,1.58466,-9.97946,-0.795735,-7.50407,-8.75527
-9.67243,8.13908,-2.78902,7.31074,-3.03968,-0.86182,-2.60056,-1.71286,-9.30929,-2.50846,-8.56538,9.84998,-5.57425,-5.32521,-1.75406,-6.43162,8.94148,1.84889,-0.615598,9.58836,5.14091,-4.80246,5.83677,-3.70454,3.44087,-4.7293,4.649,-9.24413,3.94687,8.07684,-7.4895,-9.66967,-9.74107,8.33767,-3.17513,-7.0517,5.48321,2.87501,-6.62947,9.62416,-5.14208,-8.28843,5.88501,-4.90237,-0.708968,2.97882,7.37948,-5.56717,-5.58043,5.79959,-8.30642,0.660707,8.63386,-1.68043,6.80361,-0.693835,-0.199731,5.5737,-7.1839,0.857855,-7.10914,-4.37968,9.22501,2.08173
9.38852,-5.88978,4.65959,-6.59735,-8.90891,4.04453,9.02997,-9.27528,-6.75399,-6.51151,-1.76038,1.45662,-8.62329,-2.31071,-0.384469,-8.63081,8.19455,-2.68243,-8.87424,6.68847,-3.76364,0.86121,-3.69007,8.88126,9.52063,-9.85954,-1.8174,9.25449,9.74533,2.2365,-9.63442,2.20176,2.1225,0.193765,-9.93627,-5.97113,5.25438,0.0541648,-4.33832,-6.9867,-9.12304,5.88501,-2.14164,-6.7166,9.36958,-9.18334,-1.7049,2.06148,-9.50357,-7.06899,1.51164,2.83023,-5.36724,0.375347,6.3209,4.43968,-5.59705,-0.448935,-0.732744,-0.922671,3.79766,9.6108,-3.81867,-5.65488
-2.62592,4.44421,-0.0872891,1.85607,8.1055,4.05044,7.60543,-4.65039,3.07398,-8.27986,5.10128,7.0372,-3.38869,-0.749502,-1.35901,0.750589,-6.43167,6.48796,-8.62448,6.41777,9.3551,3.19173,2.21325,5.60129,-6.82237,-9.05503,-9.86078,8.84733,4.12626,7.73665,-3.47757,7.89757,-6.84097,-9.65697,-3.61636,1.81102,8.66101,2.90567,-6.77047,9.66698,5.25525,-4.90237,-6.7166,6.33281,5.72349,7.92342,2.41717,9.15527,2.2158,-4.19475,-9.78611,-4.04948,-5.13085,-1.97147,8.36087,7.67859,3.02187,-7.42683,3.23044,4.64314,4.13656,-6.04927,-5.93875,4.95724
-6.98145,-4.84664,-5.77994,4.40451,0.706416,-1.792,-0.12461,5.49505,0.0357575,-0.633723,-4.29177,2.17037,2.83116,5.01282,3.89705,0.536313,5.23461,-9.28379,3.1562,-4.26215,-4.14354,-0.808306,2.88611,-4.10242,-8.50563,-7.23775,-3.92774,0.902422,-8.22914,-6.51694,3.8286,-0.817452,-6.35477,-0.821079,-4.70667,-6.01734,6.00347,-4.88139,8.68536,7.62957,9.27752,-0.708968,9.36958,5.72349,-7.89661,-8.04461,7.69156,-5.20937,-7.98192,-2.05117,-6.04189,-6.97599,1.28361,8.17836,-3.88017,-4.0313,-6.71243,-8.82624,-0.611206,-8.39461,0.197633,5.01722,5.66443,0.0323723
-6.65902,-7.83419,-9.04784,-8.96942,-3.6898,5.09991,5.96174,-5.06248,-0.98233,-5.02881,-2.83006,9.01197,1.56376,-1.65541,9.37188,-5.79957,-2.09697,-8.7888,-2.22784,-2.07317,-6.3461,-5.81745,0.693384,-4.60348,-1.22636,1.72299,7.17957,7.655,-1.24031,6.81939,-4.14937,-8.98954,6.4293,0.383825,-2.76031,6.26923,4.96127,-4.37462,-2.41263,-7.74255,4.75235,2.97882,-9.18334,7.92342,-8.04461,6.91579,1.39941,-1.62911,-9.57824,-8.60069,4.19484,-2.29384,2.09205,-6.69161,-7.90345,-4.46724,1.50725,-8.64011,1.68442,8.44728,5.12746,9.90102,-9.80265,8.94019
3.9456,0.55117,-8.97916,-1.28106,5.66706,-0.776354,3.99936,8.80389,4.81684,8.92708,-9.33886,-0.879233,-8.86511,-4.69361,8.06376,-4.39262,-6.97745,5.72876,-4.4982,5.10288,5.51756,7.96008,1.2561,-3.98268,-3.2403,-2.76729,-1.52346,-3.41832,-0.974044,-9.81682,-3.07593,-4.71729,7.23153,-5.37816,-3.02104,-7.48869,-2.88004,4.07341,4.70711,-4.63546,6.39051,7.37948,-1.7049,2.41717,7.69156,1.39941,6.18788,-2.09979,0.0907212,-7.99808,3.03767,0.123856,8.6895,-1.45681,2.54468,-4.19928,7.9508,2.02221,2.74096,9.14027,3.04664,-3.59914,-3.64678,4.58889
8.30413,-8.22903,-3.62659,-4.57904,8.4593,-3.64074,-4.52747,-5.4217,-9.29207,9.10677,-1.86754,-3.67708,-8.40096,-6.86064,7.45698,-6.56055,-8.99219,0.15652,6.2862,9.64255,1.70437,9.4253,-6.90536,-2.58945,0.244389,-0.0226945,0.0131228,8.16028,5.4989,1.75464,2.5492,4.01741,-2.06283,7.21251,-3.88312,-1.24056,9.49702,-6.33637,-2.25084,-8.35164,-4.77472,-5.56717,2.06148,9.15527,-5.20937,-1.62911,-2.09979,0.854627,6.38165,-3.59325,-7.48917,-4.16391,5.48049,-4.47973,-5.71889,6.69169,-9.86,5.12808,5.74105,-7.09176,-8.95831,-7.34356,9.90605,2.29137
6.49829,1.1593,7.94883,6.75475,-0.110601,2.78748,6.08776,1.51798,-3.80656,3.54885,7.76394,-3.99268,-6.10376,-9.28207,3.0523,-8.61392,-4.55069,-0.586743,9.15299,-6.88554,-8.35025,2.34742,9.5021,-5.61277,2.00695,4.56698,-8.15966,0.0974721,-7.55278,-8.55123,-2.60056,7.47978,6.49399,-8.40446,-6.71542,-6.80809,2.58752,9.01713,-8.33002,8.23301,9.77019,-5.58043,-9.50357,2.2158,-7.98192,-9.57824,0.0907212,6.38165,7.53553,8.22798,5.61606,8.35059,7.93829,-4.55813,0.799285,6.39357,-3.20693,5.16307,3.32834,8.08773,1.6257,-8.84451,-7.24485,-5.15834
-7.96827,-2.16732,1.44943,-9.81332,3.74429,6.62532,4.50089,8.03994,9.12752,-0.753741,9.47109,8.5863,5.51032,-3.16717,-8.25231,4.76263,-9.24869,4.56938,6.34706,7.75814,6.81469,-0.217679,-5.6265,-8.19955,-8.94095,6.19513,-1.87553,8.65174,-3.45445,-8.1936,8.08646,9.19203,3.82946,-3.56099,-3.09343,-2.80998,2.75381,-3.74902,-0.359411,1.30441,8.94457,5.79959,-7.06899,-4.19475,-2.05117,-8.60069,-7.99808,-3.59325,8.22798,1.3786,0.33784,-0.919766,-3.37222,-3.08147,3.71463,-0.841837,-2.24926,-2.92331,-3.12716,-0.712113,3.97148,-3.58511,1.90484,1.28827
-2.73211,-8.37573,-4.77989,-5.16458,-6.97981,6.1872,5.54556,-6.73628,-5.4788,-2.89499,1.45706,0.551532,-3.7668,9.4974,2.82368,-3.22266,-8.77955,-3.20725,-1.28959,9.86704,-4.03209,-0.718441,-9.19428,-4.42788,-9.43663,6.45208,-5.29627,9.65513,7.83231,8.0352,-9.88246,-6.94487,-0.900823,-0.638184,7.74363,8.16548,-3.32062,-0.101362,-2.91427,6.11763,-5.25986,-8.30642,1.51164,-9.78611,-6.04189,4.19484,3.03767,-7.48917,5.61606,0.33784,-9.78685,2.13031,0.587697,2.10431,-7.4304,8.2089,-3.68501,-0.00491866,1.53314,6.3513,9.10594,1.97712,-2.53025,8.349
8.51239,4.15553,-4.82092,8.00775,5.49413,5.48329,5.27099,-0.521303,4.29623,-8.93534,0.290541,-5.5328,-9.94878,1.82255,0.902587,0.494253,7.59107,5.08313,-2.10984,-6.23276,-5.1866,1.1574,1.76029,-4.86131,-9.90202,-1.70887,-3.0224,3.7063,-6.37495,-3.76439,5.59279,7.40546,-4.7505,2.67613,8.16765,-6.63367,-9.59022,-6.31338,2.04438,-9.75394,-5.08439,0.660707,2.83023,-4.04948,-6.97599,-2.29384,0.123856,-4.16391,8.35059,-0.919766,2.13031,-4.43595,3.9999,-9.61339,-3.67554,5.82976,1.68043,-9.25348,-0.875986,3.50495,9.26512,-9.75771,-2.81038,-5.61361
-2.36452,3.17606,-6.52363,-3.28024,-3.47183,8.26697,3.02184,7.20063,9.18784,8.0005,3.86498,8.9525,-9.18411,4.63577,9.20595,3.64627,9.32021,7.28096,3.97624,3.51955,-4.60415,-2.81472,-3.92347,8.96096,-2.27533,-9.99479,3.58538,-0.258222,-4.65247,-1.63556,8.92909,8.07804,7.88629,-4.93143,-7.56739,4.45716,-6.4104,-9.45661,2.29858,-3.97763,-5.24035,8.63386,-5.36724,-5.13085,1.28361,2.09205,8.6895,5.48049,7.93829,-3.37222,0.587697,3.9999,-9.65564,-1.83425,5.97712,-6.04656,7.11311,7.47919,-1.57518,3.39323,-7.57428,0.239518,-6.6077,-7.97241
-7.41885,-7.98534,1.73229,0.482804,-4.68674,5.32135,2.80131,-7.10814,2.99042,6.13202,-4.01885,-0.114026,7.68264,-4.37013,-2.42709,-9.32994,5.87035,-8.14274,8.17854,2.54428,9.24037,-7.92354,-9.13839,3.34908,-6.41354,-8.76578,-0.0285918,2.72303,5.10046,-9.9132,1.47194,5.94829,-5.72096,-3.48948,5.41699,9.65476,6.55656,-5.73314,8.39274,-6.38015,-7.5313,-1.68043,0.375347,-1.97147,8.17836,-6.69161,-1.45681,-4.47973,-4.55813,-3.08147,2.10431,-9.61339,-1.83425,-3.55351,0.323221,5.48233,-9.73743,-1.81821,9.33386,4.37894,-6.68709,0.418194,-5.54654,-5.46138
4.57797,-9.11803,9.55263,3.01825,-2.453,-2.60509,-0.115965,5.95896,2.09328,9.37153,-1.37908,-4.75556,-1.53419,5.82948,-9.99096,-4.13086,3.94818,1.62814,-0.0539959,-5.31358,2.30393,-7.86047,3.34801,-6.9032,9.11388,6.51504,-3.59266,0.478427,8.22302,-0.749461,-2.53002,4.76427,-7.33073,-7.41109,2.9043,-5.06481,8.85127,-7.8981,-7.74273,6.17063,3.39997,6.80361,6.3209,8.36087,-3.88017,-7.90345,2.54468,-5.71889,0.799285,3.71463,-7.4304,-3.67554,5.97712,0.323221,5.92193,-5.40663,3.16271,3.40841,-9.71001,-9.27085,-5.39645,3.09629,0.547591,9.27326
-8.46494,-4.13479,8.40676,-7.63365,-7.74611,-5.70745,-7.53213,-3.77241,9.78884,-8.094,-4.87826,-8.25055,6.01958,-6.55157,-0.766768,4.52316,6.56524,8.79897,9.96835,-8.0858,8.88762,-9.52083,-8.32201,-1.36654,5.55743,-0.466566,1.29982,1.5192,4.675,0.272678,-5.37028,9.67283,-2.29234,6.88737,-1.71324,3.13154,-5.5712,6.38351,3.23834,3.2764,-2.63134,-0.693835,4.43968,7.67859,-4.0313,-4.46724,-4.19928,6.69169,6.39357,-0.841837,8.2089,5.82976,-6.04656,5.48233,-5.40663,1.2186,8.94053,-3.94204,8.68274,3.91006,-1.6335,-9.9641,-6.81175,3.77421
-2.45773,-8.2441,-8.28875,-8.3385,0.903806,-4.98781,-1.47453,-4.08465,-0.414177,-5.02669,5.51066,-0.958714,0.885028,1.17863,-5.9346,5.01235,4.76222,-6.14013,2.80205,9.63105,-3.27516,-1.58105,3.40422,1.05538,9.16596,1.38483,5.55332,-0.338875,-0.163243,-1.30131,0.307393,-0.115677,2.30534,-7.71479,5.1482,3.91441,3.46604,-3.54581,8.71731,-7.15313,-6.48798,-0.199731,-5.59705,3.02187,-6.71243,1.50725,7.9508,-9.86,-3.20693,-2.24926,-3.68501,1.68043,7.11311,-9.73743,3.16271,8.94053,0.927213,-0.201266,7.39455,6.16696,3.81266,-1.81458,-0.213283,6.53332
4.08724,5.27617,-5.89191,-5.93145,-3.01453,4.88425,8.67859,-4.87129,4.74431,2.20075,-8.46667,3.66164,-0.213519,2.35232,-9.83675,-3.59819,-4.9678,4.69405,1.45662,-3.10456,-1.62308,2.05244,-8.71325,4.07803,-1.80807,4.91344,-0.802917,-0.2452,-4.60531,9.9264,5.66006,-4.9928,-8.48046,-4.2862,8.47711,-8.02912,8.7984,-8.9249,-5.34088,-0.950763,-1.05621,5.5737,-0.448935,-7.42683,-8.82624,-8.64011,2.02221,5.12808,5.16307,-2.92331,-0.00491866,-9.25348,7.47919,-1.81821,3.40841,-3.94204,-0.201266,-4.035,-8.57476,2.31034,-1.36152,8.69007,2.94433,-2.47415
4.65121,1.94805,3.24548,-8.85782,5.21595,3.61694,-6.40669,-8.5665,3.95937,1.48543,2.56597,-6.08726,8.02187,-9.05963,-9.07237,-0.80209,-5.03729,7.8212,4.07649,2.18678,9.05759,1.89327,-3.74501,5.06283,7.84087,-9.78311,-8.78318,4.70535,9.24688,8.34655,3.72209,-6.09744,-0.348106,-0.929062,-3.82538,6.45954,6.60668,-2.3134,7.37932,-6.27739,0.434124,-7.1839,-0.732744,3.23044,-0.611206,1.68442,2.74096,5.74105,3.32834,-3.12716,1.53314,-0.875986,-1.57518,9.33386,-9.71001,8.68274,7.39455,-8.57476,-9.30761,-3.53292,-9.26868,7.90879,2.88288,4.32807
0.77462,-9.84455,-4.50135,-7.28033,-3.73556,-4.73817,-5.34643,-0.253865,3.96066,2.0408,-9.64092,-7.77154,-0.912218,-5.02303,-2.47298,-5.09131,7.60048,9.83462,-3.46707,9.76235,9.66704,8.39669,3.02541,-2.15764,5.47411,-4.86668,3.50548,-3.99514,5.6356,-7.99633,8.26709,-2.73411,-7.92038,-9.23282,-7.06708,-1.20694,4.18086,-8.44069,3.57657,-0.346628,1.58466,0.857855,-0.922671,4.64314,-8.39461,8.44728,9.14027,-7.09176,8.08773,-0.712113,6.3513,3.50495,3.39323,4.37894,-9.27085,3.91006,6.16696,2.31034,-3.53292,1.30689,4.89191,-6.95746,9.79135,-8.74757
4.25701,9.79099,7.19493,-0.256493,0.728176,6.50251,3.23834,-6.64475,-9.91655,3.01973,-6.81719,7.56178,-0.525048,8.88853,2.79763,5.9604,-0.517539,-5.43374,1.71341,-2.1814,-0.764581,-8.12455,0.110522,-8.68238,-4.13396,1.99151,-4.43137,2.96604,9.58954,-9.78083,1.48332,-0.452169,-9.64551,-4.03645,3.75656,0.0114708,9.03676,5.83403,2.19239,-9.16071,-9.97946,-7.10914,3.79766,4.13656,0.197633,5.12746,3.04664,-8.95831,1.6257,3.97148,9.10594,9.26512,-7.57428,-6.68709,-5.39645,-1.6335,3.81266,-1.36152,-9.26868,4.89191,-7.33153,0.0494127,8.63471,0.3357
0.959379,-8.98924,9.26572,8.61315,4.53677,-2.96131,-6.9429,-0.388825,8.54749,-2.628,-9.91968,9.88093,9.23293,-3.17546,2.84713,-9.50121,0.0802582,-8.88437,8.18888,-1.23057,-0.64609,5.80094,-6.84135,7.46686,-5.29255,9.45892,7.14863,4.01516,-5.34194,3.57819,3.98026,8.93793,3.90996,9.66807,-2.06733,-4.97403,-6.22144,-1.20869,-6.46842,-3.61629,-0.795735,-4.37968,9.6108,-6.04927,5.01722,9.90102,-3.59914,-7.34356,-8.84451,-3.58511,1.97712,-9.75771,0.239518,0.418194,3.09629,-9.9641,-1.81458,8.69007,7.90879,-6.95746,0.0494127,1.76901,-9.31275,-4.25856
-1.46092,-9.28873,-1.21282,8.18855,3.43489,-7.41883,9.81485,8.29264,2.47121,7.31859,-2.2127,1.87183,7.39487,-6.51747,-6.11928,-6.67972,-8.36052,-2.30808,-1.8334,-9.45696,-6.56537,3.87014,-5.33488,-2.5684,-6.48917,-4.97291,9.20305,5.04814,-2.48959,-4.36009,8.67987,8.61399,-6.26517,-7.15236,7.78026,-2.00419,-7.97513,2.47747,-9.66708,-6.72695,-7.50407,9.22501,-3.81867,-5.93875,5.66443,-9.80265,-3.64678,9.90605,-7.24485,1.90484,-2.53025,-2.81038,-6.6077,-5.54654,0.547591,-6.81175,-0.213283,2.94433,2.88288,9.79135,8.63471,-9.31275,2.98974,9.10877
8.26321,-8.55776,-6.66529,0.106693,5.31448,4.64419,6.9033,-5.7986,4.87033,6.70589,-4.59693,7.85307,4.80331,-0.421414,5.55735,8.20653,5.89081,2.13784,-6.04927,9.87771,-9.21163,-5.96759,-8.8381,4.52456,-7.70986,-7.1711,-4.31875,-0.403113,-3.17892,-3.69062,8.32386,3.98249,2.72397,-1.85568,-4.30079,-2.71726,4.76286,6.8958,-1.29847,7.30904,-8.75527,2.08173,-5.65488,4.95724,0.0323723,8.94019,4.58889,2.29137,-5.15834,1.28827,8.349,-5.61361,-7.97241,-5.46138,9.27326,3.77421,6.53332,-2.47415,4.32807,-8.74757,0.3357,-4.25856,9.10877,6.52952
