-8.47298,-1.01849,0.238138,-0.224119,-6.99496,1.7473,-6.26424,-2.51535,-6.22199,-1.14067,4.49729,6.21468,-5.8713,6.00199,-4.59544,0.722368,3.51112,1.31022,-9.39125,7.19736,-7.68401,-2.65612,9.04423,-6.22883,-8.93069,4.11227,-2.99605,-3.99369,5.45744,5.94167,0.620961,8.01175,-5.79848,-5.42011,-1.63519,-7.49961,-9.20703,-4.0636,-5.57092,0.523043,9.973,-4.03298,-0.42857,3.76589,8.12425,7.83646,3.43755,-8.45606,-5.07299,1.72296,1.67726,8.41735,-3.11226,7.7625,3.56825,-9.15925,-6.48772,-5.60237,-2.96796,-4.32825,-0.0752987,8.7529,-7.06002,3.37471,-7.3562
-1.01849,5.88218,8.32885,-5.91746,-7.58859,-6.89299,1.58819,2.01354,-9.69607,6.73732,-0.658525,5.99645,7.21229,9.20867,-3.39854,-5.56216,3.78508,-5.75448,2.37678,-5.39147,-7.72486,-5.8289,1.58194,6.07856,-4.18256,-3.96927,-5.31552,-9.63881,3.28009,7.58255,-7.57116,8.50278,8.59985,4.75395,1.14117,7.52528,6.45989,2.95169,-8.43236,-0.238717,2.50062,6.00734,0.117482,6.62447,-4.16359,7.90499,2.77041,2.96013,-7.59109,-7.76765,6.16863,-8.68965,-6.19125,1.01188,4.08967,3.32832,-3.8163,-9.60254,2.19385,9.79285,8.06154,9.33601,-7.51035,6.61581,1.69626
0.238138,8.32885,4.14256,-8.9279,9.65419,6.83091,-1.0991,-6.98287,8.77371,-4.59691,-2.74094,-6.63684,0.46712,-7.69542,3.84856,-5.43818,-9.55876,-5.35766,7.69463,4.75198,-1.3387,-0.460911,-5.93767,2.77338,-6.32985,-3.65343,5.88813,-7.36332,-3.67847,9.46204,6.31182,-1.81961,5.1539,-4.65382,7.69337,5.0709,7.70912,-6.89589,6.96399,-6.52299,5.67579,3.98578,-6.69685,4.85282,6.20198,-7.13403,-2.53598,4.54509,-1.33792,-1.70371,4.04983,-4.14255,2.98022,1.55833,-0.0162044,3.57592,9.57209,-5.75362,-2.51061,-3.08593,3.58266,-6.09734,-1.37084,-1.68132,-0.860166
-0.224119,-5.91746,-8.9279,6.9684,6.67992,-0.836174,6.30841,4.48189,-5.71081,-5.29409,3.29771,-0.796833,6.41445,-5.28401,-9.7263,1.27441,-9.43616,0.453858,0.770208,1.89273,6.80746,7.70476,9.10503,-8.20056,2.55974,5.07595,-1.41893,-7.03504,-6.12968,4.6232,-8.01348,0.280736,-7.63594,6.59005,5.209,-3.92296,-8.68448,-6.4404,-7.20882,-1.31911,3.17241,-5.27388,9.76193,-6.67533,-2.17931,-1.46329,-5.54222,-9.92742,0.976148,-5.51999,-6.49524,-9.60442,-9.58056,3.38404,-9.67959,9.03022,-0.80358,1.3373,8.18436,-7.06611,-3.13955,1.56634,0.32684,-6.42753,-6.14992
-6.99496,-7.58859,9.65419,6.67992,8.66952,1.3181,-0.886311,-9.48724,-9.79645,-3.65051,1.29721,6.86689,2.15395,-5.48956,6.56946,5.7759,-6.37898,-0.0294029,5.40998,3.91283,6.81488,-2.7222,-7.57199,-6.56211,7.95053,-5.27653,-3.71922,9.38523,2.45814,6.85729,-6.59371,1.52811,-5.89923,-4.78953,-4.16167,0.994132,5.06542,-4.02903,3.0244,-6.82633,9.73849,9.06406,-6.26087,0.606996,6.57996,-2.09865,-5.29708,-1.19532,7.97691,5.4783,-3.57582,-3.31047,6.91833,1.48734,0.574909,-5.44459,0.395122,5.97407,-1.77992,0.339926,-7.60403,-7.83368,-1.21974,-4.45158,-5.03278
1.7473,-6.89299,6.83091,-0.836174,1.3181,-5.35017,3.93503,-2.36865,2.70436,2.4536,9.07646,3.22647,-6.1731,-6.03898,4.47977,8.35626,6.27476,9.23518,-8.57726,-7.23559,-0.191697,8.18042,-1.1419,-9.23872,5.95369,3.55626,9.29712,-0.934691,7.45866,4.17225,3.91712,9.77664,-9.42228,-2.15534,-0.0729266,-7.23018,4.03993,-6.79834,-3.06481,-5.14411,1.58351,-1.64914,-0.895464,-5.48717,1.79666,-3.74214,-6.38446,7.82746,-1.39818,-2.11783,-9.96515,-1.52411,0.204818,-7.28844,-0.185926,-3.45808,7.99802,-7.00429,0.745692,6.62858,4.01211,0.931824,-8.01718,0.319629,3.4683
-6.26424,1.58819,-1.0991,6.30841,-0.886311,3.93503,7.22425,4.55,-4.45944,-7.88485,-7.53591,-1.13494,9.05201,9.34084,-3.51382,8.56195,1.7078,5.65852,-7.63307,-3.28415,-4.45958,0.39286,1.95789,1.53892,-6.97637,-7.85019,4.30295,4.43466,-4.03807,2.09014,7.744,9.88971,6.01093,4.54408,8.81087,-8.12428,8.47689,-1.39831,4.30181,2.22476,5.59109,9.85867,-3.19707,6.01911,-0.385045,9.80788,-4.21871,-1.93068,-4.26208,9.52953,-5.73121,9.04649,-8.5412,4.32073,9.75595,6.98809,-7.81783,-7.75386,1.18233,-4.64698,-6.08223,2.74798,8.73963,3.90651,0.332291
-2.51535,2.01354,-6.98287,4.48189,-9.48724,-2.36865,4.55,-7.00728,2.07644,-8.28669,3.30399,4.22845,8.50806,0.0758169,-9.02262,5.67724,-1.80348,-0.564442,-1.66205,-6.59451,9.41255,-5.32315,4.74329,-1.64575,6.78658,5.67028,-1.0924,2.41346,-7.89606,-6.2308,9.50827,9.39424,-6.26408,-3.95591,8.90753,7.28581,3.01315,-6.45745,-5.2294,-4.83377,-2.69616,-0.554975,-3.85266,-8.35434,-9.00542,3.71454,7.14049,-0.583708,7.5898,3.00085,6.23658,8.40876,2.24724,-6.50971,-8.19673,-2.50581,-9.142,5.3715,0.34819,2.89996,-6.8565,-7.16055,-4.12663,-0.623828,-6.15867
-6.22199,-9.69607,8.77371,-5.71081,-9.79645,2.70436,-4.45944,2.07644,3.6456,3.84798,-2.45467,-1.03763,-9.00533,-8.32784,-2.85989,-6.38204,-6.92124,9.23205,5.8264,0.554893,-5.21946,3.07969,3.87986,-6.9905,0.113596,-7.98835,4.60339,-3.77659,7.95746,-8.63161,-6.71791,-2.65441,-6.68086,-3.60838,0.571061,-4.73587,7.1606,9.03112,-4.59547,-7.54629,1.24301,-3.66382,-8.908,-9.54526,-4.09214,3.12175,-6.54247,5.19287,1.44211,2.44585,1.11263,6.62134,7.15895,-5.85145,2.93234,0.415957,-9.98725,-5.94434,3.03229,-2.15218,8.01761,6.21016,-3.05204,8.39734,-8.3445
-1.14067,6.73732,-4.59691,-5.29409,-3.65051,2.4536,-7.88485,-8.28669,3.84798,-1.59596,3.69442,-1.27657,4.56725,6.43097,2.23464,-1.47514,4.87864,-8.73243,4.6799,-6.23909,5.71239,1.12571,-5.97823,5.22762,-0.0831263,0.137677,8.98961,2.0311,1.62539,-4.08183,-2.25968,2.69948,-1.9307,-9.82423,9.36087,-9.69884,-7.46453,4.15408,5.62102,2.13284,-9.07538,-8.47861,0.857469,-6.20749,1.75014,-7.51744,1.8788,-1.17059,-2.52993,-6.29281,8.88143,-8.99092,-6.17104,-3.46122,-0.495803,-5.12667,-9.02075,-0.23163,5.83838,-9.12285,1.31508,-9.98437,4.0959,9.76248,1.34004
4.49729,-0.658525,-2.74094,3.29771,1.29721,9.07646,-7.53591,3.30399,-2.45467,3.69442,-0.929905,7.31232,-8.95654,-5.26055,-6.58641,-7.47447,0.53235,-9.83785,6.24293,-6.00044,2.61226,9.47638,5.59716,4.92971,6.14369,0.0495385,4.28356,6.58975,-0.605197,3.99187,-2.51951,4.04373,-0.542948,-4.88068,-9.4819,-9.06656,8.58254,-2.68923,6.05907,3.30345,-7.71339,-9.67129,5.9945,4.3704,-2.76854,-3.73609,-8.95462,9.83598,-5.07169,3.70917,-3.8556,-4.33376,-2.76799,-1.73425,-0.100809,-5.61457,8.21088,-6.57001,-6.87298,-4.90973,9.76818,7.31485,3.26246,6.20517,-6.73242
6.21468,5.99645,-6.63684,-0.796833,6.86689,3.22647,-1.13494,4.22845,-1.03763,-1.27657,7.31232,-4.97729,-0.145557,-7.87366,-0.454404,0.454981,-5.92453,-7.90427,0.767913,2.22569,-6.27347,-3.08318,2.70652,-9.90121,8.84274,3.56878,7.08925,-5.08616,-6.51446,-3.19456,3.52631,7.00381,-3.99127,6.81535,-7.41914,-6.04919,-2.87956,-0.621001,-2.99725,4.715,5.38088,-2.3804,1.45767,-6.24181,-2.85564,9.75439,-8.84731,-2.06391,-6.52524,-4.45812,-1.18632,2.12444,-3.4105,-4.57478,-4.08777,1.81564,-3.93219,-3.42461,-5.50623,4.59828,-1.6458,-8.82952,7.16598,5.31918,-0.761584
-5.8713,7.21229,0.46712,6.41445,2.15395,-6.1731,9.05201,8.50806,-9.00533,4.56725,-8.95654,-0.145557,-2.19259,-7.71847,-2.40785,-7.1029,1.41345,-9.81349,5.146,7.52904,5.59979,-9.7738,-5.13603,1.56906,-7.64689,1.06783,-5.02432,9.70417,7.91507,3.8796,2.04211,-4.6988,4.22394,-4.34321,-1.75983,6.73542,-8.47896,7.89245,-4.43999,-9.57756,-5.4029,-2.46931,-8.45856,-9.095,-8.74379,7.67047,-9.81291,-7.61808,-8.34313,2.12953,-6.30006,9.91102,5.78638,-3.81922,2.64926,1.37878,-3.22239,-7.66301,6.8059,6.7863,-9.72485,5.84446,-0.344988,5.7952,5.54396
6.00199,9.20867,-7.69542,-5.28401,-5.48956,-6.03898,9.34084,0.0758169,-8.32784,6.43097,-5.26055,-7.87366,-7.71847,1.87133,3.80626,-6.07977,-7.39818,2.11371,-7.49235,7.68879,-4.05149,-9.00377,-7.48779,-7.88235,-3.22551,1.98454,5.43647,5.04769,3.36473,7.71707,5.77113,8.01569,4.87787,0.348502,8.40923,6.31858,-8.71081,-6.45975,-4.12842,-6.17165,-4.92844,-1.59717,0.0471541,5.20714,0.525152,4.80867,3.5055,-5.8712,-7.51353,-2.86683,-6.78274,8.37681,2.86264,-7.7537,-5.74622,-9.99835,6.1171,-8.41806,8.23156,2.5625,-6.65684,-8.78381,0.30591,4.11938,-2.66568
-4.59544,-3.39854,3.84856,-9.7263,6.56946,4.47977,-3.51382,-9.02262,-2.85989,2.23464,-6.58641,-0.454404,-2.40785,3.80626,4.0211,2.03737,6.27167,-8.36789,-0.778809,-7.87879,-4.02327,7.62791,-1.58146,-4.99349,-1.49548,6.45975,-5.12772,-9.13611,1.87978,-8.25447,-0.269184,-1.82487,-3.06302,5.10177,3.45353,-8.24158,-1.00468,-6.6727,-6.47157,1.07266,-1.05092,2.85922,6.34911,-5.13406,-3.191,-1.65368,7.34298,-0.699504,3.03683,7.1847,5.82139,-6.97296,1.74457,-8.17445,0.012185,7.94478,-3.21858,3.16008,-4.9423,6.38797,3.08016,7.42174,3.31258,5.46979,-3.93143
0.722368,-5.56216,-5.43818,1.27441,5.7759,8.35626,8.56195,5.67724,-6.38204,-1.47514,-7.47447,0.454981,-7.1029,-6.07977,2.03737,-2.87969,-8.85273,8.77651,-4.74738,-4.31048,-9.56658,-4.91529,-6.42816,-0.256781,-7.31168,-8.09362,4.79419,-8.03417,1.1765,5.61193,1.66658,-8.38948,0.52739,1.81342,-9.33126,3.65822,-5.51274,-6.62073,0.0519971,-1.94266,4.43341,6.87779,-2.42078,-5.31116,-8.79177,-6.66004,-3.35207,0.402032,-5.08847,-2.94048,-6.15751,0.466372,1.40396,-4.68948,0.714054,-0.760493,-0.913835,3.14146,7.29994,4.67582,-5.50403,3.48522,-7.91482,7.3943,-6.97902
3.51112,3.78508,-9.55876,-9.43616,-6.37898,6.27476,1.7078,-1.80348,-6.92124,4.87864,0.53235,-5.92453,1.41345,-7.39818,6.27167,-8.85273,-8.80601,7.1998,-7.65585,-1.05741,-8.29602,3.10886,8.14917,-8.87884,-8.92968,2.54639,-4.88667,-6.70909,6.95325,-7.51439,-3.43945,-2.37502,-9.26624,5.26184,8.32314,-2.24333,-9.93553,-5.66416,1.4393,-2.13263,-9.79135,3.47394,2.13953,0.551136,-1.25031,4.90171,2.69165,-6.7336,-2.84444,-0.24238,4.24873,-9.12854,-3.59105,4.36511,-6.60773,0.805859,3.17064,-5.66434,-8.1793,-4.80635,-5.1763,4.03941,-6.76443,8.43052,7.85663
1.31022,-5.75448,-5.35766,0.453858,-0.0294029,9.23518,5.65852,-0.564442,9.23205,-8.73243,-9.83785,-7.90427,-9.81349,2.11371,-8.36789,8.77651,7.1998,6.64733,-6.7665,7.31673,-6.01785,-9.37435,-2.66343,5.54453,5.37889,1.43083,9.40686,4.81669,-3.33997,-5.53546,-5.42629,-1.54375,9.23615,-1.67278,9.8715,4.8039,-4.94565,1.99335,-6.95994,-8.74966,1.32671,-9.56781,-0.668785,7.17136,0.587908,-2.84139,7.59458,-4.80322,0.54034,-8.44064,-5.53439,-6.0453,-7.41614,-1.62356,0.251779,2.34285,-1.51903,7.50053,-0.982096,4.54977,0.665716,5.03627,-0.614246,7.71284,-0.230807
-9.39125,2.37678,7.69463,0.770208,5.40998,-8.57726,-7.63307,-1.66205,5.8264,4.6799,6.24293,0.767913,5.146,-7.49235,-0.778809,-4.74738,-7.65585,-6.7665,0.248939,9.92612,-2.24428,-7.58095,2.31024,7.69936,-2.20554,5.34543,7.58258,4.80149,-2.77582,-9.41326,-2.56647,3.83808,6.98273,-0.586523,-6.256,-7.74267,2.53828,0.545002,-2.57976,-1.09751,6.82496,9.26943,5.89508,5.96868,7.1322,-1.41525,4.06563,-1.04212,8.32874,4.61574,7.59823,7.89073,1.58898,4.95776,8.28407,0.461618,-9.90062,8.0221,1.18362,-9.23875,5.05787,-2.87424,6.1797,-0.481296,1.35388
7.19736,-5.39147,4.75198,1.89273,3.91283,-7.23559,-3.28415,-6.59451,0.554893,-6.23909,-6.00044,2.22569,7.52904,7.68879,-7.87879,-4.31048,-1.05741,7.31673,9.92612,-0.38828,7.27239,5.08553,9.03811,8.99377,-4.49281,9.2528,-2.74183,-6.21118,7.53215,-2.46761,-8.72422,-6.87852,-1.25337,2.6477,-7.99347,1.75254,-0.220138,7.05685,-4.26277,7.37208,-5.71451,8.48677,3.55451,-0.756071,8.93894,-0.525423,3.04203,0.0145357,-8.97926,8.70297,4.90412,7.0245,3.79261,-6.80787,-5.57725,1.69493,9.51521,-7.65645,3.46207,-0.138667,-6.80779,-9.38404,6.77542,-2.52225,7.27171
-7.68401,-7.72486,-1.3387,6.80746,6.81488,-0.191697,-4.45958,9.41255,-5.21946,5.71239,2.61226,-6.27347,5.59979,-4.05149,-4.02327,-9.56658,-8.29602,-6.01785,-2.24428,7.27239,-1.47777,-2.2646,-0.75291,6.35776,-2.13963,-3.88107,4.40382,-4.43564,9.72177,-1.83525,0.633153,-5.65242,2.70451,9.99806,-7.43272,-2.74275,9.1825,0.631911,-6.95975,4.03238,6.68497,9.2889,7.53298,-9.93666,-2.30794,0.640862,-2.55637,-6.95711,-2.85163,3.52894,6.013,-5.84898,-4.29668,7.94349,-6.07827,6.88837,-5.66277,-9.03911,-8.09184,-9.50283,1.77387,-3.46302,-0.726046,2.36168,-7.22423
-2.65612,-5.8289,-0.460911,7.70476,-2.7222,8.18042,0.39286,-5.32315,3.07969,1.12571,9.47638,-3.08318,-9.7738,-9.00377,7.62791,-4.91529,3.10886,-9.37435,-7.58095,5.08553,-2.2646,0.954268,4.56496,-2.04301,0.838516,3.01595,-8.72158,-1.04167,-2.21151,-3.08175,2.29305,-0.0396225,-0.204728,-8.08084,-9.52456,6.46684,7.53914,8.76072,8.65521,-4.41189,-1.33602,-4.353,0.365818,2.25897,1.83615,7.74298,-6.24362,4.10933,-4.90174,9.38438,6.55006,-3.65907,-4.64791,-1.30546,-1.60023,1.88856,-2.22838,6.62373,1.7572,-7.20625,2.29304,6.43008,-3.37139,3.88873,-0.162066
9.04423,1.58194,-5.93767,9.10503,-7.57199,-1.1419,1.95789,4.74329,3.87986,-5.97823,5.59716,2.70652,-5.13603,-7.48779,-1.58146,-6.42816,8.14917,-2.66343,2.31024,9.03811,-0.75291,4.56496,-8.36679,0.264769,-9.54313,9.94611,6.17415,-7.76041,0.93857,2.77758,-9.98269,7.05457,9.1402,-5.8011,1.93662,-5.19476,-4.94197,-2.6002,7.09916,8.01614,5.76358,-3.59818,4.85404,-1.81256,7.70153,2.62317,-8.80905,2.45193,2.83491,-2.57449,-8.30735,8.06869,-5.18458,1.91733,5.66068,8.99022,6.28944,-4.19268,4.36327,-6.57686,-2.64178,-9.02972,-7.16535,-4.30603,4.11192
-6.22883,6.07856,2.77338,-8.20056,-6.56211,-9.23872,1.53892,-1.64575,-6.9905,5.22762,4.92971,-9.90121,1.56906,-7.88235,-4.99349,-0.256781,-8.87884,5.54453,7.69936,8.99377,6.35776,-2.04301,0.264769,-1.24284,3.30492,-4.00108,-5.3472,9.47347,-4.46302,5.42021,-1.83166,-8.46024,-6.31,-0.547389,-2.76808,-9.08014,-6.53564,8.06153,-9.86447,3.7952,-1.30895,9.6605,-7.69632,-3.72496,-2.44307,-5.55927,-1.00231,6.37719,2.02442,1.34902,-2.31717,-4.62332,3.05969,7.87766,6.20243,-5.57531,7.86988,-7.11205,8.54323,9.42971,-0.643334,9.26026,-3.49476,-0.341369,-9.19116
-8.93069,-4.18256,-6.32985,2.55974,7.95053,5.95369,-6.97637,6.78658,0.113596,-0.0831263,6.14369,8.84274,-7.64689,-3.22551,-1.49548,-7.31168,-8.92968,5.37889,-2.20554,-4.49281,-2.13963,0.838516,-9.54313,3.30492,-1.07207,4.54694,-1.50634,-2.32022,2.3051,-0.414812,-6.77473,9.48631,2.38386,-8.75682,-9.00558,0.938699,-6.10938,8.60779,-5.88062,-9.85935,-7.68258,7.72662,3.81288,-6.85333,7.67741,-2.39085,-3.53077,-2.15254,-0.883209,0.937557,3.07259,-4.00294,-0.823825,-0.25614,3.42557,2.12692,9.65497,-9.57014,-0.142479,-3.02295,7.99551,4.26667,7.60153,-6.51008,2.41896
4.11227,-3.96927,-3.65343,5.07595,-5.27653,3.55626,-7.85019,5.67028,-7.98835,0.137677,0.0495385,3.56878,1.06783,1.98454,6.45975,-8.09362,2.54639,1.43083,5.34543,9.2528,-3.88107,3.01595,9.94611,-4.00108,4.54694,-5.33541,-7.92093,-4.65054,2.49101,9.46858,1.17237,5.99903,-4.16849,0.433401,8.56567,4.2805,4.87602,9.25479,-9.3476,-2.99889,0.543978,-6.63921,-4.94122,9.77322,-6.69957,9.47953,-3.90543,-5.11419,0.383483,5.4835,-8.347,2.86258,-6.80065,7.76191,-3.02522,9.7323,4.49423,8.64779,-8.14144,-7.45349,6.43875,-8.35327,3.02294,-8.16474,0.903267
-2.99605,-5.31552,5.88813,-1.41893,-3.71922,9.29712,4.30295,-1.0924,4.60339,8.98961,4.28356,7.08925,-5.02432,5.43647,-5.12772,4.79419,-4.88667,9.40686,7.58258,-2.74183,4.40382,-8.72158,6.17415,-5.3472,-1.50634,-7.92093,3.60781,-1.92974,3.92941,-0.218814,6.10442,-8.71469,-0.299928,3.12983,-6.38123,-4.284,-1.33068,1.35978,-5.08379,-7.108,-7.55319,6.33078,3.71007,-4.08319,0.909995,-6.85182,6.82848,3.57458,-5.73219,7.69996,2.64638,9.29253,-8.32262,3.66591,2.32367,-3.16218,-5.55812,6.16513,-6.73176,1.12907,-6.72287,0.956171,6.19383,6.56154,1.67099
-3.99369,-9.63881,-7.36332,-7.03504,9.38523,-0.934691,4.43466,2.41346,-3.77659,2.0311,6.58975,-5.08616,9.70417,5.04769,-9.13611,-8.03417,-6.70909,4.81669,4.80149,-6.21118,-4.43564,-1.04167,-7.76041,9.47347,-2.32022,-4.65054,-1.92974,-0.667023,2.52815,-6.88056,6.50922,-9.6245,-4.10863,5.00429,8.53368,5.18643,-1.50827,-6.31119,-7.80976,-1.30038,-2.84767,9.83703,6.87441,7.72663,1.43705,6.70434,1.17133,-3.12723,2.55484,-6.81013,-4.55421,4.25033,3.40452,2.32469,-8.29077,-0.180742,-2.11507,-5.70427,3.97848,1.4865,6.61564,-5.89086,1.79363,3.58187,8.82218
5.45744,3.28009,-3.67847,-6.12968,2.45814,7.45866,-4.03807,-7.89606,7.95746,1.62539,-0.605197,-6.51446,7.91507,3.36473,1.87978,1.1765,6.95325,-3.33997,-2.77582,7.53215,9.72177,-2.21151,0.93857,-4.46302,2.3051,2.49101,3.92941,2.52815,6.88705,-8.87339,-8.01481,-2.25632,7.03914,9.11877,1.57173,-4.46039,8.18444,-8.07296,3.40274,-5.27993,-0.210586,5.69202,4.99502,-8.17742,-2.13236,2.67614,-3.48305,6.85929,9.46125,5.61788,-1.4684,5.46066,-9.58468,-1.42434,-8.76754,-5.53993,-8.2813,1.56413,-2.45163,5.61833,-2.0829,-7.43648,-6.62381,5.45676,2.66724
5.94167,7.58255,9.46204,4.6232,6.85729,4.17225,2.09014,-6.2308,-8.63161,-4.08183,3.99187,-3.19456,3.8796,7.71707,-8.25447,5.61193,-7.51439,-5.53546,-9.41326,-2.46761,-1.83525,-3.08175,2.77758,5.42021,-0.414812,9.46858,-0.218814,-6.88056,-8.87339,6.22551,-2.01914,2.55569,-0.316876,-6.27368,7.84995,3.94767,-5.23884,-0.805061,8.8916,2.67305,3.15241,6.89143,-2.74755,-1.25065,-3.3015,-1.58975,3.4781,1.45483,-9.74319,3.37393,-2.11663,-3.80257,7.17471,-8.47862,-3.42004,-7.91081,-0.434299,-3.07871,7.66013,-4.93381,6.92079,-3.30617,-5.67191,-3.99214,1.422
0.620961,-7.57116,6.31182,-8.01348,-6.59371,3.91712,7.744,9.50827,-6.71791,-2.25968,-2.51951,3.52631,2.04211,5.77113,-0.269184,1.66658,-3.43945,-5.42629,-2.56647,-8.72422,0.633153,2.29305,-9.98269,-1.83166,-6.77473,1.17237,6.10442,6.50922,-8.01481,-2.01914,1.10224,3.84935,-0.895142,-9.05663,-8.75938,1.5547,1.48022,-8.74502,8.27458,1.8022,8.18829,4.04082,6.71849,7.02441,6.43724,-1.93832,-9.77378,-6.36772,4.40695,-4.33902,-1.3906,-7.5353,-3.93042,2.00914,3.17896,2.59062,0.333744,5.50449,0.886229,-8.77172,-4.33315,-2.8809,6.74568,4.26957,-7.15086
8.01175,8.50278,-1.81961,0.280736,1.52811,9.77664,9.88971,9.39424,-2.65441,2.69948,4.04373,7.00381,-4.6988,8.01569,-1.82487,-8.38948,-2.37502,-1.54375,3.83808,-6.87852,-5.65242,-0.0396225,7.05457,-8.46024,9.48631,5.99903,-8.71469,-9.6245,-2.25632,2.55569,3.84935,9.71927,-3.05112,-5.77326,8.14098,-7.5889,-6.49927,0.471379,6.87788,6.11328,-3.67341,-7.66885,8.133,6.12787,-2.74244,9.6958,5.70805,-8.27392,-0.613166,9.29863,-8.92731,6.12803,-1.85421,-5.88951,-7.03732,-9.98861,-5.56649,0.663734,-9.16738,1.92337,1.69983,7.0385,-2.66821,0.618278,7.08529
-5.79848,8.59985,5.1539,-7.63594,-5.89923,-9.42228,6.01093,-6.26408,-6.68086,-1.9307,-0.542948,-3.99127,4.22394,4.87787,-3.06302,0.52739,-9.26624,9.23615,6.98273,-1.25337,2.70451,-0.204728,9.1402,-6.31,2.38386,-4.16849,-0.299928,-4.10863,7.03914,-0.316876,-0.895142,-3.05112,-9.79969,-7.84229,9.5999,9.10898,4.32958,-6.45546,-6.11074,6.0523,-8.39216,-8.28388,3.56955,3.49791,6.30551,9.0217,-8.90284,0.947409,3.99556,0.867091,-1.65655,8.58088,-4.83315,-7.76918,-6.65658,-4.41647,-4.87689,-0.370923,-5.34531,-8.90194,-8.74676,5.04329,2.11507,4.67727,-8.05571
-5.42011,4.75395,-4.65382,6.59005,-4.78953,-2.15534,4.54408,-3.95591,-3.60838,-9.82423,-4.88068,6.81535,-4.34321,0.348502,5.10177,1.81342,5.26184,-1.67278,-0.586523,2.6477,9.99806,-8.08084,-5.8011,-0.547389,-8.75682,0.433401,3.12983,5.00429,9.11877,-6.27368,-9.05663,-5.77326,-7.84229,7.88308,5.95833,-6.10403,-4.13435,-0.869445,1.56364,9.63123,-1.95239,5.12316,-9.13682,-3.77595,-0.491878,-1.52111,-2.50295,-9.1705,4.9391,-8.73094,-6.30869,2.29175,3.5556,-6.80375,-6.19457,4.30275,-2.44985,-6.80479,2.76557,6.7874,4.51452,5.45347,7.93118,9.60813,0.476004
-1.63519,1.14117,7.69337,5.209,-4.16167,-0.0729266,8.81087,8.90753,0.571061,9.36087,-9.4819,-7.41914,-1.75983,8.40923,3.45353,-9.33126,8.32314,9.8715,-6.256,-7.99347,-7.43272,-9.52456,1.93662,-2.76808,-9.00558,8.56567,-6.38123,8.53368,1.57173,7.84995,-8.75938,8.14098,9.5999,5.95833,-5.09252,4.9854,-6.94687,-3.12874,6.56784,4.3215,6.49281,-3.36347,3.98215,-2.85987,-5.52345,9.02468,2.39191,-9.42967,7.82171,-6.41774,-5.64794,0.938751,-9.31577,8.65297,2.76383,-3.43634,-8.82983,-6.081,-7.90988,4.99319,-4.74554,4.87603,5.34703,6.60982,6.24593
-7.49961,7.52528,5.0709,-3.92296,0.994132,-7.23018,-8.12428,7.28581,-4.73587,-9.69884,-9.06656,-6.04919,6.73542,6.31858,-8.24158,3.65822,-2.24333,4.8039,-7.74267,1.75254,-2.74275,6.46684,-5.19476,-9.08014,0.938699,4.2805,-4.284,5.18643,-4.46039,3.94767,1.5547,-7.5889,9.10898,-6.10403,4.9854,-3.36956,-8.68554,0.972024,-1.74584,9.76026,6.86895,-5.50823,0.106279,5.38409,-4.16342,-4.81696,8.70309,-5.46031,-4.05294,9.69084,8.39706,0.592381,6.16704,2.18592,8.95928,-3.2541,-5.82569,9.27382,-3.74513,-4.0529,-5.80646,7.37762,-9.46288,-6.08263,-9.82798
-9.20703,6.45989,7.70912,-8.68448,5.06542,4.03993,8.47689,3.01315,7.1606,-7.46453,8.58254,-2.87956,-8.47896,-8.71081,-1.00468,-5.51274,-9.93553,-4.94565,2.53828,-0.220138,9.1825,7.53914,-4.94197,-6.53564,-6.10938,4.87602,-1.33068,-1.50827,8.18444,-5.23884,1.48022,-6.49927,4.32958,-4.13435,-6.94687,-8.68554,8.43881,2.96235,5.32028,4.54207,-3.50288,-8.29556,9.91583,0.755383,1.77612,4.11509,8.55851,0.100149,8.74948,3.52971,4.75417,1.42897,7.77399,5.72395,-1.97383,1.1384,-6.88485,-7.36788,9.15185,-8.36075,6.81199,3.54799,-4.41804,0.554266,-9.70642
-4.0636,2.95169,-6.89589,-6.4404,-4.02903,-6.79834,-1.39831,-6.45745,9.03112,4.15408,-2.68923,-0.621001,7.89245,-6.45975,-6.6727,-6.62073,-5.66416,1.99335,0.545002,7.05685,0.631911,8.76072,-2.6002,8.06153,8.60779,9.25479,1.35978,-6.31119,-8.07296,-0.805061,-8.74502,0.471379,-6.45546,-0.869445,-3.12874,0.972024,2.96235,-9.18876,-5.42953,-0.69095,-7.44181,3.85801,-0.91163,6.9243,-4.14133,4.94443,7.73279,-9.09451,-3.98287,1.68203,9.45952,0.564267,9.76229,-6.38706,-6.70287,1.63405,-1.26389,-9.20355,-2.76584,8.01954,-0.871235,8.5475,-9.29344,-2.77738,-4.28453
-5.57092,-8.43236,6.96399,-7.20882,3.0244,-3.06481,4.30181,-5.2294,-4.59547,5.62102,6.05907,-2.99725,-4.43999,-4.12842,-6.47157,0.0519971,1.4393,-6.95994,-2.57976,-4.26277,-6.95975,8.65521,7.09916,-9.86447,-5.88062,-9.3476,-5.08379,-7.80976,3.40274,8.8916,8.27458,6.87788,-6.11074,1.56364,6.56784,-1.74584,5.32028,-5.42953,-6.58947,6.3517,-1.27366,-1.97948,-1.26193,-5.48692,0.273582,-5.53622,8.88357,-3.89369,-9.68535,0.206633,5.76805,9.65233,4.31783,4.91063,-5.78019,-7.19377,7.29696,9.63256,-0.0781991,-4.66902,8.60111,-0.713128,-5.217,-4.79225,1.56279
0.523043,-0.238717,-6.52299,-1.31911,-6.82633,-5.14411,2.22476,-4.83377,-7.54629,2.13284,3.30345,4.715,-9.57756,-6.17165,1.07266,-1.94266,-2.13263,-8.74966,-1.09751,7.37208,4.03238,-4.41189,8.01614,3.7952,-9.85935,-2.99889,-7.108,-1.30038,-5.27993,2.67305,1.8022,6.11328,6.0523,9.63123,4.3215,9.76026,4.54207,-0.69095,6.3517,-8.21202,3.735,-9.51124,-8.83454,5.64716,-9.96156,2.81285,-2.90284,-6.10643,3.06336,0.65084,6.5163,1.21233,1.84868,-4.2296,0.30534,1.86153,-9.59665,-9.69659,4.63529,-9.56541,-4.28078,1.39288,5.02305,5.96542,7.0846
9.973,2.50062,5.67579,3.17241,9.73849,1.58351,5.59109,-2.69616,1.24301,-9.07538,-7.71339,5.38088,-5.4029,-4.92844,-1.05092,4.43341,-9.79135,1.32671,6.82496,-5.71451,6.68497,-1.33602,5.76358,-1.30895,-7.68258,0.543978,-7.55319,-2.84767,-0.210586,3.15241,8.18829,-3.67341,-8.39216,-1.95239,6.49281,6.86895,-3.50288,-7.44181,-1.27366,3.735,-0.276581,2.9967,-8.00708,3.94481,6.23507,6.69962,7.20037,7.90058,-8.64021,8.02028,7.23412,4.76138,0.0200451,-7.11639,9.39736,8.33852,-4.91514,1.48808,9.75624,-7.38388,3.34681,6.26388,-9.37174,7.04639,-5.14537
-4.03298,6.00734,3.98578,-5.27388,9.06406,-1.64914,9.85867,-0.554975,-3.66382,-8.47861,-9.67129,-2.3804,-2.46931,-1.59717,2.85922,6.87779,3.47394,-9.56781,9.26943,8.48677,9.2889,-4.353,-3.59818,9.6605,7.72662,-6.63921,6.33078,9.83703,5.69202,6.89143,4.04082,-7.66885,-8.28388,5.12316,-3.36347,-5.50823,-8.29556,3.85801,-1.97948,-9.51124,2.9967,-7.94349,-5.57612,3.63882,8.06724,6.75844,-9.34389,-2.7109,9.69501,-1.95578,-3.14923,1.10408,3.89345,8.96583,2.53792,7.4518,0.125278,-6.67191,7.682,-8.31424,-9.90942,-2.9701,0.680588,9.02477,2.3606
-0.42857,0.117482,-6.69685,9.76193,-6.26087,-0.895464,-3.19707,-3.85266,-8.908,0.857469,5.9945,1.45767,-8.45856,0.0471541,6.34911,-2.42078,2.13953,-0.668785,5.89508,3.55451,7.53298,0.365818,4.85404,-7.69632,3.81288,-4.94122,3.71007,6.87441,4.99502,-2.74755,6.71849,8.133,3.56955,-9.13682,3.98215,0.106279,9.91583,-0.91163,-1.26193,-8.83454,-8.00708,-5.57612,-9.34121,4.34963,8.44148,-1.753,4.22125,3.45968,-9.79096,7.26082,-5.15661,8.40605,9.87111,-7.47088,-0.43416,-6.44825,9.64364,5.77508,3.67482,6.92286,-3.88377,2.38715,3.31912,-9.19632,-9.90904
3.76589,6.62447,4.85282,-6.67533,0.606996,-5.48717,6.01911,-8.35434,-9.54526,-6.20749,4.3704,-6.24181,-9.095,5.20714,-5.13406,-5.31116,0.551136,7.17136,5.96868,-0.756071,-9.93666,2.25897,-1.81256,-3.72496,-6.85333,9.77322,-4.08319,7.72663,-8.17742,-1.25065,7.02441,6.12787,3.49791,-3.77595,-2.85987,5.38409,0.755383,6.9243,-5.48692,5.64716,3.94481,3.63882,4.34963,4.74173,3.23373,5.99343,-2.0961,5.6322,4.43377,-2.84747,-6.47436,6.50454,8.78004,-6.65911,-3.85798,-5.43571,-4.98955,7.90214,-6.42071,8.6378,3.37287,1.38726,0.957791,1.61967,-2.35726
8.12425,-4.16359,6.20198,-2.17931,6.57996,1.79666,-0.385045,-9.00542,-4.09214,1.75014,-2.76854,-2.85564,-8.74379,0.525152,-3.191,-8.79177,-1.25031,0.587908,7.1322,8.93894,-2.30794,1.83615,7.70153,-2.44307,7.67741,-6.69957,0.909995,1.43705,-2.13236,-3.3015,6.43724,-2.74244,6.30551,-0.491878,-5.52345,-4.16342,1.77612,-4.14133,0.273582,-9.96156,6.23507,8.06724,8.44148,3.23373,1.25455,-3.19233,1.55686,2.04384,-8.31336,-3.31342,0.0275852,1.57232,4.73596,1.78242,-3.18605,2.72326,-8.61607,0.286663,7.72352,-3.20325,-0.572728,-6.91876,2.40121,-8.52504,-5.18561
7.83646,7.90499,-7.13403,-1.46329,-2.09865,-3.74214,9.80788,3.71454,3.12175,-7.51744,-3.73609,9.75439,7.67047,4.80867,-1.65368,-6.66004,4.90171,-2.84139,-1.41525,-0.525423,0.640862,7.74298,2.62317,-5.55927,-2.39085,9.47953,-6.85182,6.70434,2.67614,-1.58975,-1.93832,9.6958,9.0217,-1.52111,9.02468,-4.81696,4.11509,4.94443,-5.53622,2.81285,6.69962,6.75844,-1.753,5.99343,-3.19233,-0.340446,-9.32058,-0.641227,-9.07711,-0.936322,4.96569,6.12503,4.55504,4.14325,1.66325,-4.04694,2.57422,4.68102,-7.36779,-2.55033,-3.45762,-3.17149,-1.58923,-6.18658,-0.717094
3.43755,2.77041,-2.53598,-5.54222,-5.29708,-6.38446,-4.21871,7.14049,-6.54247,1.8788,-8.95462,-8.84731,-9.81291,3.5055,7.34298,-3.35207,2.69165,7.59458,4.06563,3.04203,-2.55637,-6.24362,-8.80905,-1.00231,-3.53077,-3.90543,6.82848,1.17133,-3.48305,3.4781,-9.77378,5.70805,-8.90284,-2.50295,2.39191,8.70309,8.55851,7.73279,8.88357,-2.90284,7.20037,-9.34389,4.22125,-2.0961,1.55686,-9.32058,5.37925,4.98607,8.36553,-6.67046,-6.13537,-9.36925,6.40319,-7.01571,-8.92532,7.88094,2.50222,-0.904093,-6.2923,-4.16744,2.31518,2.11396,-7.4923,2.55624,4.87952
-8.45606,2.96013,4.54509,-9.92742,-1.19532,7.82746,-1.93068,-0.583708,5.19287,-1.17059,9.83598,-2.06391,-7.61808,-5.8712,-0.699504,0.402032,-6.7336,-4.80322,-1.04212,0.0145357,-6.95711,4.10933,2.45193,6.37719,-2.15254,-5.11419,3.57458,-3.12723,6.85929,1.45483,-6.36772,-8.27392,0.947409,-9.1705,-9.42967,-5.46031,0.100149,-9.09451,-3.89369,-6.10643,7.90058,-2.7109,3.45968,5.6322,2.04384,-0.641227,4.98607,-7.14613,6.25202,-2.83718,-0.83212,-3.95404,1.22111,-9.23916,-3.26847,-6.95344,-3.78223,-9.61517,1.04658,9.69585,4.45974,-8.30352,4.89042,-1.61409,9.62861
-5.07299,-7.59109,-1.33792,0.976148,7.97691,-1.39818,-4.26208,7.5898,1.44211,-2.52993,-5.07169,-6.52524,-8.34313,-7.51353,3.03683,-5.08847,-2.84444,0.54034,8.32874,-8.97926,-2.85163,-4.90174,2.83491,2.02442,-0.883209,0.383483,-5.73219,2.55484,9.46125,-9.74319,4.40695,-0.613166,3.99556,4.9391,7.82171,-4.05294,8.74948,-3.98287,-9.68535,3.06336,-8.64021,9.69501,-9.79096,4.43377,-8.31336,-9.07711,8.36553,6.25202,-1.67369,9.94468,-4.55843,3.35155,2.19755,1.99838,8.40155,-4.78561,4.91615,-0.268406,-9.91593,-0.115194,-2.2367,7.13381,-1.02377,7.275,9.91954
1.72296,-7.76765,-1.70371,-5.51999,5.4783,-2.11783,9.52953,3.00085,2.44585,-6.29281,3.70917,-4.45812,2.12953,-2.86683,7.1847,-2.94048,-0.24238,-8.44064,4.61574,8.70297,3.52894,9.38438,-2.57449,1.34902,0.937557,5.4835,7.69996,-6.81013,5.61788,3.37393,-4.33902,9.29863,0.867091,-8.73094,-6.41774,9.69084,3.52971,1.68203,0.206633,0.65084,8.02028,-1.95578,7.26082,-2.84747,-3.31342,-0.936322,-6.67046,-2.83718,9.94468,4.39474,-8.99159,-2.70051,9.88915,-2.84427,1.92322,6.39792,7.13533,-9.29424,-7.72044,3.39688,8.26499,2.37108,-5.0627,8.92758,2.46223
1.67726,6.16863,4.04983,-6.49524,-3.57582,-9.96515,-5.73121,6.23658,1.11263,8.88143,-3.8556,-1.18632,-6.30006,-6.78274,5.82139,-6.15751,4.24873,-5.53439,7.59823,4.90412,6.013,6.55006,-8.30735,-2.31717,3.07259,-8.347,2.64638,-4.55421,-1.4684,-2.11663,-1.3906,-8.92731,-1.65655,-6.30869,-5.64794,8.39706,4.75417,9.45952,5.76805,6.5163,7.23412,-3.14923,-5.15661,-6.47436,0.0275852,4.96569,-6.13537,-0.83212,-4.55843,-8.99159,1.57935,-1.38224,9.21714,-8.39318,3.98466,-9.23671,1.58285,-3.41489,-8.95487,-0.516829,2.96307,0.134188,2.87583,-2.30421,-8.68613
8.41735,-8.68965,-4.14255,-9.60442,-3.31047,-1.52411,9.04649,8.40876,6.62134,-8.99092,-4.33376,2.12444,9.91102,8.37681,-6.97296,0.466372,-9.12854,-6.0453,7.89073,7.0245,-5.84898,-3.65907,8.06869,-4.62332,-4.00294,2.86258,9.29253,4.25033,5.46066,-3.80257,-7.5353,6.12803,8.58088,2.29175,0.938751,0.592381,1.42897,0.564267,9.65233,1.21233,4.76138,1.10408,8.40605,6.50454,1.57232,6.12503,-9.36925,-3.95404,3.35155,-2.70051,-1.38224,6.75189,-1.63208,-9.92106,6.18813,0.0713079,9.74236,-0.625156,4.83967,1.88428,5.54923,-9.02188,8.27934,-8.92409,7.83859
-3.11226,-6.19125,2.98022,-9.58056,6.91833,0.204818,-8.5412,2.24724,7.15895,-6.17104,-2.76799,-3.4105,5.78638,2.86264,1.74457,1.40396,-3.59105,-7.41614,1.58898,3.79261,-4.29668,-4.64791,-5.18458,3.05969,-0.823825,-6.80065,-8.32262,3.40452,-9.58468,7.17471,-3.93042,-1.85421,-4.83315,3.5556,-9.31577,6.16704,7.77399,9.76229,4.31783,1.84868,0.0200451,3.89345,9.87111,8.78004,4.73596,4.55504,6.40319,1.22111,2.19755,9.88915,9.21714,-1.63208,-0.7005,-5.42544,-3.52649,-7.02376,-4.98061,-6.76966,0.18974,8.74922,-9.62736,-8.38667,-8.49962,-2.9578,6.32546
7.7625,1.01188,1.55833,3.38404,1.48734,-7.28844,4.32073,-6.50971,-5.85145,-3.46122,-1.73425,-4.57478,-3.81922,-7.7537,-8.17445,-4.68948,4.36511,-1.62356,4.95776,-6.80787,7.94349,-1.30546,1.91733,7.87766,-0.25614,7.76191,3.66591,2.32469,-1.42434,-8.47862,2.00914,-5.88951,-7.76918,-6.80375,8.65297,2.18592,5.72395,-6.38706,4.91063,-4.2296,-7.11639,8.96583,-7.47088,-6.65911,1.78242,4.14325,-7.01571,-9.23916,1.99838,-2.84427,-8.39318,-9.92106,-5.42544,7.22453,9.98296,-7.75289,0.183036,9.24587,7.24204,4.21918,3.73856,3.02412,1.95409,-2.0265,3.0741
3.56825,4.08967,-0.0162044,-9.67959,0.574909,-0.185926,9.75595,-8.19673,2.93234,-0.495803,-0.100809,-4.08777,2.64926,-5.74622,0.012185,0.714054,-6.60773,0.251779,8.28407,-5.57725,-6.07827,-1.60023,5.66068,6.20243,3.42557,-3.02522,2.32367,-8.29077,-8.76754,-3.42004,3.17896,-7.03732,-6.65658,-6.19457,2.76383,8.95928,-1.97383,-6.70287,-5.78019,0.30534,9.39736,2.53792,-0.43416,-3.85798,-3.18605,1.66325,-8.92532,-3.26847,8.40155,1.92322,3.98466,6.18813,-3.52649,9.98296,-3.82444,-8.88335,-1.52637,-5.65247,5.09351,8.55106,8.76134,5.59545,-4.94953,-4.94708,6.97627
-9.15925,3.32832,3.57592,9.03022,-5.44459,-3.45808,6.98809,-2.50581,0.415957,-5.12667,-5.61457,1.81564,1.37878,-9.99835,7.94478,-0.760493,0.805859,2.34285,0.461618,1.69493,6.88837,1.88856,8.99022,-5.57531,2.12692,9.7323,-3.16218,-0.180742,-5.53993,-7.91081,2.59062,-9.98861,-4.41647,4.30275,-3.43634,-3.2541,1.1384,1.63405,-7.19377,1.86153,8.33852,7.4518,-6.44825,-5.43571,2.72326,-4.04694,7.88094,-6.95344,-4.78561,6.39792,-9.23671,0.0713079,-7.02376,-7.75289,-8.88335,3.60336,6.53728,4.93624,-6.41978,-3.87792,5.60302,-8.17821,1.26683,-4.75214,8.04832
-6.48772,-3.8163,9.57209,-0.80358,0.395122,7.99802,-7.81783,-9.142,-9.98725,-9.02075,8.21088,-3.93219,-3.22239,6.1171,-3.21858,-0.913835,3.17064,-1.51903,-9.90062,9.51521,-5.66277,-2.22838,6.28944,7.86988,9.65497,4.49423,-5.55812,-2.11507,-8.2813,-0.434299,0.333744,-5.56649,-4.87689,-2.44985,-8.82983,-5.82569,-6.88485,-1.26389,7.29696,-9.59665,-4.91514,0.125278,9.64364,-4.98955,-8.61607,2.57422,2.50222,-3.78223,4.91615,7.13533,1.58285,9.74236,-4.98061,0.183036,-1.52637,6.53728,-2.82449,-6.53629,5.12863,-4.44546,5.3601,-4.0803,9.95405,1.21998,4.11075
-5.60237,-9.60254,-5.75362,1.3373,5.97407,-7.00429,-7.75386,5.3715,-5.94434,-0.23163,-6.57001,-3.42461,-7.66301,-8.41806,3.16008,3.14146,-5.66434,7.50053,8.0221,-7.65645,-9.03911,6.62373,-4.19268,-7.11205,-9.57014,8.64779,6.16513,-5.70427,1.56413,-3.07871,5.50449,0.663734,-0.370923,-6.80479,-6.081,9.27382,-7.36788,-9.20355,9.63256,-9.69659,1.48808,-6.67191,5.77508,7.90214,0.286663,4.68102,-0.904093,-9.61517,-0.268406,-9.29424,-3.41489,-0.625156,-6.76966,9.24587,-5.65247,4.93624,-6.53629,4.67823,8.99008,-5.74016,7.59801,-8.4686,-1.62717,-9.94455,1.03527
-2.96796,2.19385,-2.51061,8.18436,-1.77992,0.745692,1.18233,0.34819,3.03229,5.83838,-6.87298,-5.50623,6.8059,8.23156,-4.9423,7.29994,-8.1793,-0.982096,1.18362,3.46207,-8.09184,1.7572,4.36327,8.54323,-0.142479,-8.14144,-6.73176,3.97848,-2.45163,7.66013,0.886229,-9.16738,-5.34531,2.76557,-7.90988,-3.74513,9.15185,-2.76584,-0.0781991,4.63529,9.75624,7.682,3.67482,-6.42071,7.72352,-7.36779,-6.2923,1.04658,-9.91593,-7.72044,-8.95487,4.83967,0.18974,7.24204,5.09351,-6.41978,5.12863,8.99008,-3.94192,1.00053,-0.33011,0.625317,-9.19325,-7.14054,-8.21727
-4.32825,9.79285,-3.08593,-7.06611,0.339926,6.62858,-4.64698,2.89996,-2.15218,-9.12285,-4.90973,4.59828,6.7863,2.5625,6.38797,4.67582,-4.80635,4.54977,-9.23875,-0.138667,-9.50283,-7.20625,-6.57686,9.42971,-3.02295,-7.45349,1.12907,1.4865,5.61833,-4.93381,-8.77172,1.92337,-8.90194,6.7874,4.99319,-4.0529,-8.36075,8.01954,-4.66902,-9.56541,-7.38388,-8.31424,6.92286,8.6378,-3.20325,-2.55033,-4.16744,9.69585,-0.115194,3.39688,-0.516829,1.88428,8.74922,4.21918,8.55106,-3.87792,-4.44546,-5.74016,1.00053,3.2273,3.83485,-1.15676,-1.84748,-3.00265,-1.04199
-0.0752987,8.06154,3.58266,-3.13955,-7.60403,4.01211,-6.08223,-6.8565,8.01761,1.31508,9.76818,-1.6458,-9.72485,-6.65684,3.08016,-5.50403,-5.1763,0.665716,5.05787,-6.80779,1.77387,2.29304,-2.64178,-0.643334,7.99551,6.43875,-6.72287,6.61564,-2.0829,6.92079,-4.33315,1.69983,-8.74676,4.51452,-4.74554,-5.80646,6.81199,-0.871235,8.60111,-4.28078,3.34681,-9.90942,-3.88377,3.37287,-0.572728,-3.45762,2.31518,4.45974,-2.2367,8.26499,2.96307,5.54923,-9.62736,3.73856,8.76134,5.60302,5.3601,7.59801,-0.33011,3.83485,-9.71609,1.83672,-8.41542,5.32285,-6.19723
8.7529,9.33601,-6.09734,1.56634,-7.83368,0.931824,2.74798,-7.16055,6.21016,-9.98437,7.31485,-8.82952,5.84446,-8.78381,7.42174,3.48522,4.03941,5.03627,-2.87424,-9.38404,-3.46302,6.43008,-9.02972,9.26026,4.26667,-8.35327,0.956171,-5.89086,-7.43648,-3.30617,-2.8809,7.0385,5.04329,5.45347,4.87603,7.37762,3.54799,8.5475,-0.713128,1.39288,6.26388,-2.9701,2.38715,1.38726,-6.91876,-3.17149,2.11396,-8.30352,7.13381,2.37108,0.134188,-9.02188,-8.38667,3.02412,5.59545,-8.17821,-4.0803,-8.4686,0.625317,-1.15676,1.83672,3.46004,0.703753,-5.99159,-8.38115
-7.06002,-7.51035,-1.37084,0.32684,-1.21974,-8.01718,8.73963,-4.12663,-3.05204,4.0959,3.26246,7.16598,-0.344988,0.30591,3.31258,-7.91482,-6.76443,-0.614246,6.1797,6.77542,-0.726046,-3.37139,-7.16535,-3.49476,7.60153,3.02294,6.19383,1.79363,-6.62381,-5.67191,6.74568,-2.66821,2.11507,7.93118,5.34703,-9.46288,-4.41804,-9.29344,-5.217,5.02305,-9.37174,0.680588,3.31912,0.957791,2.40121,-1.58923,-7.4923,4.89042,-1.02377,-5.0627,2.87583,8.27934,-8.49962,1.95409,-4.94953,1.26683,9.95405,-1.62717,-9.19325,-1.84748,-8.41542,0.703753,-8.03114,-3.18052,-7.2435
3.37471,6.61581,-1.68132,-6.42753,-4.45158,0.319629,3.90651,-0.623828,8.39734,9.76248,6.20517,5.31918,5.7952,4.11938,5.46979,7.3943,8.43052,7.71284,-0.481296,-2.52225,2.36168,3.88873,-4.30603,-0.341369,-6.51008,-8.16474,6.56154,3.58187,5.45676,-3.99214,4.26957,0.618278,4.67727,9.60813,6.60982,-6.08263,0.554266,-2.77738,-4.79225,5.96542,7.04639,9.02477,-9.19632,1.61967,-8.52504,-6.18658,2.55624,-1.61409,7.275,8.92758,-2.30421,-8.92409,-2.9578,-2.0265,-4.94708,-4.75214,1.21998,-9.94455,-7.14054,-3.00265,5.32285,-5.99159,-3.18052,5.05114,8.47529
-7.3562,1.69626,-0.860166,-6.14992,-5.03278,3.4683,0.332291,-6.15867,-8.3445,1.34004,-6.73242,-0.761584,5.54396,-2.66568,-3.93143,-6.97902,7.85663,-0.230807,1.35388,7.27171,-7.22423,-0.162066,4.11192,-9.19116,2.41896,0.903267,1.67099,8.82218,2.66724,1.422,-7.15086,7.08529,-8.05571,0.476004,6.24593,-9.82798,-9.70642,-4.28453,1.56279,7.0846,-5.14537,2.3606,-9.90904,-2.35726,-5.18561,-0.717094,4.87952,9.62861,9.91954,2.46223,-8.68613,7.83859,6.32546,3.0741,6.97627,8.04832,4.11075,1.03527,-8.21727,-1.04199,-6.19723,-8.38115,-7.2435,8.47529,8.5753
