7.54219,-9.80981,5.61477,1.71604,-7.66626,1.51028,-0.0505591,2.26065,0.0986842,-1.52599,3.07519,-8.03653,-5.15411,8.4757,-6.6596,-1.6499,-5.89581,1.72927,0.696409,8.47722,-7.34344,7.78813,3.36448,-2.26831,0.338671,-3.23304,7.96377,4.53834,-9.2479,-8.88197,-8.54241,-9.42117,2.05874,1.53234,-4.21686,-8.46588,-4.15749,7.67554,5.854,3.20429,0.438535,-8.52314,5.45525,-9.94754,3.87523,0.654867,-2.2655,-5.94613,0.111119,7.35279,3.27902,-6.21406,5.09347,0.768756,4.05127,1.70551,7.39031,-1.97904,2.78617,3.52582,7.48476,7.29224,8.97888,0.341432,2.27313,-0.57897
-9.80981,4.89164,-7.94355,-3.3862,8.70572,-5.39728,-5.94133,5.921,-2.06361,4.5043,-7.41867,4.31683,8.34726,-2.48672,-5.5497,-7.95161,3.45069,3.71148,3.46513,-9.76062,6.07842,9.19521,-0.684173,-4.86044,-2.27808,-3.57417,9.39781,-1.72324,-4.60779,-3.47319,6.33823,-2.43099,-7.31867,8.45873,-0.355671,-1.26441,2.86372,7.97046,5.75233,-4.54196,5.3436,-7.27217,-3.81026,-0.509113,-3.24117,-8.23328,-7.7863,-0.389606,-5.05055,3.43853,-4.90599,7.5791,-6.40713,4.71125,-7.07149,4.90823,1.62061,-2.92887,1.94149,9.04816,6.50607,6.26407,-3.52916,5.22603,-1.14115,-9.23362
5.61477,-7.94355,0.401909,-9.87207,-5.50772,-8.30428,0.919548,6.05508,0.692546,-8.32213,-9.5753,-0.155373,-6.79442,-1.24028,0.581437,1.9654,3.83487,-6.24367,-6.29409,6.30712,0.399552,-8.49387,-3.06493,0.554298,8.41339,-1.9747,7.62878,-3.32218,-1.56756,-0.0705597,5.49372,-6.89215,-7.79588,5.55054,-9.52647,3.1221,6.3577,-0.771243,-4.35941,0.938494,7.63576,2.50757,-3.39382,-4.54096,2.51606,-1.80981,-6.55929,-6.40919,-0.282507,5.92997,8.85553,-7.31902,-8.59741,-4.22013,-9.88115,-6.04527,-3.93055,-0.698325,1.75051,7.72625,-9.60776,-3.19047,-0.981612,-6.93435,9.98051,7.5516
1.71604,-3.3862,-9.87207,-4.28169,1.05425,-8.3773,-1.78801,-8.32467,-0.708865,-8.02743,-2.71503,-7.52548,-1.74891,-8.2088,-1.43458,-3.75171,1.02689,-6.0584,9.54406,9.64661,-4.78161,-0.630239,-6.67838,1.25416,3.99436,8.34614,-5.25654,8.48155,-6.8995,-4.04907,-7.78927,7.80872,-5.97924,9.59193,-9.33092,-2.22835,9.81597,-4.37307,8.19841,3.72172,-6.60377,-7.2222,-5.84668,8.26473,8.41123,7.95329,3.64578,-1.1944,-1.46214,2.2146,5.08576,3.69541,-4.95324,-0.000143296,-7.16072,8.09091,0.92243,-2.73209,-3.40812,-9.9923,-8.24292,-7.59551,7.28767,9.69838,1.98413,-8.44274
-7.66626,8.70572,-5.50772,1.05425,-1.67297,2.84998,-2.17468,9.57643,-9.1564,-5.9781,-7.30774,9.8899,-3.33887,0.691282,0.832488,6.52955,2.81664,-9.64988,-6.33602,-8.8256,-6.14366,-7.63319,4.85808,-2.38029,4.2783,-4.34438,0.673375,1.04,9.85948,-1.67914,-3.6547,0.914058,-5.36872,-3.62888,-0.230237,-7.31357,-1.35617,-2.05282,-0.188484,-6.67896,-4.62441,-0.943328,6.29993,8.60922,3.02038,3.74815,-5.02512,-3.46813,-1.22287,-9.28898,-0.762434,-3.31859,-2.00984,4.39001,-1.42007,5.61019,-1.16881,-3.9479,6.55739,-6.76505,-1.14097,-7.62175,-9.5581,-4.73207,-0.311239,-5.68593
1.51028,-5.39728,-8.30428,-8.3773,2.84998,3.11317,1.19644,-9.50604,-2.82682,-0.647346,-3.21667,-7.3529,9.20433,-7.2994,-6.19533,2.98298,-0.745796,-2.86781,2.01544,-0.902117,9.03288,-3.64386,6.24502,1.84132,-6.02675,9.69316,-7.43968,6.83032,-9.10352,0.850489,5.57416,2.99669,-1.41505,-9.71685,2.38622,0.285421,-3.65494,-3.97424,-0.0683034,-3.10984,3.86157,9.85387,6.35728,6.23484,-8.05373,0.504568,3.79297,3.53303,-4.57104,9.93779,-9.95981,1.20777,3.18655,2.85813,-9.97115,4.91336,-9.62796,-8.40296,9.61549,-5.70837,4.49195,-7.48728,8.02086,2.44629,-0.333552,-0.959574
-0.0505591,-5.94133,0.919548,-1.78801,-2.17468,1.19644,-6.33214,-1.8266,4.35077,5.51429,-7.7178,-4.47027,-4.20805,-6.42719,1.7785,-1.33662,-7.97474,-9.65416,7.36574,-4.21763,9.65241,-5.02558,6.9095,1.94173,-5.21695,0.848683,7.51413,1.18291,4.81931,-1.92055,-2.40701,-4.6186,8.65337,-9.93148,2.98569,1.37265,5.13406,0.847223,9.82416,-6.48436,-7.13765,1.75703,-0.0541401,-0.934742,-0.405698,1.03946,-7.41193,-3.69337,8.73152,5.09693,4.66093,3.24154,-8.07401,-3.22298,6.7382,5.0015,8.70464,-3.22627,-6.75275,-2.5855,6.03851,-2.4577,-8.22119,-2.77577,-4.73864,-9.99179
2.26065,5.921,6.05508,-8.32467,9.57643,-9.50604,-1.8266,4.49157,-7.2318,-5.29127,-1.1647,-2.49969,-7.12337,-0.202088,-4.99062,2.17437,-4.38035,7.37083,-3.42296,-9.15985,5.03279,1.5465,-9.3643,4.70154,-2.38852,-8.76135,4.96973,-7.99253,-5.39279,6.39359,-8.88362,7.44229,7.31367,4.46741,-7.76559,-1.58617,4.35988,5.19632,9.93923,-6.80064,5.06544,-6.57059,5.33556,6.20343,-8.26746,-6.52947,-8.67598,-9.39612,-4.89419,5.0128,-6.38648,7.21594,0.168619,3.54105,8.5118,-3.36736,-5.86778,6.60733,-9.89319,-4.13867,-6.61154,2.03636,4.36739,9.68993,3.83492,0.741239
0.0986842,-2.06361,0.692546,-0.708865,-9.1564,-2.82682,4.35077,-7.2318,-4.14705,-2.6967,6.98221,7.45488,8.13883,2.0775,-1.31341,-8.2433,5.0951,-7.02391,-5.42817,7.29636,-5.97339,4.18256,9.67811,4.04145,3.7622,2.12499,-8.12126,-3.3303,-6.15239,-6.25083,-0.44326,-1.00394,-4.36656,8.89889,-7.22373,-8.92818,4.37014,-2.39635,-8.0551,-0.413248,-5.11177,3.28768,-1.32092,-4.78943,4.09981,8.11303,0.519454,3.37234,3.62169,-4.1124,-3.40014,2.31531,-6.9125,-1.1855,-6.18693,-6.47546,-3.17476,-7.08434,-3.50749,-9.73024,-9.36227,-6.76477,-0.486839,-2.54707,-6.89818,7.37569
-1.52599,4.5043,-8.32213,-8.02743,-5.9781,-0.647346,5.51429,-5.29127,-2.6967,-0.181182,-9.90124,-6.70511,-7.42915,-3.85826,9.83943,8.69998,0.25532,1.10898,-4.22942,-1.77099,-7.43878,4.60015,3.03262,1.50757,-8.8097,-1.59923,-0.731415,8.15633,7.47953,-7.67557,0.0621328,4.42377,5.58202,0.0658177,-0.0826449,9.64994,-3.83288,-5.48053,-4.86495,6.52878,-2.0467,5.56321,5.90428,9.91968,-0.770594,0.778358,-1.14868,4.64737,-8.75892,5.99347,-4.36185,0.508203,-8.03891,1.96484,2.52381,-5.63424,-2.47297,-8.4434,0.155508,1.97857,1.21287,-4.68628,-7.68793,-7.6748,2.26828,9.52855
3.07519,-7.41867,-9.5753,-2.71503,-7.30774,-3.21667,-7.7178,-1.1647,6.98221,-9.90124,6.93533,-0.510862,-2.78068,-7.2606,-2.36584,8.78783,4.65572,1.69705,6.50782,-2.48912,4.27961,5.84846,-1.81066,-9.52863,7.11638,0.497212,6.66499,-7.92202,-7.18226,1.15396,-9.71831,4.30122,0.235759,-1.92242,0.583888,6.9588,1.9767,9.76018,-8.91975,5.03178,-0.416446,6.85828,-0.289375,1.0503,9.41128,-9.17371,-2.74133,-4.44507,-4.25218,-7.41526,6.64554,2.99567,0.0492059,4.87547,3.77674,8.97376,9.34476,2.32242,-0.472268,-0.449718,5.96446,-5.52624,-6.07097,-5.90387,6.12676,-9.23274
-8.03653,4.31683,-0.155373,-7.52548,9.8899,-7.3529,-4.47027,-2.49969,7.45488,-6.70511,-0.510862,-9.8565,-5.13956,4.85005,-7.95246,9.61374,0.394131,2.026,-8.17358,-8.87976,0.179325,-8.41972,-6.38591,7.40553,0.300221,7.54848,8.0317,9.15222,-4.25409,4.33469,7.71057,0.566337,-3.08863,1.33503,1.72181,9.49195,0.486292,-1.69542,8.58751,2.33734,-4.3519,6.76064,-7.7545,8.54204,1.65404,-5.33155,6.92167,-3.88488,8.83548,7.37251,5.08481,-9.30617,2.54531,7.80709,-6.86513,-4.97473,-8.92675,-8.36556,-2.15002,-7.82335,-9.42886,4.76017,5.84977,-1.53068,-4.91791,1.73299
-5.15411,8.34726,-6.79442,-1.74891,-3.33887,9.20433,-4.20805,-7.12337,8.13883,-7.42915,-2.78068,-5.13956,1.99957,-2.23677,-1.53616,9.73927,-5.2807,7.35084,7.38008,-0.858107,8.69334,-0.0526091,-0.274424,-4.82148,8.27635,-8.44783,0.899777,-6.58373,2.74547,8.53026,-1.9332,-2.19732,7.35749,8.25889,-6.8472,0.238402,-1.13094,-5.58865,-2.58333,6.07924,-9.17287,-3.56456,-3.69082,9.87634,0.385403,-0.491231,-8.09862,-4.93815,-4.78984,-5.31298,8.19895,-9.29498,-3.60465,-1.8493,-3.00402,8.90745,-3.93805,0.0919585,4.50278,-3.63221,2.54967,-4.99086,-3.74773,-3.13456,-7.25325,3.105
8.4757,-2.48672,-1.24028,-8.2088,0.691282,-7.2994,-6.42719,-0.202088,2.0775,-3.85826,-7.2606,4.85005,-2.23677,-5.14948,9.0054,-6.37591,5.09997,2.76303,5.19154,7.79458,0.88807,1.07093,-6.56139,8.69785,-4.85064,-9.47565,3.24245,-6.66441,-6.33071,-6.77447,-7.37136,-4.88911,-2.93824,1.82265,0.644691,-2.32804,3.11787,5.92564,-5.49531,-4.87253,-5.98012,-6.62953,3.40793,-4.90833,-4.37003,-6.44616,-3.44446,4.46967,-7.34206,0.553735,-9.56721,9.87283,-1.49793,-3.17888,-8.9526,5.4592,1.68482,-5.33168,7.30259,2.77324,-1.87678,9.73394,6.35038,2.63932,4.7048,9.32824
-6.6596,-5.5497,0.581437,-1.43458,0.832488,-6.19533,1.7785,-4.99062,-1.31341,9.83943,-2.36584,-7.95246,-1.53616,9.0054,7.3568,-0.615992,5.00231,-4.02382,-8.41044,2.27516,4.2001,5.59846,7.36441,-2.88406,6.14375,3.93348,-6.44364,4.00563,-0.119242,-6.00798,5.1551,7.06134,-7.47219,-7.48611,3.98203,3.46922,-7.96534,9.05822,-7.21608,3.64468,9.12973,-0.33282,-0.692392,-0.559123,-8.8453,1.99997,-0.0419524,0.672615,6.79928,4.30015,-1.91347,-2.61275,4.76077,0.668876,5.77994,-2.57687,3.26695,-7.32118,2.92168,-7.08875,1.10662,7.9148,-7.0115,0.507884,3.6283,-0.487798
-1.6499,-7.95161,1.9654,-3.75171,6.52955,2.98298,-1.33662,2.17437,-8.2433,8.69998,8.78783,9.61374,9.73927,-6.37591,-0.615992,-5.87193,0.709646,5.76157,-2.04816,5.18976,-0.934529,9.66782,6.06073,-6.48866,-0.795984,-8.02247,-3.23553,-2.89959,0.581181,-8.29489,3.13588,5.75405,3.97434,-0.256517,9.6806,6.97602,-9.24548,-2.58029,2.3362,-2.06589,-7.85119,1.73324,-2.82631,-5.4081,-4.09146,-3.78167,2.51164,9.06137,1.23593,8.45243,7.09713,-2.87683,-2.21682,2.16499,-7.37569,-6.02338,6.96454,5.21728,8.79156,1.8257,1.33769,-8.1949,-0.112354,-3.33144,-9.32343,-8.11503
-5.89581,3.45069,3.83487,1.02689,2.81664,-0.745796,-7.97474,-4.38035,5.0951,0.25532,4.65572,0.394131,-5.2807,5.09997,5.00231,0.709646,-7.5051,-9.81046,9.02175,8.20698,1.49694,7.39241,2.30194,-2.8111,7.25556,2.01455,-9.60735,-3.26574,-1.87987,-3.59102,-7.54894,4.07959,-0.282816,5.06465,-5.04261,3.14114,2.84041,-2.13491,-0.851167,9.03622,1.36161,-6.55853,5.18372,0.930558,-5.68473,-2.63439,-0.112581,1.00641,-0.56642,-9.22497,-1.75833,-0.65156,-1.29758,4.79548,-3.96499,-3.88068,-9.22757,-9.64681,-4.92196,3.25807,2.84426,8.34676,0.220147,-2.98928,-7.68897,4.95298
1.72927,3.71148,-6.24367,-6.0584,-9.64988,-2.86781,-9.65416,7.37083,-7.02391,1.10898,1.69705,2.026,7.35084,2.76303,-4.02382,5.76157,-9.81046,1.0448,9.04259,7.25364,-1.83117,-5.77351,4.77882,-5.91275,-7.8749,-2.56183,4.81501,4.86776,-9.52355,1.41205,7.04956,6.17324,8.76174,-5.69955,6.55041,1.36642,-0.842148,7.81388,6.38063,-5.01037,-4.63888,-8.54023,1.75153,6.22348,3.15593,-7.02676,1.08031,3.81577,-2.53408,7.22087,7.34866,-4.44385,-0.540565,-8.32229,9.62082,-3.75799,8.55208,-5.24565,9.41021,-3.28924,-9.04853,6.27684,-6.62415,6.68094,-2.59048,-6.21558
0.696409,3.46513,-6.29409,9.54406,-6.33602,2.01544,7.36574,-3.42296,-5.42817,-4.22942,6.50782,-8.17358,7.38008,5.19154,-8.41044,-2.04816,9.02175,9.04259,-2.65372,-9.52314,-6.30848,-0.703951,-9.00804,-4.1848,7.62616,-7.39283,-1.95775,5.36834,5.50877,-9.87752,-0.332987,-9.54976,6.24436,3.87239,2.6152,5.95346,-6.8064,1.56564,2.04909,4.39767,-6.33153,9.45072,-0.957253,-9.84743,4.3585,-9.22227,-9.71368,-0.922896,-5.91118,-3.29454,6.70848,-0.167438,-5.20469,6.64261,6.35293,7.66516,8.04114,-6.56633,5.93768,5.54453,7.69366,-9.37525,-9.62745,-8.01111,4.78484,3.34265
8.47722,-9.76062,6.30712,9.64661,-8.8256,-0.902117,-4.21763,-9.15985,7.29636,-1.77099,-2.48912,-8.87976,-0.858107,7.79458,2.27516,5.18976,8.20698,7.25364,-9.52314,-0.385472,-7.62844,-0.414149,5.52709,9.01651,7.28362,1.17088,-6.03034,-3.85866,-1.9949,1.67735,-7.05866,9.80739,9.82726,1.50181,1.62903,5.90276,-7.28301,-8.00489,0.575374,8.31671,9.724,1.41803,-3.65673,-4.99047,-2.51015,-7.25205,8.14894,-6.99734,-5.44915,0.279099,-2.05983,3.09709,-2.39121,-5.7654,-9.98777,6.04904,-3.40269,9.40822,3.50079,8.17765,0.602596,-0.627574,0.833486,2.14429,3.35415,0.356315
-7.34344,6.07842,0.399552,-4.78161,-6.14366,9.03288,9.65241,5.03279,-5.97339,-7.43878,4.27961,0.179325,8.69334,0.88807,4.2001,-0.934529,1.49694,-1.83117,-6.30848,-7.62844,-5.78081,-8.67587,5.85854,-5.09047,3.2289,0.510431,-2.85941,-9.53629,-6.62983,0.978955,-9.08014,9.75941,4.1331,-4.92313,-0.198311,3.63688,-4.60317,-5.66313,7.1185,-2.61003,-3.48534,2.43797,2.38619,5.93871,7.96602,3.79587,-6.0311,5.31645,-7.83059,-0.796794,0.326548,4.76014,-1.44555,-5.81589,-1.89031,6.94404,7.90736,-4.0219,-6.32483,-5.9019,7.18573,3.66203,-4.181,-8.98464,-4.59367,-9.75909
7.78813,9.19521,-8.49387,-0.630239,-7.63319,-3.64386,-5.02558,1.5465,4.18256,4.60015,5.84846,-8.41972,-0.0526091,1.07093,5.59846,9.66782,7.39241,-5.77351,-0.703951,-0.414149,-8.67587,6.58931,4.0701,-8.15563,1.49574,-8.7863,-1.10578,-9.68413,-5.26848,7.88932,-5.57374,2.78932,-5.81273,-7.99653,0.58418,1.54269,0.0436621,-0.760623,2.70686,0.815602,-2.09896,8.59471,-1.35433,-1.37253,6.44848,-7.12302,-3.25753,3.36612,-4.87275,-7.40957,1.46346,-3.63415,1.16453,1.9431,-5.11793,1.40731,5.30564,-5.10075,-1.2712,-7.14961,-3.50871,5.74724,-0.38059,-9.92135,-0.609077,-8.53287
3.36448,-0.684173,-3.06493,-6.67838,4.85808,6.24502,6.9095,-9.3643,9.67811,3.03262,-1.81066,-6.38591,-0.274424,-6.56139,7.36441,6.06073,2.30194,4.77882,-9.00804,5.52709,5.85854,4.0701,-4.85012,5.87,3.68383,9.10089,3.49954,2.58746,5.49113,3.60812,5.36498,-7.49255,-3.84635,-5.38798,-2.37225,-2.43769,-5.14958,4.13933,-2.98656,4.1417,-7.50201,-6.8612,5.66775,-1.09804,7.39088,-2.082,0.0376885,-1.45665,3.61151,0.0960833,-5.86981,-6.22737,-4.29604,7.12664,8.58206,2.20494,1.37741,0.878285,-7.02635,-0.157266,7.52603,-3.54411,-5.24674,-7.44458,-6.07843,3.37984
-2.26831,-4.86044,0.554298,1.25416,-2.38029,1.84132,1.94173,4.70154,4.04145,1.50757,-9.52863,7.40553,-4.82148,8.69785,-2.88406,-6.48866,-2.8111,-5.91275,-4.1848,9.01651,-5.09047,-8.15563,5.87,-1.79961,-4.18224,2.5575,-8.93928,-7.47477,7.19615,8.51746,2.08131,-7.37595,9.24857,9.78269,-7.7203,2.8842,-8.49637,1.54153,-9.12047,-1.43355,-0.0178666,-0.5195,5.59275,-6.91165,-2.39935,-2.32041,1.90131,1.76406,8.67352,-6.54296,-4.76914,5.25355,9.95316,3.89567,-9.45245,3.99687,-3.20962,9.69191,-5.97605,-3.29886,8.48745,-2.85858,-7.36803,-6.02485,-0.975026,-1.96264
0.338671,-2.27808,8.41339,3.99436,4.2783,-6.02675,-5.21695,-2.38852,3.7622,-8.8097,7.11638,0.300221,8.27635,-4.85064,6.14375,-0.795984,7.25556,-7.8749,7.62616,7.28362,3.2289,1.49574,3.68383,-4.18224,1.96389,-7.99987,8.57436,6.91365,6.49197,3.88123,-2.9808,4.38316,-0.189295,3.60997,-7.79161,6.82371,-5.14107,-2.00468,1.48401,-4.27506,-8.79738,9.20872,3.433,-6.34791,2.65633,2.7726,5.35511,0.833055,-7.9825,-3.68374,4.05812,-4.4186,-1.8983,-2.71972,0.641335,-2.90747,-1.56822,9.66813,9.01852,7.18331,8.90872,-9.23182,-5.95277,-0.628915,0.309494,-3.2636
-3.23304,-3.57417,-1.9747,8.34614,-4.34438,9.69316,0.848683,-8.76135,2.12499,-1.59923,0.497212,7.54848,-8.44783,-9.47565,3.93348,-8.02247,2.01455,-2.56183,-7.39283,1.17088,0.510431,-8.7863,9.10089,2.5575,-7.99987,-6.96172,-2.07652,-7.33347,-7.49784,-1.40027,-0.705101,-6.66696,-1.95741,3.23065,-7.57789,6.12231,-8.88581,-9.71347,-9.44679,5.33183,0.683105,-2.01893,-6.29915,-9.75413,1.48515,5.49063,-4.66294,2.12052,-4.62669,0.715235,4.67576,-1.04136,5.22616,-6.14922,-0.122195,-8.829,0.408855,7.46591,-3.58106,-7.02714,6.21176,1.41258,7.9487,4.91265,-7.90225,-6.87128
7.96377,9.39781,7.62878,-5.25654,0.673375,-7.43968,7.51413,4.96973,-8.12126,-0.731415,6.66499,8.0317,0.899777,3.24245,-6.44364,-3.23553,-9.60735,4.81501,-1.95775,-6.03034,-2.85941,-1.10578,3.49954,-8.93928,8.57436,-2.07652,9.6875,-1.45807,-1.15409,1.53823,0.808129,-0.873013,-8.84445,-1.23614,3.50441,-3.58255,-0.421661,6.41823,-6.98952,-0.12896,-3.24218,6.98755,-7.2121,4.21486,0.0668973,6.53637,2.84865,-6.15066,-6.82909,6.12434,-7.83046,-0.219578,0.0515115,-4.55129,4.26404,-2.91592,-7.62108,-6.92977,4.87447,-9.35254,7.2069,-3.72084,4.66994,-7.44185,-8.84002,-5.60083
4.53834,-1.72324,-3.32218,8.48155,1.04,6.83032,1.18291,-7.99253,-3.3303,8.15633,-7.92202,9.15222,-6.58373,-6.66441,4.00563,-2.89959,-3.26574,4.86776,5.36834,-3.85866,-9.53629,-9.68413,2.58746,-7.47477,6.91365,-7.33347,-1.45807,-1.01057,-2.86498,3.83744,4.61378,1.0652,9.91919,-4.63286,8.64477,-8.50356,6.65305,7.23534,8.04084,-5.23532,0.329685,-7.47685,-3.15984,-5.49584,9.90047,-8.68992,8.22172,8.05962,1.24464,2.37889,-4.44556,-2.85215,9.20945,-6.73101,9.80622,-0.921835,3.16248,-0.521341,-8.89397,0.428877,4.15831,-6.43615,6.78733,-1.41933,-5.54813,1.83102
-9.2479,-4.60779,-1.56756,-6.8995,9.85948,-9.10352,4.81931,-5.39279,-6.15239,7.47953,-7.18226,-4.25409,2.74547,-6.33071,-0.119242,0.581181,-1.87987,-9.52355,5.50877,-1.9949,-6.62983,-5.26848,5.49113,7.19615,6.49197,-7.49784,-1.15409,-2.86498,0.368347,2.09878,-5.34086,0.660209,7.0837,5.65008,-0.588582,0.648467,7.63644,-3.96305,2.9971,5.74336,-5.61162,-3.6531,-5.70915,-8.87442,8.40115,-3.73942,-7.9943,-1.37213,-1.45269,6.53783,2.29722,-7.13703,0.839427,-1.6829,-5.62688,-1.38918,8.18314,-8.01045,-6.69226,5.22288,-9.99661,-7.15509,-4.37647,-4.85831,6.9025,1.46676
-8.88197,-3.47319,-0.0705597,-4.04907,-1.67914,0.850489,-1.92055,6.39359,-6.25083,-7.67557,1.15396,4.33469,8.53026,-6.77447,-6.00798,-8.29489,-3.59102,1.41205,-9.87752,1.67735,0.978955,7.88932,3.60812,8.51746,3.88123,-1.40027,1.53823,3.83744,2.09878,-1.11963,-0.468005,8.4332,-9.2719,-3.61152,9.48604,-4.65115,-4.75413,7.94238,-3.00257,-8.555,3.44777,9.62254,3.54747,2.31683,4.11995,5.93483,-9.92586,-3.0973,2.0035,-4.04494,5.68403,-4.15825,-9.01873,-9.00211,9.60752,-8.07042,-5.58235,-7.00442,2.25774,-2.40102,-9.39947,5.37676,5.16796,2.33745,3.4053,3.1304
-8.54241,6.33823,5.49372,-7.78927,-3.6547,5.57416,-2.40701,-8.88362,-0.44326,0.0621328,-9.71831,7.71057,-1.9332,-7.37136,5.1551,3.13588,-7.54894,7.04956,-0.332987,-7.05866,-9.08014,-5.57374,5.36498,2.08131,-2.9808,-0.705101,0.808129,4.61378,-5.34086,-0.468005,5.98388,3.12262,-3.2325,-7.66694,5.86006,2.45199,-6.32041,6.11416,5.81827,6.91046,-4.0309,4.69184,-0.61722,-4.31576,3.20125,-5.75658,5.82962,5.11037,-7.74003,8.20991,3.41573,-3.54679,0.350257,7.75301,3.90706,-9.18188,3.47147,9.53933,6.55738,2.68062,-9.19972,-7.47187,2.54622,4.98275,9.10914,-5.2039
-9.42117,-2.43099,-6.89215,7.80872,0.914058,2.99669,-4.6186,7.44229,-1.00394,4.42377,4.30122,0.566337,-2.19732,-4.88911,7.06134,5.75405,4.07959,6.17324,-9.54976,9.80739,9.75941,2.78932,-7.49255,-7.37595,4.38316,-6.66696,-0.873013,1.0652,0.660209,8.4332,3.12262,-4.36204,3.31727,-5.28959,8.66061,-8.06877,-2.0741,-8.94045,7.14004,4.18839,0.706439,-1.61521,6.41619,-4.87639,0.112506,9.79723,-0.864004,-5.15931,-9.22513,1.10642,-0.616502,9.41743,0.852143,-0.406653,8.78813,-9.82075,-3.06614,-5.78794,-8.56325,-8.54415,1.86197,-4.06324,7.53307,-7.69026,4.87155,-6.10322
2.05874,-7.31867,-7.79588,-5.97924,-5.36872,-1.41505,8.65337,7.31367,-4.36656,5.58202,0.235759,-3.08863,7.35749,-2.93824,-7.47219,3.97434,-0.282816,8.76174,6.24436,9.82726,4.1331,-5.81273,-3.84635,9.24857,-0.189295,-1.95741,-8.84445,9.91919,7.0837,-9.2719,-3.2325,3.31727,3.44642,3.01361,-6.39545,1.26846,1.23464,0.493282,-9.18381,6.55233,1.10248,-8.5391,6.38802,-1.8832,-7.15077,0.045453,2.55084,-1.46103,9.01593,-4.06521,-5.55139,-3.39,6.03491,3.61777,-3.36307,5.45541,9.10273,3.68384,-9.9231,9.0729,-7.20052,-1.06706,-1.62445,-6.34647,6.52924,-9.06753
1.53234,8.45873,5.55054,9.59193,-3.62888,-9.71685,-9.93148,4.46741,8.89889,0.0658177,-1.92242,1.33503,8.25889,1.82265,-7.48611,-0.256517,5.06465,-5.69955,3.87239,1.50181,-4.92313,-7.99653,-5.38798,9.78269,3.60997,3.23065,-1.23614,-4.63286,5.65008,-3.61152,-7.66694,-5.28959,3.01361,3.03092,7.59731,-8.54193,8.75786,9.9493,4.35514,-7.89269,4.46905,-4.39629,-7.51384,4.71323,-8.97825,0.161657,3.57237,-5.856,-9.47119,6.60753,-8.22101,-6.12186,3.66766,-4.04919,0.084181,-6.35103,-1.62703,6.89156,1.39147,-9.80597,7.41057,4.60643,-2.05672,-5.24364,4.09513,-5.01646
-4.21686,-0.355671,-9.52647,-9.33092,-0.230237,2.38622,2.98569,-7.76559,-7.22373,-0.0826449,0.583888,1.72181,-6.8472,0.644691,3.98203,9.6806,-5.04261,6.55041,2.6152,1.62903,-0.198311,0.58418,-2.37225,-7.7203,-7.79161,-7.57789,3.50441,8.64477,-0.588582,9.48604,5.86006,8.66061,-6.39545,7.59731,2.14795,-7.89981,1.00708,1.62757,-7.22144,7.39718,-8.83699,3.51617,-1.30116,-8.35225,-1.93075,-7.46067,7.44278,-8.29313,-0.0890212,-2.05754,-7.23713,2.08211,4.73828,-6.89303,1.56468,-0.207771,3.81014,-7.15656,9.82711,1.39043,-5.39039,9.63819,-0.700234,9.55538,3.70088,-8.11713
-8.46588,-1.26441,3.1221,-2.22835,-7.31357,0.285421,1.37265,-1.58617,-8.92818,9.64994,6.9588,9.49195,0.238402,-2.32804,3.46922,6.97602,3.14114,1.36642,5.95346,5.90276,3.63688,1.54269,-2.43769,2.8842,6.82371,6.12231,-3.58255,-8.50356,0.648467,-4.65115,2.45199,-8.06877,1.26846,-8.54193,-7.89981,1.37115,-3.71123,2.53217,-1.65956,-4.48804,-8.86027,-1.03306,-2.99272,2.95905,-5.19729,0.384632,8.5072,-1.82567,4.98448,5.28336,0.394898,6.21467,3.99892,-2.27626,2.43271,-8.85666,-9.73982,9.24359,-8.43852,7.09379,-9.91895,4.30341,-5.3237,5.75054,1.97279,0.663607
-4.15749,2.86372,6.3577,9.81597,-1.35617,-3.65494,5.13406,4.35988,4.37014,-3.83288,1.9767,0.486292,-1.13094,3.11787,-7.96534,-9.24548,2.84041,-0.842148,-6.8064,-7.28301,-4.60317,0.0436621,-5.14958,-8.49637,-5.14107,-8.88581,-0.421661,6.65305,7.63644,-4.75413,-6.32041,-2.0741,1.23464,8.75786,1.00708,-3.71123,9.60694,7.54717,-9.5088,4.14681,-2.28575,-4.30236,-9.83869,-5.5719,-7.32472,-1.67105,9.54713,-2.83625,8.05472,-9.00066,-3.24047,0.262146,-5.2321,-3.47787,5.01162,-7.88084,4.95744,8.4566,-3.02254,5.2414,-8.0447,-9.75353,8.09912,8.11118,8.64515,-9.72551
7.67554,7.97046,-0.771243,-4.37307,-2.05282,-3.97424,0.847223,5.19632,-2.39635,-5.48053,9.76018,-1.69542,-5.58865,5.92564,9.05822,-2.58029,-2.13491,7.81388,1.56564,-8.00489,-5.66313,-0.760623,4.13933,1.54153,-2.00468,-9.71347,6.41823,7.23534,-3.96305,7.94238,6.11416,-8.94045,0.493282,9.9493,1.62757,2.53217,7.54717,3.94355,9.55747,0.311404,-2.80681,-1.60185,8.54167,-6.36108,7.46335,-4.3226,1.96022,-9.58452,-9.2215,3.86967,6.98419,8.22748,-7.62408,-4.27514,-4.09908,-8.76391,-5.34819,-8.41534,1.94257,-3.27623,-5.35454,-0.668347,-5.84546,3.13087,-4.62891,6.46944
5.854,5.75233,-4.35941,8.19841,-0.188484,-0.0683034,9.82416,9.93923,-8.0551,-4.86495,-8.91975,8.58751,-2.58333,-5.49531,-7.21608,2.3362,-0.851167,6.38063,2.04909,0.575374,7.1185,2.70686,-2.98656,-9.12047,1.48401,-9.44679,-6.98952,8.04084,2.9971,-3.00257,5.81827,7.14004,-9.18381,4.35514,-7.22144,-1.65956,-9.5088,9.55747,1.54266,-0.893865,-6.66436,-3.55278,1.94507,0.828568,-0.0199626,-8.67895,3.25606,-0.591665,-7.82374,9.74447,-8.89309,-2.17085,-2.88803,-8.62866,-2.28286,7.88713,-8.78319,-3.72779,2.56958,3.41816,-5.24025,-5.82263,6.02941,-4.00886,-1.46009,6.72422
3.20429,-4.54196,0.938494,3.72172,-6.67896,-3.10984,-6.48436,-6.80064,-0.413248,6.52878,5.03178,2.33734,6.07924,-4.87253,3.64468,-2.06589,9.03622,-5.01037,4.39767,8.31671,-2.61003,0.815602,4.1417,-1.43355,-4.27506,5.33183,-0.12896,-5.23532,5.74336,-8.555,6.91046,4.18839,6.55233,-7.89269,7.39718,-4.48804,4.14681,0.311404,-0.893865,-0.743882,5.30557,-1.02889,-3.04599,-4.0847,-6.55702,-1.03207,2.33585,4.79469,9.90632,-2.41087,1.93408,-1.87637,-4.53925,-6.0914,-0.502159,6.62628,-1.46292,-9.09785,0.0557085,2.82084,-6.8478,-5.54711,-9.41078,5.96873,-8.99862,7.90735
0.438535,5.3436,7.63576,-6.60377,-4.62441,3.86157,-7.13765,5.06544,-5.11177,-2.0467,-0.416446,-4.3519,-9.17287,-5.98012,9.12973,-7.85119,1.36161,-4.63888,-6.33153,9.724,-3.48534,-2.09896,-7.50201,-0.0178666,-8.79738,0.683105,-3.24218,0.329685,-5.61162,3.44777,-4.0309,0.706439,1.10248,4.46905,-8.83699,-8.86027,-2.28575,-2.80681,-6.66436,5.30557,-6.77007,5.10374,0.0682972,-2.41314,2.35707,2.55323,9.34115,-6.60094,0.92137,0.371541,6.3533,-6.90828,7.41085,-0.625434,-9.95521,-2.76909,7.01775,9.72357,-2.16067,-5.51804,9.76428,0.0552786,-6.8903,-9.26854,9.5217,-0.776779
-8.52314,-7.27217,2.50757,-7.2222,-0.943328,9.85387,1.75703,-6.57059,3.28768,5.56321,6.85828,6.76064,-3.56456,-6.62953,-0.33282,1.73324,-6.55853,-8.54023,9.45072,1.41803,2.43797,8.59471,-6.8612,-0.5195,9.20872,-2.01893,6.98755,-7.47685,-3.6531,9.62254,4.69184,-1.61521,-8.5391,-4.39629,3.51617,-1.03306,-4.30236,-1.60185,-3.55278,-1.02889,5.10374,-5.61356,-4.55355,8.12026,-1.28663,4.63302,-3.56936,-8.86629,-6.88607,-9.91504,-5.61844,8.39307,-5.10088,8.81041,8.08651,0.885701,6.12163,-4.01658,-2.06404,4.36326,7.61438,4.9614,-9.17941,-9.46352,6.96092,-7.49114
5.45525,-3.81026,-3.39382,-5.84668,6.29993,6.35728,-0.0541401,5.33556,-1.32092,5.90428,-0.289375,-7.7545,-3.69082,3.40793,-0.692392,-2.82631,5.18372,1.75153,-0.957253,-3.65673,2.38619,-1.35433,5.66775,5.59275,3.433,-6.29915,-7.2121,-3.15984,-5.70915,3.54747,-0.61722,6.41619,6.38802,-7.51384,-1.30116,-2.99272,-9.83869,8.54167,1.94507,-3.04599,0.0682972,-4.55355,-9.58217,-4.33336,8.69809,-1.39098,-8.22673,0.496208,1.59314,8.34456,1.05893,-0.341727,7.97255,1.66347,-1.38025,0.217554,6.31462,-1.88629,-6.0108,-3.2297,1.33646,-4.12722,-5.56857,-2.48614,-7.68228,2.16189
-9.94754,-0.509113,-4.54096,8.26473,8.60922,6.23484,-0.934742,6.20343,-4.78943,9.91968,1.0503,8.54204,9.87634,-4.90833,-0.559123,-5.4081,0.930558,6.22348,-9.84743,-4.99047,5.93871,-1.37253,-1.09804,-6.91165,-6.34791,-9.75413,4.21486,-5.49584,-8.87442,2.31683,-4.31576,-4.87639,-1.8832,4.71323,-8.35225,2.95905,-5.5719,-6.36108,0.828568,-4.0847,-2.41314,8.12026,-4.33336,1.95283,6.67309,-4.48937,4.31249,3.27771,5.84328,-8.95667,6.94093,8.09725,3.27359,-1.8421,-0.689529,7.10769,3.78547,-0.613181,-4.86371,-3.08155,-0.103921,-6.43412,-4.14846,3.71371,3.95669,9.54185
3.87523,-3.24117,2.51606,8.41123,3.02038,-8.05373,-0.405698,-8.26746,4.09981,-0.770594,9.41128,1.65404,0.385403,-4.37003,-8.8453,-4.09146,-5.68473,3.15593,4.3585,-2.51015,7.96602,6.44848,7.39088,-2.39935,2.65633,1.48515,0.0668973,9.90047,8.40115,4.11995,3.20125,0.112506,-7.15077,-8.97825,-1.93075,-5.19729,-7.32472,7.46335,-0.0199626,-6.55702,2.35707,-1.28663,8.69809,6.67309,2.66492,0.871133,-9.78722,-2.97742,0.752003,-0.898252,9.04297,-9.46951,-9.34309,-6.5029,-9.7704,-9.21535,-6.41457,4.75935,8.31839,-9.3768,-7.55864,-3.41294,6.93218,-7.18454,9.38204,-4.94966
0.654867,-8.23328,-1.80981,7.95329,3.74815,0.504568,1.03946,-6.52947,8.11303,0.778358,-9.17371,-5.33155,-0.491231,-6.44616,1.99997,-3.78167,-2.63439,-7.02676,-9.22227,-7.25205,3.79587,-7.12302,-2.082,-2.32041,2.7726,5.49063,6.53637,-8.68992,-3.73942,5.93483,-5.75658,9.79723,0.045453,0.161657,-7.46067,0.384632,-1.67105,-4.3226,-8.67895,-1.03207,2.55323,4.63302,-1.39098,-4.48937,0.871133,5.20936,4.48789,-1.23875,-9.5867,1.78075,3.12274,9.33386,6.82974,-8.51851,-7.94052,9.98008,1.57705,-5.77364,2.95333,-5.65408,4.34531,4.19602,-1.95675,9.46683,-7.37766,-1.39609
-2.2655,-7.7863,-6.55929,3.64578,-5.02512,3.79297,-7.41193,-8.67598,0.519454,-1.14868,-2.74133,6.92167,-8.09862,-3.44446,-0.0419524,2.51164,-0.112581,1.08031,-9.71368,8.14894,-6.0311,-3.25753,0.0376885,1.90131,5.35511,-4.66294,2.84865,8.22172,-7.9943,-9.92586,5.82962,-0.864004,2.55084,3.57237,7.44278,8.5072,9.54713,1.96022,3.25606,2.33585,9.34115,-3.56936,-8.22673,4.31249,-9.78722,4.48789,4.11328,-1.75718,9.47355,-0.906233,7.01179,5.16768,-1.0874,-6.67205,-4.07305,8.53215,0.884522,3.69701,5.20533,-4.50514,3.73066,-4.74422,5.51295,4.48266,-3.10818,-0.396049
-5.94613,-0.389606,-6.40919,-1.1944,-3.46813,3.53303,-3.69337,-9.39612,3.37234,4.64737,-4.44507,-3.88488,-4.93815,4.46967,0.672615,9.06137,1.00641,3.81577,-0.922896,-6.99734,5.31645,3.36612,-1.45665,1.76406,0.833055,2.12052,-6.15066,8.05962,-1.37213,-3.0973,5.11037,-5.15931,-1.46103,-5.856,-8.29313,-1.82567,-2.83625,-9.58452,-0.591665,4.79469,-6.60094,-8.86629,0.496208,3.27771,-2.97742,-1.23875,-1.75718,-4.63342,7.46084,3.9174,4.09956,6.48004,-5.71645,-2.4992,4.33073,1.77064,2.12879,-2.11037,1.92646,-3.92001,2.08025,1.22088,-0.698575,7.10695,3.39757,0.282715
0.111119,-5.05055,-0.282507,-1.46214,-1.22287,-4.57104,8.73152,-4.89419,3.62169,-8.75892,-4.25218,8.83548,-4.78984,-7.34206,6.79928,1.23593,-0.56642,-2.53408,-5.91118,-5.44915,-7.83059,-4.87275,3.61151,8.67352,-7.9825,-4.62669,-6.82909,1.24464,-1.45269,2.0035,-7.74003,-9.22513,9.01593,-9.47119,-0.0890212,4.98448,8.05472,-9.2215,-7.82374,9.90632,0.92137,-6.88607,1.59314,5.84328,0.752003,-9.5867,9.47355,7.46084,7.45403,-7.20126,-9.71759,1.02177,6.37236,7.48995,5.17767,-7.01044,-3.09045,2.70088,-6.48144,-6.60089,-9.07406,0.189564,-1.65056,8.42998,-2.16739,-0.264636
7.35279,3.43853,5.92997,2.2146,-9.28898,9.93779,5.09693,5.0128,-4.1124,5.99347,-7.41526,7.37251,-5.31298,0.553735,4.30015,8.45243,-9.22497,7.22087,-3.29454,0.279099,-0.796794,-7.40957,0.0960833,-6.54296,-3.68374,0.715235,6.12434,2.37889,6.53783,-4.04494,8.20991,1.10642,-4.06521,6.60753,-2.05754,5.28336,-9.00066,3.86967,9.74447,-2.41087,0.371541,-9.91504,8.34456,-8.95667,-0.898252,1.78075,-0.906233,3.9174,-7.20126,-9.12612,2.23547,1.10698,3.95419,0.00802739,3.18502,2.90274,-7.39521,-7.32829,6.53192,8.14492,-6.44089,-2.56597,-7.85553,9.58141,9.96279,4.20417
3.27902,-4.90599,8.85553,5.08576,-0.762434,-9.95981,4.66093,-6.38648,-3.40014,-4.36185,6.64554,5.08481,8.19895,-9.56721,-1.91347,7.09713,-1.75833,7.34866,6.70848,-2.05983,0.326548,1.46346,-5.86981,-4.76914,4.05812,4.67576,-7.83046,-4.44556,2.29722,5.68403,3.41573,-0.616502,-5.55139,-8.22101,-7.23713,0.394898,-3.24047,6.98419,-8.89309,1.93408,6.3533,-5.61844,1.05893,6.94093,9.04297,3.12274,7.01179,4.09956,-9.71759,2.23547,-8.28824,9.64027,-2.4743,8.82431,-7.80698,-4.68274,3.73072,-3.26601,9.1953,0.500637,6.63441,7.52567,-6.02929,8.92004,8.71482,1.13881
-6.21406,7.5791,-7.31902,3.69541,-3.31859,1.20777,3.24154,7.21594,2.31531,0.508203,2.99567,-9.30617,-9.29498,9.87283,-2.61275,-2.87683,-0.65156,-4.44385,-0.167438,3.09709,4.76014,-3.63415,-6.22737,5.25355,-4.4186,-1.04136,-0.219578,-2.85215,-7.13703,-4.15825,-3.54679,9.41743,-3.39,-6.12186,2.08211,6.21467,0.262146,8.22748,-2.17085,-1.87637,-6.90828,8.39307,-0.341727,8.09725,-9.46951,9.33386,5.16768,6.48004,1.02177,1.10698,9.64027,1.38848,-7.74888,4.83763,6.72742,-4.36698,-0.576602,4.92476,-7.17003,-4.31358,1.10491,0.459666,3.94197,-1.52326,4.2328,-0.472385
5.09347,-6.40713,-8.59741,-4.95324,-2.00984,3.18655,-8.07401,0.168619,-6.9125,-8.03891,0.0492059,2.54531,-3.60465,-1.49793,4.76077,-2.21682,-1.29758,-0.540565,-5.20469,-2.39121,-1.44555,1.16453,-4.29604,9.95316,-1.8983,5.22616,0.0515115,9.20945,0.839427,-9.01873,0.350257,0.852143,6.03491,3.66766,4.73828,3.99892,-5.2321,-7.62408,-2.88803,-4.53925,7.41085,-5.10088,7.97255,3.27359,-9.34309,6.82974,-1.0874,-5.71645,6.37236,3.95419,-2.4743,-7.74888,-7.86238,4.24538,7.61243,-9.43781,-1.05133,9.0595,6.76557,5.75759,-5.75427,-0.60487,-1.24812,-4.28308,7.67498,3.6504
0.768756,4.71125,-4.22013,-0.000143296,4.39001,2.85813,-3.22298,3.54105,-1.1855,1.96484,4.87547,7.80709,-1.8493,-3.17888,0.668876,2.16499,4.79548,-8.32229,6.64261,-5.7654,-5.81589,1.9431,7.12664,3.89567,-2.71972,-6.14922,-4.55129,-6.73101,-1.6829,-9.00211,7.75301,-0.406653,3.61777,-4.04919,-6.89303,-2.27626,-3.47787,-4.27514,-8.62866,-6.0914,-0.625434,8.81041,1.66347,-1.8421,-6.5029,-8.51851,-6.67205,-2.4992,7.48995,0.00802739,8.82431,4.83763,4.24538,5.90497,1.10074,-9.62642,3.87878,-3.16318,-0.10106,8.47031,-1.33266,1.89187,9.56666,-5.79587,5.23797,-2.89307
4.05127,-7.07149,-9.88115,-7.16072,-1.42007,-9.97115,6.7382,8.5118,-6.18693,2.52381,3.77674,-6.86513,-3.00402,-8.9526,5.77994,-7.37569,-3.96499,9.62082,6.35293,-9.98777,-1.89031,-5.11793,8.58206,-9.45245,0.641335,-0.122195,4.26404,9.80622,-5.62688,9.60752,3.90706,8.78813,-3.36307,0.084181,1.56468,2.43271,5.01162,-4.09908,-2.28286,-0.502159,-9.95521,8.08651,-1.38025,-0.689529,-9.7704,-7.94052,-4.07305,4.33073,5.17767,3.18502,-7.80698,6.72742,7.61243,1.10074,-4.81389,1.09787,3.54003,9.60113,-6.42569,-1.36481,2.64053,-6.44752,3.86882,-7.68781,-0.440801,4.37195
1.70551,4.90823,-6.04527,8.09091,5.61019,4.91336,5.0015,-3.36736,-6.47546,-5.63424,8.97376,-4.97473,8.90745,5.4592,-2.57687,-6.02338,-3.88068,-3.75799,7.66516,6.04904,6.94404,1.40731,2.20494,3.99687,-2.90747,-8.829,-2.91592,-0.921835,-1.38918,-8.07042,-9.18188,-9.82075,5.45541,-6.35103,-0.207771,-8.85666,-7.88084,-8.76391,7.88713,6.62628,-2.76909,0.885701,0.217554,7.10769,-9.21535,9.98008,8.53215,1.77064,-7.01044,2.90274,-4.68274,-4.36698,-9.43781,-9.62642,1.09787,9.28417,5.4408,-8.23276,7.92345,9.16228,-7.84274,0.520331,4.58193,2.66218,-5.17713,0.923366
7.39031,1.62061,-3.93055,0.92243,-1.16881,-9.62796,8.70464,-5.86778,-3.17476,-2.47297,9.34476,-8.92675,-3.93805,1.68482,3.26695,6.96454,-9.22757,8.55208,8.04114,-3.40269,7.90736,5.30564,1.37741,-3.20962,-1.56822,0.408855,-7.62108,3.16248,8.18314,-5.58235,3.47147,-3.06614,9.10273,-1.62703,3.81014,-9.73982,4.95744,-5.34819,-8.78319,-1.46292,7.01775,6.12163,6.31462,3.78547,-6.41457,1.57705,0.884522,2.12879,-3.09045,-7.39521,3.73072,-0.576602,-1.05133,3.87878,3.54003,5.4408,-5.58691,2.62213,3.35187,7.9064,-5.5343,6.12864,3.37667,-3.90055,-1.23605,1.19169
-1.97904,-2.92887,-0.698325,-2.73209,-3.9479,-8.40296,-3.22627,6.60733,-7.08434,-8.4434,2.32242,-8.36556,0.0919585,-5.33168,-7.32118,5.21728,-9.64681,-5.24565,-6.56633,9.40822,-4.0219,-5.10075,0.878285,9.69191,9.66813,7.46591,-6.92977,-0.521341,-8.01045,-7.00442,9.53933,-5.78794,3.68384,6.89156,-7.15656,9.24359,8.4566,-8.41534,-3.72779,-9.09785,9.72357,-4.01658,-1.88629,-0.613181,4.75935,-5.77364,3.69701,-2.11037,2.70088,-7.32829,-3.26601,4.92476,9.0595,-3.16318,9.60113,-8.23276,2.62213,-2.06105,-7.12438,-8.70105,-3.75644,-7.50243,-9.03826,-6.53241,6.06426,-7.85682
2.78617,1.94149,1.75051,-3.40812,6.55739,9.61549,-6.75275,-9.89319,-3.50749,0.155508,-0.472268,-2.15002,4.50278,7.30259,2.92168,8.79156,-4.92196,9.41021,5.93768,3.50079,-6.32483,-1.2712,-7.02635,-5.97605,9.01852,-3.58106,4.87447,-8.89397,-6.69226,2.25774,6.55738,-8.56325,-9.9231,1.39147,9.82711,-8.43852,-3.02254,1.94257,2.56958,0.0557085,-2.16067,-2.06404,-6.0108,-4.86371,8.31839,2.95333,5.20533,1.92646,-6.48144,6.53192,9.1953,-7.17003,6.76557,-0.10106,-6.42569,7.92345,3.35187,-7.12438,-8.12831,-9.90482,8.94104,4.14607,1.64287,-1.66491,3.32379,-6.74994
3.52582,9.04816,7.72625,-9.9923,-6.76505,-5.70837,-2.5855,-4.13867,-9.73024,1.97857,-0.449718,-7.82335,-3.63221,2.77324,-7.08875,1.8257,3.25807,-3.28924,5.54453,8.17765,-5.9019,-7.14961,-0.157266,-3.29886,7.18331,-7.02714,-9.35254,0.428877,5.22288,-2.40102,2.68062,-8.54415,9.0729,-9.80597,1.39043,7.09379,5.2414,-3.27623,3.41816,2.82084,-5.51804,4.36326,-3.2297,-3.08155,-9.3768,-5.65408,-4.50514,-3.92001,-6.60089,8.14492,0.500637,-4.31358,5.75759,8.47031,-1.36481,9.16228,7.9064,-8.70105,-9.90482,8.99932,-6.13357,-4.98155,2.50933,-8.42424,-5.44201,-3.23388
7.48476,6.50607,-9.60776,-8.24292,-1.14097,4.49195,6.03851,-6.61154,-9.36227,1.21287,5.96446,-9.42886,2.54967,-1.87678,1.10662,1.33769,2.84426,-9.04853,7.69366,0.602596,7.18573,-3.50871,7.52603,8.48745,8.90872,6.21176,7.2069,4.15831,-9.99661,-9.39947,-9.19972,1.86197,-7.20052,7.41057,-5.39039,-9.91895,-8.0447,-5.35454,-5.24025,-6.8478,9.76428,7.61438,1.33646,-0.103921,-7.55864,4.34531,3.73066,2.08025,-9.07406,-6.44089,6.63441,1.10491,-5.75427,-1.33266,2.64053,-7.84274,-5.5343,-3.75644,8.94104,-6.13357,-3.42762,7.86936,9.86368,-7.43632,4.23002,2.05044
7.29224,6.26407,-3.19047,-7.59551,-7.62175,-7.48728,-2.4577,2.03636,-6.76477,-4.68628,-5.52624,4.76017,-4.99086,9.73394,7.9148,-8.1949,8.34676,6.27684,-9.37525,-0.627574,3.66203,5.74724,-3.54411,-2.85858,-9.23182,1.41258,-3.72084,-6.43615,-7.15509,5.37676,-7.47187,-4.06324,-1.06706,4.60643,9.63819,4.30341,-9.75353,-0.668347,-5.82263,-5.54711,0.0552786,4.9614,-4.12722,-6.43412,-3.41294,4.19602,-4.74422,1.22088,0.189564,-2.56597,7.52567,0.459666,-0.60487,1.89187,-6.44752,0.520331,6.12864,-7.50243,4.14607,-4.98155,7.86936,3.21292,-6.61222,5.18179,9.76002,-2.30965
8.97888,-3.52916,-0.981612,7.28767,-9.5581,8.02086,-8.22119,4.36739,-0.486839,-7.68793,-6.07097,5.84977,-3.74773,6.35038,-7.0115,-0.112354,0.220147,-6.62415,-9.62745,0.833486,-4.181,-0.38059,-5.24674,-7.36803,-5.95277,7.9487,4.66994,6.78733,-4.37647,5.16796,2.54622,7.53307,-1.62445,-2.05672,-0.700234,-5.3237,8.09912,-5.84546,6.02941,-9.41078,-6.8903,-9.17941,-5.56857,-4.14846,6.93218,-1.95675,5.51295,-0.698575,-1.65056,-7.85553,-6.02929,3.94197,-1.24812,9.56666,3.86882,4.58193,3.37667,-9.03826,1.64287,2.50933,9.86368,-6.61222,1.02673,-9.05296,8.65453,7.06735
0.341432,5.22603,-6.93435,9.69838,-4.73207,2.44629,-2.77577,9.68993,-2.54707,-7.6748,-5.90387,-1.53068,-3.13456,2.63932,0.507884,-3.33144,-2.98928,6.68094,-8.01111,2.14429,-8.98464,-9.92135,-7.44458,-6.02485,-0.628915,4.91265,-7.44185,-1.41933,-4.85831,2.33745,4.98275,-7.69026,-6.34647,-5.24364,9.55538,5.75054,8.11118,3.13087,-4.00886,5.96873,-9.26854,-9.46352,-2.48614,3.71371,-7.18454,9.46683,4.48266,7.10695,8.42998,9.58141,8.92004,-1.52326,-4.28308,-5.79587,-7.68781,2.66218,-3.90055,-6.53241,-1.66491,-8.42424,-7.43632,5.18179,-9.05296,-3.63558,-1.09803,1.41307
2.27313,-1.14115,9.98051,1.98413,-0.311239,-0.333552,-4.73864,3.83492,-6.89818,2.26828,6.12676,-4.91791,-7.25325,4.7048,3.6283,-9.32343,-7.68897,-2.59048,4.78484,3.35415,-4.59367,-0.609077,-6.07843,-0.975026,0.309494,-7.90225,-8.84002,-5.54813,6.9025,3.4053,9.10914,4.87155,6.52924,4.09513,3.70088,1.97279,8.64515,-4.62891,-1.46009,-8.99862,9.5217,6.96092,-7.68228,3.95669,9.38204,-7.37766,-3.10818,3.39757,-2.16739,9.96279,8.71482,4.2328,7.67498,5.23797,-0.440801,-5.17713,-1.23605,6.06426,3.32379,-5.44201,4.23002,9.76002,8.65453,-1.09803,5.50871,-7.03267
-0.57897,-9.23362,7.5516,-8.44274,-5.68593,-0.959574,-9.99179,0.741239,7.37569,9.52855,-9.23274,1.73299,3.105,9.32824,-0.487798,-8.11503,4.95298,-6.21558,3.34265,0.356315,-9.75909,-8.53287,3.37984,-1.96264,-3.2636,-6.87128,-5.60083,1.83102,1.46676,3.1304,-5.2039,-6.10322,-9.06753,-5.01646,-8.11713,0.663607,-9.72551,6.46944,6.72422,7.90735,-0.776779,-7.49114,2.16189,9.54185,-4.94966,-1.39609,-0.396049,0.282715,-0.264636,4.20417,1.13881,-0.472385,3.6504,-2.89307,4.37195,0.923366,1.19169,-7.85682,-6.74994,-3.23388,2.05044,-2.30965,7.06735,1.41307,-7.03267,8.57265
