-1.1462,6.35576,-4.95888,-3.97618,5.19655,-4.77457,9.48414,-2.0651,-6.45302,6.02155,-1.48474,-2.34334,8.34807,6.75247,5.79007,1.1108,-9.71344,-1.75689,4.23689,-7.74471,1.17452,7.53241,-6.32129,-8.15972,8.56262,-1.45167,9.18448,4.91576,3.64498,-9.62012,9.43478,5.3529,4.23405,3.89809,-5.89806,-5.65716,9.99823,0.044478,4.22461,-6.34336,-1.80658,3.85619,-3.468,-5.14167,2.28498,8.22766,-5.86565,-7.52125,5.79282,-2.55348,7.46542,-2.7176,-9.79171,1.49032,-8.45158,-9.4812,-0.641222,-0.328515,4.92901,-0.174373,-6.40249,1.45035,2.54144,-7.6627,-0.366144,0.617032,1.5216
6.35576,-8.67516,4.3106,8.54152,-6.02717,3.29734,8.87108,1.78567,-3.46873,1.99527,2.24533,-5.44162,7.822,-0.137246,2.688,3.28045,-9.71514,-1.67219,0.211485,9.64215,-1.79024,4.13767,-2.2276,-1.34457,5.74732,1.64271,-0.808129,-2.34229,-3.81426,-2.25815,-4.22896,-3.1994,-1.61471,0.23872,9.53357,-2.18412,4.60231,-1.93943,7.84105,8.79349,-8.46008,6.10807,5.4804,1.52351,-7.61808,1.48518,-4.14842,9.78639,-9.30823,-7.1198,3.91454,4.56147,-1.14376,6.14485,-5.30815,-3.96317,2.12955,-2.3257,-7.7042,-1.13,7.81399,-2.76332,9.36718,6.45028,-0.504527,2.08887,-8.23411
-4.95888,4.3106,1.69658,-2.16001,2.85921,-1.13654,-3.55287,4.8485,3.98415,-7.39839,8.24246,6.44114,-5.86042,0.181421,-6.33211,-2.51643,-0.683433,-0.154878,0.840135,7.1518,1.59215,0.79072,-7.57506,-3.92031,0.301529,8.42662,-1.38499,3.69261,8.59942,2.72208,7.44702,-8.28403,3.53313,5.65732,-1.36437,5.56663,-9.85559,4.56336,2.21534,-7.20583,5.97857,0.181738,5.9867,8.15439,-2.36367,-9.94073,5.39267,-5.77591,-5.57966,1.23678,2.45095,4.44076,2.60745,-8.07673,-9.60434,-1.34954,-2.01289,3.78124,9.00979,9.70444,5.92284,-2.02293,5.58038,0.81526,7.45031,6.15444,-7.27277
-3.97618,8.54152,-2.16001,9.16434,7.7638,7.08668,-4.68555,0.794507,5.22825,1.89236,-5.91151,5.68122,6.64042,-8.12629,-5.19373,-9.07423,3.32436,3.51419,9.06839,-1.03115,6.57388,-0.174026,7.95252,-0.481328,-4.06837,9.35781,-4.79685,-7.27966,7.75293,-0.231903,6.19975,-4.33186,-6.98023,8.07465,4.51183,6.12782,8.13582,9.22521,2.27271,-2.49501,-3.07783,3.16306,6.593,2.47928,6.1312,-8.21259,-0.478468,3.34766,7.66568,-2.24692,-5.95453,2.94591,-2.28111,-4.96364,-8.25039,-9.59148,-3.94754,2.84434,-3.20462,-7.4598,-6.27999,2.77597,5.3536,9.08896,1.50152,1.88122,-7.01174
5.19655,-6.02717,2.85921,7.7638,-5.21616,-0.735827,4.45977,-5.11061,6.3991,-7.04078,0.811247,0.587758,6.84936,8.31149,-4.27194,-9.69393,-0.691928,9.26555,5.66132,3.90462,8.19601,-0.144407,-5.07151,-0.905752,-9.08027,-1.57559,-0.141825,-7.66561,2.00892,6.55873,-9.11946,5.75807,-4.30075,-9.09349,1.0336,5.67695,2.26829,-2.95384,-9.79111,-5.61696,1.62918,2.47972,-9.21028,9.38087,9.99053,-0.921587,-9.21804,-8.56909,7.68334,-0.950498,-9.87053,-1.95886,3.8593,0.9364,-5.23579,-2.14572,3.30074,-0.848381,-9.32341,-4.00332,-9.95383,-3.14517,-3.0285,-4.22005,-4.82063,-0.825572,-1.01374
-4.77457,3.29734,-1.13654,7.08668,-0.735827,-6.5458,3.45029,1.15771,7.41242,-4.39364,-7.19924,2.17412,-0.341748,-4.28706,-1.57355,-7.28196,-6.06587,-3.84477,3.95733,7.19689,5.49004,-4.99211,-4.9331,0.705905,1.01145,-9.64433,-3.70724,9.19092,-3.26147,-9.567,7.51624,9.11176,8.59725,-4.10366,6.23233,5.61063,3.325,1.33792,0.339547,-7.2178,-7.09649,-4.85648,-3.29457,1.65088,0.517519,7.67337,4.49559,7.26532,6.67521,-3.49189,-7.13961,-9.58246,7.02666,-6.31692,3.08576,-1.04323,-9.30971,-3.44179,0.37924,-9.88211,-9.79281,-8.59264,-2.97373,-0.418038,-5.01759,-9.23792,7.73507
9.48414,8.87108,-3.55287,-4.68555,4.45977,3.45029,-7.29513,-0.36054,1.56847,1.25045,-1.84866,6.83691,5.40803,-4.62902,-2.24541,-0.714114,-8.63497,-3.53603,8.9399,1.09355,-4.10045,8.06063,-7.9085,-5.23452,-5.69834,9.84624,-3.85391,7.62434,8.579,1.85272,5.11732,-7.52808,-1.41886,-0.0151525,-2.42058,9.92806,-3.01403,-4.274,-9.65016,6.87117,-0.958725,1.20386,-0.528327,-3.61786,0.909255,-4.82441,-8.83382,4.00007,-7.00553,6.56274,8.13939,1.38216,2.96253,-3.80548,8.81034,2.93514,2.50755,4.24055,7.02076,5.05772,-6.26757,-9.80435,-5.91702,-5.59834,1.54757,-7.33979,9.00242
-2.0651,1.78567,4.8485,0.794507,-5.11061,1.15771,-0.36054,-3.07781,-3.71739,-5.45651,-1.48989,-9.18797,1.61945,-5.57177,-4.92973,3.59625,1.50845,-3.87742,-7.7347,-6.70755,-3.60446,-3.44351,-8.25736,-6.49734,4.43632,-7.44286,7.86616,4.58496,8.1032,3.16813,1.45915,-3.14792,5.2472,-2.95287,-9.97189,-3.02306,-2.75418,6.97842,5.10658,1.99666,-8.92854,-9.20475,9.99482,-5.15888,7.12855,-0.35762,-0.382886,-2.7603,-7.08858,-2.63247,1.16883,8.50148,-6.47287,3.05072,-0.75746,4.43531,7.49153,-7.78152,5.39462,3.25539,3.61257,-4.87051,-3.66919,-4.62388,4.97164,-3.36576,-1.42954
-6.45302,-3.46873,3.98415,5.22825,6.3991,7.41242,1.56847,-3.71739,-8.34577,-5.62285,1.92207,6.64563,1.203,-8.01129,9.67405,-5.24388,7.40124,4.72977,-6.92645,-8.48407,-2.85526,-1.06178,-8.53033,-9.504,-7.1244,0.769518,1.51413,8.98443,-8.7901,9.87476,-7.40963,1.35946,-3.74436,-3.0402,9.59839,-0.231518,-0.043094,-3.28475,-4.47677,1.12777,-5.73753,-7.91053,-0.0786228,-1.66674,-2.38515,0.874497,8.51237,4.1577,-9.86027,-7.69799,-0.0222854,2.96704,-4.46212,4.19693,-0.581621,5.55732,-3.01268,4.60899,0.187165,3.02237,4.50158,-7.40814,-5.05185,2.72412,4.30536,-5.16925,6.29712
6.02155,1.99527,-7.39839,1.89236,-7.04078,-4.39364,1.25045,-5.45651,-5.62285,-4.24297,-4.85719,0.879843,9.74049,4.50668,-1.34517,6.6787,9.30974,-1.83516,-1.05477,6.1068,3.79856,-9.83746,9.43569,-3.43514,3.36267,3.31975,-1.66753,4.68005,4.02744,-6.32476,-0.171026,7.71709,4.02374,-5.12246,6.49143,8.30111,8.76979,-7.60023,-5.23193,-8.1082,7.64697,-1.15063,-9.00146,9.8514,6.72901,-0.467707,9.0818,5.90323,3.60227,-5.34002,4.32463,-7.68326,-0.444758,7.11068,-6.50625,-5.76755,-6.12156,5.0943,-4.32798,-1.33499,7.59524,-9.48971,5.15232,-2.47611,5.5608,2.8357,-5.05819
-1.48474,2.24533,8.24246,-5.91151,0.811247,-7.19924,-1.84866,-1.48989,1.92207,-4.85719,9.72082,8.36714,6.70967,-9.20852,-3.55536,-1.31229,-0.126283,1.44565,9.6953,5.56143,-2.0459,7.87002,8.50936,-5.49212,-3.39905,2.22133,-4.86289,-7.53204,-8.01022,3.66804,6.43814,-5.94968,6.23868,0.187939,7.82666,-7.51787,6.3773,6.73542,2.37978,6.42547,-8.25734,-6.97965,-6.25675,5.41245,-4.86283,4.13282,-2.01776,9.06797,-2.28264,-6.67468,-6.30218,6.45335,-5.94192,7.88361,-8.20753,8.61821,3.45524,-9.6952,-9.42351,-6.67856,0.326213,-5.17003,-5.34745,-0.573291,2.24376,-5.98281,4.23853
-2.34334,-5.44162,6.44114,5.68122,0.587758,2.17412,6.83691,-9.18797,6.64563,0.879843,8.36714,4.37058,-5.32339,-3.48379,1.33366,-2.8945,0.95452,-9.85837,1.70915,-2.1775,-2.42427,-5.73017,7.1956,-8.66284,-0.157627,5.97947,-1.3378,-9.97643,9.71057,-5.35811,-7.5675,3.70962,3.27896,4.40809,2.74817,-2.18629,-2.83037,9.62197,-2.95918,3.38526,-5.35995,-0.00650822,5.35705,4.66761,-3.69853,2.78874,-3.6954,-8.66634,7.20232,0.386516,7.95691,1.53559,4.81014,-4.61432,6.15091,1.92557,-8.97834,1.10704,-1.58423,2.4795,5.12383,-1.23286,3.3287,3.62828,8.68124,5.60898,-7.12749
8.34807,7.822,-5.86042,6.64042,6.84936,-0.341748,5.40803,1.61945,1.203,9.74049,6.70967,-5.32339,3.90901,1.03297,-1.82441,-2.51896,-9.49223,7.55688,-5.11521,-9.47305,8.4212,6.40791,-8.81727,-5.6647,-5.71362,5.06392,-0.962996,4.07928,-6.54299,9.81399,-0.405979,6.14441,-9.91499,0.255882,-8.43386,-6.19269,-1.91307,-7.39297,-1.64081,6.22167,9.41974,9.76562,-1.16473,-2.80454,-0.345824,-0.942595,4.87876,3.1154,-9.57363,5.65185,3.25152,-0.266556,9.43579,9.28602,1.74965,-0.431202,3.64541,-2.57517,1.40067,9.68427,0.80108,-1.14941,6.62665,4.44979,6.11431,2.51084,-2.73606
6.75247,-0.137246,0.181421,-8.12629,8.31149,-4.28706,-4.62902,-5.57177,-8.01129,4.50668,-9.20852,-3.48379,1.03297,1.54687,-0.473148,9.65283,-8.27229,-8.78033,-5.3433,-1.76674,-1.76718,-9.15003,4.71347,-2.16009,-6.7251,0.0697679,-2.23516,-6.91852,1.51846,-9.76484,1.67646,8.06746,8.3877,4.57075,3.33347,8.94566,-6.33031,-6.36906,2.59309,-5.87353,4.66667,8.56533,-2.64311,-4.26738,-5.02081,5.4709,-8.03731,2.91574,-2.30517,-6.48814,-9.85422,9.80573,3.91837,9.27097,1.36833,9.65497,-8.89084,-4.38116,-0.0958264,-0.89844,9.79923,9.23662,-6.04516,-6.51034,-5.54356,-1.79117,5.91248
5.79007,2.688,-6.33211,-5.19373,-4.27194,-1.57355,-2.24541,-4.92973,9.67405,-1.34517,-3.55536,1.33366,-1.82441,-0.473148,-8.55127,-2.43048,7.56046,-8.41958,9.43991,-7.03978,-2.01107,6.46052,9.84082,-1.84179,5.10631,2.45466,0.282046,-5.98271,-3.57971,5.13136,4.3745,-8.76227,8.0058,-1.78758,-9.2212,-6.32603,1.59051,-2.24883,7.92029,-6.94298,-0.00659654,2.28121,6.48087,-6.57599,-3.20943,-9.11051,3.70106,-1.47491,-9.7139,-6.7517,8.55177,-9.01511,-7.08097,-3.46907,2.77046,-4.83634,-1.15558,7.44594,4.77335,-5.1491,9.14028,9.33805,-3.95912,3.00355,4.2953,-4.09969,-7.55049
1.1108,3.28045,-2.51643,-9.07423,-9.69393,-7.28196,-0.714114,3.59625,-5.24388,6.6787,-1.31229,-2.8945,-2.51896,9.65283,-2.43048,2.84809,1.83103,-1.76424,8.57555,-2.16365,-5.90061,4.38586,9.51529,-0.849398,-9.26487,1.6813,-5.09932,3.3637,-7.55178,-6.18966,8.3909,-7.04912,0.245671,5.62985,7.47628,-1.92569,4.1068,3.73975,1.51021,-4.59746,8.2434,-4.9885,1.3574,3.08128,2.1683,-9.17715,6.23488,3.01427,5.19075,4.80883,-6.70123,-9.16956,-5.44624,0.701792,-9.06054,0.106132,1.30335,-4.97642,-5.55549,-1.87889,2.78289,-0.695566,0.885478,3.16912,5.02883,-1.06115,2.10897
-9.71344,-9.71514,-0.683433,3.32436,-0.691928,-6.06587,-8.63497,1.50845,7.40124,9.30974,-0.126283,0.95452,-9.49223,-8.27229,7.56046,1.83103,3.21843,1.15205,-3.25988,-4.52736,-6.10915,6.05641,3.46291,-4.97768,-3.07026,5.60324,8.96516,-2.80452,-1.27227,2.38786,-5.85512,-1.09642,-7.32696,5.90284,-5.09105,0.387398,2.92678,7.06033,-0.602639,-8.15176,-0.591137,7.98681,4.67953,2.13083,9.69215,-8.05701,2.96687,2.00907,-2.83981,5.89194,7.10899,1.91932,-0.68348,1.15255,8.28477,1.94881,9.72749,3.96422,-1.12263,0.694703,-8.53824,3.62648,-7.94611,9.5015,-5.74066,-8.12335,4.6093
-1.75689,-1.67219,-0.154878,3.51419,9.26555,-3.84477,-3.53603,-3.87742,4.72977,-1.83516,1.44565,-9.85837,7.55688,-8.78033,-8.41958,-1.76424,1.15205,1.35145,1.1226,-7.09076,-6.71988,-4.34455,0.159579,0.40315,9.56871,5.83309,-8.47247,3.92494,9.39902,-5.43638,8.47298,-8.38967,-7.10045,5.28981,-5.67144,-1.15111,6.34125,6.37515,-3.69827,9.12025,-3.67397,0.661021,-5.70997,2.43556,0.693778,-5.0919,-0.513065,-5.98587,1.73464,-1.99215,-4.85825,7.89175,2.02551,5.41865,-5.83032,6.2132,-4.5887,-7.11577,4.69907,8.02696,7.56135,-1.13276,-9.60373,-9.00336,-5.17174,-5.9201,2.87736
4.23689,0.211485,0.840135,9.06839,5.66132,3.95733,8.9399,-7.7347,-6.92645,-1.05477,9.6953,1.70915,-5.11521,-5.3433,9.43991,8.57555,-3.25988,1.1226,3.66037,-0.587476,-5.26934,1.20442,-7.35576,9.46026,0.0252654,2.04429,-9.40581,5.49051,-0.826643,6.92862,4.06091,9.33924,9.04327,-9.76818,2.80486,0.294374,-9.37236,-7.88167,-3.92841,0.366879,4.12425,6.14976,-8.23032,9.96947,3.5098,-7.38951,-7.88575,3.19918,3.27767,1.01951,-8.65401,-4.42609,-7.1988,-0.299641,3.99213,-3.94934,7.41486,2.56855,-0.233494,9.57697,5.84422,9.05229,-6.66892,-9.73349,-6.54361,6.737,3.05709
-7.74471,9.64215,7.1518,-1.03115,3.90462,7.19689,1.09355,-6.70755,-8.48407,6.1068,5.56143,-2.1775,-9.47305,-1.76674,-7.03978,-2.16365,-4.52736,-7.09076,-0.587476,-0.201054,-9.82217,0.482517,6.05819,6.91737,6.46008,-2.34359,4.64248,0.562732,-9.98547,2.38205,0.91975,6.73723,5.66981,-5.098,-0.459058,-3.50682,-8.95149,-8.60539,7.08529,4.34798,9.49144,-5.68306,-3.86668,9.40118,-4.91334,-5.56205,-5.07417,8.41522,5.12891,6.40912,-2.03446,7.90602,0.906149,8.32254,-8.26443,7.94877,-8.09562,-0.437038,-1.07422,-5.51569,6.77864,1.28758,-5.79309,7.97235,1.43669,-6.3943,2.06933
1.17452,-1.79024,1.59215,6.57388,8.19601,5.49004,-4.10045,-3.60446,-2.85526,3.79856,-2.0459,-2.42427,8.4212,-1.76718,-2.01107,-5.90061,-6.10915,-6.71988,-5.26934,-9.82217,-8.56108,-6.32195,2.51979,3.59399,8.74413,-7.75309,4.80766,3.25919,4.01465,-5.07143,-9.25628,-1.58798,4.58,-3.66097,-2.13114,-0.85317,-5.90357,9.78038,9.74247,3.90507,7.70626,-5.54576,9.75601,-1.3324,7.42625,-9.46905,1.6122,-6.15286,2.30216,-9.33081,7.86794,6.97804,-1.61802,4.17583,-1.93227,1.26565,0.532532,3.28144,-9.0183,-9.67712,-7.84268,-2.36138,-7.23192,2.74099,-7.57129,3.8616,-8.13913
7.53241,4.13767,0.79072,-0.174026,-0.144407,-4.99211,8.06063,-3.44351,-1.06178,-9.83746,7.87002,-5.73017,6.40791,-9.15003,6.46052,4.38586,6.05641,-4.34455,1.20442,0.482517,-6.32195,6.68733,-9.8398,-3.43613,2.89267,-8.55048,-8.61277,-3.85068,-2.14273,-4.16372,2.56036,7.18621,-0.262096,0.766926,2.1992,-0.630264,9.29199,-3.18396,1.38355,-1.64479,-8.30742,-5.52075,8.92836,-0.0998717,-5.19123,6.34331,-2.94032,1.23163,6.95091,-6.68814,-5.02809,-1.45178,1.44139,-9.00979,-4.25568,-1.69774,8.16856,-5.16388,7.74008,7.01568,5.465,-4.81475,-7.58574,-8.08046,-1.70334,-6.30179,7.07457
-6.32129,-2.2276,-7.57506,7.95252,-5.07151,-4.9331,-7.9085,-8.25736,-8.53033,9.43569,8.50936,7.1956,-8.81727,4.71347,9.84082,9.51529,3.46291,0.159579,-7.35576,6.05819,2.51979,-9.8398,-0.343573,-0.0134478,-9.87464,-4.56571,-0.851876,-2.40356,3.70435,-0.488216,4.23192,9.91473,-1.56636,-7.05284,-7.88473,-6.38861,0.126721,-6.79258,-5.87707,7.37652,8.35673,8.14279,-0.92857,1.14035,5.18167,-7.72067,1.74159,0.676429,2.89709,-5.99145,-7.62268,6.65502,-4.9881,6.85693,-5.19335,-2.2756,7.29603,0.425001,8.00927,-4.40716,9.01731,-2.21057,-7.34922,1.04996,6.94379,-2.91016,2.82332
-8.15972,-1.34457,-3.92031,-0.481328,-0.905752,0.705905,-5.23452,-6.49734,-9.504,-3.43514,-5.49212,-8.66284,-5.6647,-2.16009,-1.84179,-0.849398,-4.97768,0.40315,9.46026,6.91737,3.59399,-3.43613,-0.0134478,-6.01386,7.87331,0.192189,4.80084,2.28607,3.92144,-2.92835,8.10301,-4.89998,-8.46939,-8.08416,-8.36222,-5.10692,5.28358,-9.58857,-9.45722,-1.87467,-7.68456,2.70737,-2.95355,8.59553,-2.03056,-9.21081,9.81504,9.29384,-7.71615,-1.50836,8.61193,8.78572,3.39548,-4.73301,-7.95132,6.47533,-3.30653,2.84215,-8.40748,-8.70578,0.455735,-4.97141,-8.02232,5.11679,3.32556,-0.702391,-2.90872
8.56262,5.74732,0.301529,-4.06837,-9.08027,1.01145,-5.69834,4.43632,-7.1244,3.36267,-3.39905,-0.157627,-5.71362,-6.7251,5.10631,-9.26487,-3.07026,9.56871,0.0252654,6.46008,8.74413,2.89267,-9.87464,7.87331,-0.242079,5.46164,9.53988,4.95394,5.61295,5.58872,-7.34004,3.90463,3.93294,7.24972,-4.57886,-6.24856,-3.52928,6.09752,-9.00421,7.32713,-9.79335,8.96488,9.51041,-0.118584,-6.93905,0.99204,-4.4538,-5.18858,6.01159,6.629,-7.558,8.85,9.746,2.66662,-6.13156,-8.08819,8.40211,-7.78853,3.52522,-9.03445,4.46647,-1.63206,-5.20817,8.30257,4.44893,2.35755,0.178573
-1.45167,1.64271,8.42662,9.35781,-1.57559,-9.64433,9.84624,-7.44286,0.769518,3.31975,2.22133,5.97947,5.06392,0.0697679,2.45466,1.6813,5.60324,5.83309,2.04429,-2.34359,-7.75309,-8.55048,-4.56571,0.192189,5.46164,3.6606,-9.79841,6.06822,2.80832,8.00679,3.21732,5.30209,1.50958,5.71406,5.09624,-0.655427,5.20468,0.26716,7.77257,-3.44755,4.75073,4.64371,-1.8798,-6.95403,5.9869,7.03331,0.353125,-9.99744,-9.24719,-7.75598,2.74092,-4.42988,8.45791,-0.510109,-7.02831,7.48289,8.37406,9.18458,0.621847,3.40058,-6.41762,6.94898,3.10885,-2.90933,5.01296,8.73769,-6.33023
9.18448,-0.808129,-1.38499,-4.79685,-0.141825,-3.70724,-3.85391,7.86616,1.51413,-1.66753,-4.86289,-1.3378,-0.962996,-2.23516,0.282046,-5.09932,8.96516,-8.47247,-9.40581,4.64248,4.80766,-8.61277,-0.851876,4.80084,9.53988,-9.79841,-3.67526,0.533385,8.0321,0.116594,2.97745,8.9541,4.43979,-2.58304,6.51223,1.92626,-2.87808,-7.02005,3.92158,-4.80817,2.54804,7.92971,7.22254,-8.18706,5.18065,1.15238,-5.20532,-0.270821,3.38273,-5.15841,-8.62984,0.687364,3.15493,-3.98006,-7.98063,-7.22266,0.307253,4.70773,4.32094,-9.47091,-7.82942,1.70948,3.01481,3.00924,6.38963,-9.70469,-7.14324
4.91576,-2.34229,3.69261,-7.27966,-7.66561,9.19092,7.62434,4.58496,8.98443,4.68005,-7.53204,-9.97643,4.07928,-6.91852,-5.98271,3.3637,-2.80452,3.92494,5.49051,0.562732,3.25919,-3.85068,-2.40356,2.28607,4.95394,6.06822,0.533385,0.710282,-7.31484,9.29433,7.22545,-9.31827,-5.5216,-6.41832,-8.10612,6.75544,-3.70319,-0.0251947,1.94753,-6.84991,6.83561,8.3554,6.4779,7.83274,-4.04371,2.1775,5.68418,-1.26522,-9.01692,9.63447,1.65651,0.926707,-0.0848669,5.41655,-2.62679,7.8864,9.97417,8.72476,0.39994,7.90889,-1.6073,4.61403,6.68412,-0.666662,-7.54929,4.88073,-1.06395
3.64498,-3.81426,8.59942,7.75293,2.00892,-3.26147,8.579,8.1032,-8.7901,4.02744,-8.01022,9.71057,-6.54299,1.51846,-3.57971,-7.55178,-1.27227,9.39902,-0.826643,-9.98547,4.01465,-2.14273,3.70435,3.92144,5.61295,2.80832,8.0321,-7.31484,-3.18434,0.656229,-0.176703,-3.75158,-8.26988,-2.11578,-2.03603,-0.757494,-2.50522,-9.95383,-0.0851826,-2.70382,-6.57842,6.68422,8.61961,6.54303,4.37398,9.55115,0.834259,-4.28,-7.80536,0.818769,-6.63443,1.61709,6.56945,-6.01878,-5.24218,3.4736,5.59009,9.89185,0.175335,-2.76298,0.277434,-7.87585,3.21569,-6.8077,5.64785,-5.59692,1.48638
-9.62012,-2.25815,2.72208,-0.231903,6.55873,-9.567,1.85272,3.16813,9.87476,-6.32476,3.66804,-5.35811,9.81399,-9.76484,5.13136,-6.18966,2.38786,-5.43638,6.92862,2.38205,-5.07143,-4.16372,-0.488216,-2.92835,5.58872,8.00679,0.116594,9.29433,0.656229,-2.22819,-4.11206,-6.65315,3.38838,9.23079,2.60743,-1.10252,-8.73211,-4.3245,-8.10893,9.5071,4.27543,-6.03364,-6.624,9.89995,0.842456,8.19491,1.37202,8.27703,5.17058,9.33372,8.36466,0.290892,9.6319,8.95607,-3.28424,-0.41928,-2.89105,-4.93089,-8.59125,-3.97797,3.41452,7.7103,6.22831,4.63785,4.79906,-9.37261,4.86432
9.43478,-4.22896,7.44702,6.19975,-9.11946,7.51624,5.11732,1.45915,-7.40963,-0.171026,6.43814,-7.5675,-0.405979,1.67646,4.3745,8.3909,-5.85512,8.47298,4.06091,0.91975,-9.25628,2.56036,4.23192,8.10301,-7.34004,3.21732,2.97745,7.22545,-0.176703,-4.11206,1.48257,-1.70382,3.65936,5.89796,-3.28309,6.469,-4.74187,5.84723,2.84203,5.114,2.6993,-5.12207,-2.24991,9.18002,-0.426182,-3.46809,2.39794,-8.72267,-5.6489,-0.895715,9.17189,-6.65268,-6.55135,-9.38714,-4.36297,-2.44801,4.49221,4.48816,-2.16794,0.73537,-6.80066,-6.23473,7.91542,-3.17819,6.95342,7.01455,-8.73035
5.3529,-3.1994,-8.28403,-4.33186,5.75807,9.11176,-7.52808,-3.14792,1.35946,7.71709,-5.94968,3.70962,6.14441,8.06746,-8.76227,-7.04912,-1.09642,-8.38967,9.33924,6.73723,-1.58798,7.18621,9.91473,-4.89998,3.90463,5.30209,8.9541,-9.31827,-3.75158,-6.65315,-1.70382,8.86339,7.97028,-8.77077,-2.4282,-5.13751,-0.0626302,4.07267,4.8092,-9.54098,-9.83407,-1.80814,0.67394,4.17236,6.23613,1.32234,8.41165,0.693558,-3.20219,6.40128,-0.964771,8.11225,5.75428,0.330111,-8.06411,-8.93632,4.15887,-7.38358,-8.78541,-2.56635,1.442,5.47001,-4.05221,-3.77093,7.47099,5.32641,-6.72783
4.23405,-1.61471,3.53313,-6.98023,-4.30075,8.59725,-1.41886,5.2472,-3.74436,4.02374,6.23868,3.27896,-9.91499,8.3877,8.0058,0.245671,-7.32696,-7.10045,9.04327,5.66981,4.58,-0.262096,-1.56636,-8.46939,3.93294,1.50958,4.43979,-5.5216,-8.26988,3.38838,3.65936,7.97028,4.657,-2.32447,-5.87512,-5.70996,-9.10665,5.90843,-2.22277,5.08649,-7.22535,5.51626,-2.7751,9.41249,6.39593,-3.00402,1.74852,-4.39081,0.322502,5.41986,6.83029,-8.85489,-5.75307,-8.87971,-3.9751,1.43141,-4.6152,-4.79865,-7.54627,-3.87753,2.43174,-7.36554,-6.79753,-4.95724,2.94353,-2.8099,6.21092
3.89809,0.23872,5.65732,8.07465,-9.09349,-4.10366,-0.0151525,-2.95287,-3.0402,-5.12246,0.187939,4.40809,0.255882,4.57075,-1.78758,5.62985,5.90284,5.28981,-9.76818,-5.098,-3.66097,0.766926,-7.05284,-8.08416,7.24972,5.71406,-2.58304,-6.41832,-2.11578,9.23079,5.89796,-8.77077,-2.32447,-7.91233,-3.18733,-4.84228,-0.091506,-0.951416,-7.88595,9.37817,5.67714,-5.2194,5.78393,-9.4085,0.505568,-9.53256,-8.60411,-3.36428,-7.97942,-3.86729,8.45457,-0.638098,5.52453,3.11521,5.82171,-1.7973,-7.52592,0.54886,-8.14794,-5.96584,-4.90727,-7.09907,-6.72149,-5.49607,-5.61176,4.33874,6.60308
-5.89806,9.53357,-1.36437,4.51183,1.0336,6.23233,-2.42058,-9.97189,9.59839,6.49143,7.82666,2.74817,-8.43386,3.33347,-9.2212,7.47628,-5.09105,-5.67144,2.80486,-0.459058,-2.13114,2.1992,-7.88473,-8.36222,-4.57886,5.09624,6.51223,-8.10612,-2.03603,2.60743,-3.28309,-2.4282,-5.87512,-3.18733,9.77416,3.19519,-1.29915,1.20189,-3.19423,3.41956,-5.67936,7.96871,-6.43887,8.18638,-4.02574,8.1593,-0.758298,-5.34589,-6.83612,4.73044,-2.1315,9.00887,1.38661,-7.86959,-0.497379,-8.34731,-0.444668,-0.667671,-9.65145,-1.59153,7.81039,6.04095,-9.27446,4.00019,3.00484,7.73081,8.08913
-5.65716,-2.18412,5.56663,6.12782,5.67695,5.61063,9.92806,-3.02306,-0.231518,8.30111,-7.51787,-2.18629,-6.19269,8.94566,-6.32603,-1.92569,0.387398,-1.15111,0.294374,-3.50682,-0.85317,-0.630264,-6.38861,-5.10692,-6.24856,-0.655427,1.92626,6.75544,-0.757494,-1.10252,6.469,-5.13751,-5.70996,-4.84228,3.19519,8.96155,1.31149,-5.88109,-3.08476,-7.28096,-4.29337,-7.41995,-2.92528,-0.520666,-5.84793,-4.22322,-1.83905,8.49383,2.71039,2.73885,9.12976,0.708779,-6.74844,-8.94482,-3.18389,7.58808,4.70652,-6.3233,-7.86296,-8.60392,5.6511,1.07664,9.1583,-6.8935,4.68534,-4.17282,3.24627
9.99823,4.60231,-9.85559,8.13582,2.26829,3.325,-3.01403,-2.75418,-0.043094,8.76979,6.3773,-2.83037,-1.91307,-6.33031,1.59051,4.1068,2.92678,6.34125,-9.37236,-8.95149,-5.90357,9.29199,0.126721,5.28358,-3.52928,5.20468,-2.87808,-3.70319,-2.50522,-8.73211,-4.74187,-0.0626302,-9.10665,-0.091506,-1.29915,1.31149,-6.60853,-7.26333,-1.13908,1.05641,3.02568,-9.74608,8.76914,-7.02083,-4.34827,6.9634,7.97646,-4.20555,1.0676,-8.94086,9.73166,-4.35965,-8.44267,3.04672,-3.23912,0.00598292,-2.84794,-1.0778,5.65417,7.49305,4.27897,-1.48988,-1.03056,-8.15388,4.69777,1.03818,3.15109
0.044478,-1.93943,4.56336,9.22521,-2.95384,1.33792,-4.274,6.97842,-3.28475,-7.60023,6.73542,9.62197,-7.39297,-6.36906,-2.24883,3.73975,7.06033,6.37515,-7.88167,-8.60539,9.78038,-3.18396,-6.79258,-9.58857,6.09752,0.26716,-7.02005,-0.0251947,-9.95383,-4.3245,5.84723,4.07267,5.90843,-0.951416,1.20189,-5.88109,-7.26333,2.94936,-6.17948,3.03613,-2.19487,-3.34112,-4.75796,-6.63675,-5.46762,-5.21918,-1.20734,1.42573,-5.50638,9.25747,5.27939,3.5856,3.73477,-4.64285,5.85817,3.77385,-8.43604,-9.64903,-0.671273,2.04023,6.92828,-1.59141,-5.39826,1.60065,-0.602239,7.02205,-2.19819
4.22461,7.84105,2.21534,2.27271,-9.79111,0.339547,-9.65016,5.10658,-4.47677,-5.23193,2.37978,-2.95918,-1.64081,2.59309,7.92029,1.51021,-0.602639,-3.69827,-3.92841,7.08529,9.74247,1.38355,-5.87707,-9.45722,-9.00421,7.77257,3.92158,1.94753,-0.0851826,-8.10893,2.84203,4.8092,-2.22277,-7.88595,-3.19423,-3.08476,-1.13908,-6.17948,2.85752,-6.02249,-9.44977,-8.90525,1.42726,-1.21973,-0.863304,-7.61152,-7.17639,-1.28003,-0.629952,-1.49703,3.43431,-3.61581,1.65903,-8.04847,1.79424,-3.40124,9.05797,-0.668885,-5.64649,-1.61152,-6.41589,-3.18986,-2.30217,-0.850779,-9.68311,-2.64889,1.77584
-6.34336,8.79349,-7.20583,-2.49501,-5.61696,-7.2178,6.87117,1.99666,1.12777,-8.1082,6.42547,3.38526,6.22167,-5.87353,-6.94298,-4.59746,-8.15176,9.12025,0.366879,4.34798,3.90507,-1.64479,7.37652,-1.87467,7.32713,-3.44755,-4.80817,-6.84991,-2.70382,9.5071,5.114,-9.54098,5.08649,9.37817,3.41956,-7.28096,1.05641,3.03613,-6.02249,-8.60212,-3.88344,1.89074,9.1496,6.32187,-8.24222,-9.33103,-4.95654,1.87138,9.60109,-5.42212,6.96947,-8.19046,8.8156,-1.92599,-6.41382,-4.06197,-1.37001,-8.77117,7.32284,7.56304,-1.47417,-5.64524,-0.370932,4.59899,-8.90037,5.17888,-2.41374
-1.80658,-8.46008,5.97857,-3.07783,1.62918,-7.09649,-0.958725,-8.92854,-5.73753,7.64697,-8.25734,-5.35995,9.41974,4.66667,-0.00659654,8.2434,-0.591137,-3.67397,4.12425,9.49144,7.70626,-8.30742,8.35673,-7.68456,-9.79335,4.75073,2.54804,6.83561,-6.57842,4.27543,2.6993,-9.83407,-7.22535,5.67714,-5.67936,-4.29337,3.02568,-2.19487,-9.44977,-3.88344,-4.65059,7.99635,1.78408,9.80551,9.34075,7.22014,1.34336,5.63986,-3.47028,0.404301,6.47193,4.02415,3.50888,3.55085,2.746,6.56055,-0.424354,-2.13281,3.46765,-0.190775,-2.70224,-3.46109,1.45306,7.8338,4.42255,-9.33845,-8.72786
3.85619,6.10807,0.181738,3.16306,2.47972,-4.85648,1.20386,-9.20475,-7.91053,-1.15063,-6.97965,-0.00650822,9.76562,8.56533,2.28121,-4.9885,7.98681,0.661021,6.14976,-5.68306,-5.54576,-5.52075,8.14279,2.70737,8.96488,4.64371,7.92971,8.3554,6.68422,-6.03364,-5.12207,-1.80814,5.51626,-5.2194,7.96871,-7.41995,-9.74608,-3.34112,-8.90525,1.89074,7.99635,-4.22734,-6.46002,3.40471,1.215,3.91606,-9.77691,-4.12872,4.10865,6.00356,7.58947,3.96093,-1.40152,7.24945,-2.01991,7.79843,9.18027,5.40405,-1.29996,-4.32679,6.54505,5.47706,-5.91141,-9.58392,0.187094,-9.41856,-4.71144
-3.468,5.4804,5.9867,6.593,-9.21028,-3.29457,-0.528327,9.99482,-0.0786228,-9.00146,-6.25675,5.35705,-1.16473,-2.64311,6.48087,1.3574,4.67953,-5.70997,-8.23032,-3.86668,9.75601,8.92836,-0.92857,-2.95355,9.51041,-1.8798,7.22254,6.4779,8.61961,-6.624,-2.24991,0.67394,-2.7751,5.78393,-6.43887,-2.92528,8.76914,-4.75796,1.42726,9.1496,1.78408,-6.46002,1.31344,-1.40912,3.22589,-5.37319,-8.75631,3.39906,-9.47595,-8.7335,2.39794,-1.8004,7.52373,-4.4249,-3.09858,-8.41369,-0.154061,0.0280242,-4.70151,-9.22528,5.69204,6.26299,6.95205,2.73544,4.41073,7.76667,0.270711
-5.14167,1.52351,8.15439,2.47928,9.38087,1.65088,-3.61786,-5.15888,-1.66674,9.8514,5.41245,4.66761,-2.80454,-4.26738,-6.57599,3.08128,2.13083,2.43556,9.96947,9.40118,-1.3324,-0.0998717,1.14035,8.59553,-0.118584,-6.95403,-8.18706,7.83274,6.54303,9.89995,9.18002,4.17236,9.41249,-9.4085,8.18638,-0.520666,-7.02083,-6.63675,-1.21973,6.32187,9.80551,3.40471,-1.40912,-4.99431,8.63445,-7.25626,-2.35099,0.1904,6.87104,9.96054,-5.86207,-1.43801,9.23446,0.508526,-6.85342,-3.74401,-4.4825,-7.33898,6.28903,-7.27895,-0.649708,-9.31524,-5.44136,-6.16448,-9.35421,4.18114,-5.18702
2.28498,-7.61808,-2.36367,6.1312,9.99053,0.517519,0.909255,7.12855,-2.38515,6.72901,-4.86283,-3.69853,-0.345824,-5.02081,-3.20943,2.1683,9.69215,0.693778,3.5098,-4.91334,7.42625,-5.19123,5.18167,-2.03056,-6.93905,5.9869,5.18065,-4.04371,4.37398,0.842456,-0.426182,6.23613,6.39593,0.505568,-4.02574,-5.84793,-4.34827,-5.46762,-0.863304,-8.24222,9.34075,1.215,3.22589,8.63445,-8.36117,5.26683,2.82891,-1.73947,-5.85916,-8.57106,-0.597931,-6.48382,4.68534,9.49609,1.2776,-3.52509,2.16281,0.206146,-8.90604,-3.24867,3.02515,0.950272,-3.63425,-6.78589,-3.96322,7.75283,-7.75861
8.22766,1.48518,-9.94073,-8.21259,-0.921587,7.67337,-4.82441,-0.35762,0.874497,-0.467707,4.13282,2.78874,-0.942595,5.4709,-9.11051,-9.17715,-8.05701,-5.0919,-7.38951,-5.56205,-9.46905,6.34331,-7.72067,-9.21081,0.99204,7.03331,1.15238,2.1775,9.55115,8.19491,-3.46809,1.32234,-3.00402,-9.53256,8.1593,-4.22322,6.9634,-5.21918,-7.61152,-9.33103,7.22014,3.91606,-5.37319,-7.25626,5.26683,-9.59422,-8.09074,-3.64307,-9.38947,-3.99526,-7.621,-3.73715,-7.76733,-7.79792,-4.35313,0.337965,-9.04688,-0.910026,-7.61188,-0.742538,8.5599,5.07004,-3.50158,6.55576,-6.80979,-0.0786896,2.26404
-5.86565,-4.14842,5.39267,-0.478468,-9.21804,4.49559,-8.83382,-0.382886,8.51237,9.0818,-2.01776,-3.6954,4.87876,-8.03731,3.70106,6.23488,2.96687,-0.513065,-7.88575,-5.07417,1.6122,-2.94032,1.74159,9.81504,-4.4538,0.353125,-5.20532,5.68418,0.834259,1.37202,2.39794,8.41165,1.74852,-8.60411,-0.758298,-1.83905,7.97646,-1.20734,-7.17639,-4.95654,1.34336,-9.77691,-8.75631,-2.35099,2.82891,-8.09074,-2.97422,-3.60281,1.45832,-9.83704,6.48878,-9.71289,2.73069,4.2132,-9.6648,-0.192756,-5.21626,-6.17822,-2.75664,7.5019,6.28703,-7.28654,-4.41258,1.78477,3.12776,-8.88834,9.59118
-7.52125,9.78639,-5.77591,3.34766,-8.56909,7.26532,4.00007,-2.7603,4.1577,5.90323,9.06797,-8.66634,3.1154,2.91574,-1.47491,3.01427,2.00907,-5.98587,3.19918,8.41522,-6.15286,1.23163,0.676429,9.29384,-5.18858,-9.99744,-0.270821,-1.26522,-4.28,8.27703,-8.72267,0.693558,-4.39081,-3.36428,-5.34589,8.49383,-4.20555,1.42573,-1.28003,1.87138,5.63986,-4.12872,3.39906,0.1904,-1.73947,-3.64307,-3.60281,8.31294,3.18937,5.08766,-1.8866,-6.53258,-6.19151,4.11285,-9.40993,-0.0811597,-8.63742,1.67028,-6.62132,-4.71897,1.74153,-1.76497,-0.443615,9.09694,3.9165,-5.74834,0.986023
5.79282,-9.30823,-5.57966,7.66568,7.68334,6.67521,-7.00553,-7.08858,-9.86027,3.60227,-2.28264,7.20232,-9.57363,-2.30517,-9.7139,5.19075,-2.83981,1.73464,3.27767,5.12891,2.30216,6.95091,2.89709,-7.71615,6.01159,-9.24719,3.38273,-9.01692,-7.80536,5.17058,-5.6489,-3.20219,0.322502,-7.97942,-6.83612,2.71039,1.0676,-5.50638,-0.629952,9.60109,-3.47028,4.10865,-9.47595,6.87104,-5.85916,-9.38947,1.45832,3.18937,7.88683,-6.25613,3.68232,-3.16887,2.26842,7.99433,7.40989,9.70318,-5.77804,-3.24562,-1.49017,-0.877892,-7.47321,8.7337,-0.735311,8.63376,-8.02263,-4.13103,9.17614
-2.55348,-7.1198,1.23678,-2.24692,-0.950498,-3.49189,6.56274,-2.63247,-7.69799,-5.34002,-6.67468,0.386516,5.65185,-6.48814,-6.7517,4.80883,5.89194,-1.99215,1.01951,6.40912,-9.33081,-6.68814,-5.99145,-1.50836,6.629,-7.75598,-5.15841,9.63447,0.818769,9.33372,-0.895715,6.40128,5.41986,-3.86729,4.73044,2.73885,-8.94086,9.25747,-1.49703,-5.42212,0.404301,6.00356,-8.7335,9.96054,-8.57106,-3.99526,-9.83704,5.08766,-6.25613,-4.53438,6.45405,6.61122,4.3706,-1.66669,6.39208,2.43789,6.98885,-9.66568,-3.23037,-3.09218,6.95853,-4.2836,4.87831,5.37862,2.89832,4.46567,0.0921656
7.46542,3.91454,2.45095,-5.95453,-9.87053,-7.13961,8.13939,1.16883,-0.0222854,4.32463,-6.30218,7.95691,3.25152,-9.85422,8.55177,-6.70123,7.10899,-4.85825,-8.65401,-2.03446,7.86794,-5.02809,-7.62268,8.61193,-7.558,2.74092,-8.62984,1.65651,-6.63443,8.36466,9.17189,-0.964771,6.83029,8.45457,-2.1315,9.12976,9.73166,5.27939,3.43431,6.96947,6.47193,7.58947,2.39794,-5.86207,-0.597931,-7.621,6.48878,-1.8866,3.68232,6.45405,0.306217,-5.92469,3.21016,-0.266049,-8.78891,-0.444534,7.91974,-9.19857,4.9399,3.66886,5.4211,-1.6727,-4.48031,1.9857,6.80309,-7.06664,-8.83822
-2.7176,4.56147,4.44076,2.94591,-1.95886,-9.58246,1.38216,8.50148,2.96704,-7.68326,6.45335,1.53559,-0.266556,9.80573,-9.01511,-9.16956,1.91932,7.89175,-4.42609,7.90602,6.97804,-1.45178,6.65502,8.78572,8.85,-4.42988,0.687364,0.926707,1.61709,0.290892,-6.65268,8.11225,-8.85489,-0.638098,9.00887,0.708779,-4.35965,3.5856,-3.61581,-8.19046,4.02415,3.96093,-1.8004,-1.43801,-6.48382,-3.73715,-9.71289,-6.53258,-3.16887,6.61122,-5.92469,6.65764,-9.09922,-6.52043,1.87191,9.81273,7.66926,-6.71365,9.58993,-7.90823,2.5601,6.10272,4.3089,2.60626,-5.15082,0.249218,5.31773
-9.79171,-1.14376,2.60745,-2.28111,3.8593,7.02666,2.96253,-6.47287,-4.46212,-0.444758,-5.94192,4.81014,9.43579,3.91837,-7.08097,-5.44624,-0.68348,2.02551,-7.1988,0.906149,-1.61802,1.44139,-4.9881,3.39548,9.746,8.45791,3.15493,-0.0848669,6.56945,9.6319,-6.55135,5.75428,-5.75307,5.52453,1.38661,-6.74844,-8.44267,3.73477,1.65903,8.8156,3.50888,-1.40152,7.52373,9.23446,4.68534,-7.76733,2.73069,-6.19151,2.26842,4.3706,3.21016,-9.09922,1.48996,2.08384,-9.26255,1.92835,1.46066,-7.27887,-3.69666,2.66781,-5.1004,1.45843,6.82194,-0.149173,-0.611818,1.5912,2.89632
1.49032,6.14485,-8.07673,-4.96364,0.9364,-6.31692,-3.80548,3.05072,4.19693,7.11068,7.88361,-4.61432,9.28602,9.27097,-3.46907,0.701792,1.15255,5.41865,-0.299641,8.32254,4.17583,-9.00979,6.85693,-4.73301,2.66662,-0.510109,-3.98006,5.41655,-6.01878,8.95607,-9.38714,0.330111,-8.87971,3.11521,-7.86959,-8.94482,3.04672,-4.64285,-8.04847,-1.92599,3.55085,7.24945,-4.4249,0.508526,9.49609,-7.79792,4.2132,4.11285,7.99433,-1.66669,-0.266049,-6.52043,2.08384,8.85614,-6.35823,-2.6235,-1.2527,-8.62922,9.91047,-5.2984,-9.0697,6.74344,3.84615,-7.18997,1.98234,4.77749,-7.95289
-8.45158,-5.30815,-9.60434,-8.25039,-5.23579,3.08576,8.81034,-0.75746,-0.581621,-6.50625,-8.20753,6.15091,1.74965,1.36833,2.77046,-9.06054,8.28477,-5.83032,3.99213,-8.26443,-1.93227,-4.25568,-5.19335,-7.95132,-6.13156,-7.02831,-7.98063,-2.62679,-5.24218,-3.28424,-4.36297,-8.06411,-3.9751,5.82171,-0.497379,-3.18389,-3.23912,5.85817,1.79424,-6.41382,2.746,-2.01991,-3.09858,-6.85342,1.2776,-4.35313,-9.6648,-9.40993,7.40989,6.39208,-8.78891,1.87191,-9.26255,-6.35823,5.49533,8.22834,-7.12426,-3.74735,-5.04268,5.16209,-7.719,-0.196539,5.69271,-5.42689,1.75168,1.19902,-7.40432
-9.4812,-3.96317,-1.34954,-9.59148,-2.14572,-1.04323,2.93514,4.43531,5.55732,-5.76755,8.61821,1.92557,-0.431202,9.65497,-4.83634,0.106132,1.94881,6.2132,-3.94934,7.94877,1.26565,-1.69774,-2.2756,6.47533,-8.08819,7.48289,-7.22266,7.8864,3.4736,-0.41928,-2.44801,-8.93632,1.43141,-1.7973,-8.34731,7.58808,0.00598292,3.77385,-3.40124,-4.06197,6.56055,7.79843,-8.41369,-3.74401,-3.52509,0.337965,-0.192756,-0.0811597,9.70318,2.43789,-0.444534,9.81273,1.92835,-2.6235,8.22834,8.81714,7.44745,-6.48612,-8.46404,6.40456,0.772125,-6.51474,7.93623,-9.8145,5.68493,5.59804,1.7159
-0.641222,2.12955,-2.01289,-3.94754,3.30074,-9.30971,2.50755,7.49153,-3.01268,-6.12156,3.45524,-8.97834,3.64541,-8.89084,-1.15558,1.30335,9.72749,-4.5887,7.41486,-8.09562,0.532532,8.16856,7.29603,-3.30653,8.40211,8.37406,0.307253,9.97417,5.59009,-2.89105,4.49221,4.15887,-4.6152,-7.52592,-0.444668,4.70652,-2.84794,-8.43604,9.05797,-1.37001,-0.424354,9.18027,-0.154061,-4.4825,2.16281,-9.04688,-5.21626,-8.63742,-5.77804,6.98885,7.91974,7.66926,1.46066,-1.2527,-7.12426,7.44745,7.86387,4.39392,-0.92232,-0.807101,8.15113,-2.84292,-2.3894,-5.4657,3.5908,1.61657,-9.97901
-0.328515,-2.3257,3.78124,2.84434,-0.848381,-3.44179,4.24055,-7.78152,4.60899,5.0943,-9.6952,1.10704,-2.57517,-4.38116,7.44594,-4.97642,3.96422,-7.11577,2.56855,-0.437038,3.28144,-5.16388,0.425001,2.84215,-7.78853,9.18458,4.70773,8.72476,9.89185,-4.93089,4.48816,-7.38358,-4.79865,0.54886,-0.667671,-6.3233,-1.0778,-9.64903,-0.668885,-8.77117,-2.13281,5.40405,0.0280242,-7.33898,0.206146,-0.910026,-6.17822,1.67028,-3.24562,-9.66568,-9.19857,-6.71365,-7.27887,-8.62922,-3.74735,-6.48612,4.39392,-2.92426,1.63575,5.04021,7.44861,9.60561,5.34728,-8.05884,-6.42123,4.99257,6.62309
4.92901,-7.7042,9.00979,-3.20462,-9.32341,0.37924,7.02076,5.39462,0.187165,-4.32798,-9.42351,-1.58423,1.40067,-0.0958264,4.77335,-5.55549,-1.12263,4.69907,-0.233494,-1.07422,-9.0183,7.74008,8.00927,-8.40748,3.52522,0.621847,4.32094,0.39994,0.175335,-8.59125,-2.16794,-8.78541,-7.54627,-8.14794,-9.65145,-7.86296,5.65417,-0.671273,-5.64649,7.32284,3.46765,-1.29996,-4.70151,6.28903,-8.90604,-7.61188,-2.75664,-6.62132,-1.49017,-3.23037,4.9399,9.58993,-3.69666,9.91047,-5.04268,-8.46404,-0.92232,1.63575,6.0244,-6.18903,-5.92216,-9.83998,-3.80175,-4.88162,2.94304,-5.0836,8.81167
-0.174373,-1.13,9.70444,-7.4598,-4.00332,-9.88211,5.05772,3.25539,3.02237,-1.33499,-6.67856,2.4795,9.68427,-0.89844,-5.1491,-1.87889,0.694703,8.02696,9.57697,-5.51569,-9.67712,7.01568,-4.40716,-8.70578,-9.03445,3.40058,-9.47091,7.90889,-2.76298,-3.97797,0.73537,-2.56635,-3.87753,-5.96584,-1.59153,-8.60392,7.49305,2.04023,-1.61152,7.56304,-0.190775,-4.32679,-9.22528,-7.27895,-3.24867,-0.742538,7.5019,-4.71897,-0.877892,-3.09218,3.66886,-7.90823,2.66781,-5.2984,5.16209,6.40456,-0.807101,5.04021,-6.18903,-8.93288,7.26678,-6.77945,-6.07293,-6.38238,-4.9987,5.85078,7.96736
-6.40249,7.81399,5.92284,-6.27999,-9.95383,-9.79281,-6.26757,3.61257,4.50158,7.59524,0.326213,5.12383,0.80108,9.79923,9.14028,2.78289,-8.53824,7.56135,5.84422,6.77864,-7.84268,5.465,9.01731,0.455735,4.46647,-6.41762,-7.82942,-1.6073,0.277434,3.41452,-6.80066,1.442,2.43174,-4.90727,7.81039,5.6511,4.27897,6.92828,-6.41589,-1.47417,-2.70224,6.54505,5.69204,-0.649708,3.02515,8.5599,6.28703,1.74153,-7.47321,6.95853,5.4211,2.5601,-5.1004,-9.0697,-7.719,0.772125,8.15113,7.44861,-5.92216,7.26678,-7.9341,6.41781,-1.25787,3.72635,6.20701,4.10331,0.917682
1.45035,-2.76332,-2.02293,2.77597,-3.14517,-8.59264,-9.80435,-4.87051,-7.40814,-9.48971,-5.17003,-1.23286,-1.14941,9.23662,9.33805,-0.695566,3.62648,-1.13276,9.05229,1.28758,-2.36138,-4.81475,-2.21057,-4.97141,-1.63206,6.94898,1.70948,4.61403,-7.87585,7.7103,-6.23473,5.47001,-7.36554,-7.09907,6.04095,1.07664,-1.48988,-1.59141,-3.18986,-5.64524,-3.46109,5.47706,6.26299,-9.31524,0.950272,5.07004,-7.28654,-1.76497,8.7337,-4.2836,-1.6727,6.10272,1.45843,6.74344,-0.196539,-6.51474,-2.84292,9.60561,-9.83998,-6.77945,6.41781,1.37818,-9.16307,7.53956,-5.37195,-2.63021,-1.5809
2.54144,9.36718,5.58038,5.3536,-3.0285,-2.97373,-5.91702,-3.66919,-5.05185,5.15232,-5.34745,3.3287,6.62665,-6.04516,-3.95912,0.885478,-7.94611,-9.60373,-6.66892,-5.79309,-7.23192,-7.58574,-7.34922,-8.02232,-5.20817,3.10885,3.01481,6.68412,3.21569,6.22831,7.91542,-4.05221,-6.79753,-6.72149,-9.27446,9.1583,-1.03056,-5.39826,-2.30217,-0.370932,1.45306,-5.91141,6.95205,-5.44136,-3.63425,-3.50158,-4.41258,-0.443615,-0.735311,4.87831,-4.48031,4.3089,6.82194,3.84615,5.69271,7.93623,-2.3894,5.34728,-3.80175,-6.07293,-1.25787,-9.16307,-1.34147,-4.05148,2.01004,1.54133,-2.97077
-7.6627,6.45028,0.81526,9.08896,-4.22005,-0.418038,-5.59834,-4.62388,2.72412,-2.47611,-0.573291,3.62828,4.44979,-6.51034,3.00355,3.16912,9.5015,-9.00336,-9.73349,7.97235,2.74099,-8.08046,1.04996,5.11679,8.30257,-2.90933,3.00924,-0.666662,-6.8077,4.63785,-3.17819,-3.77093,-4.95724,-5.49607,4.00019,-6.8935,-8.15388,1.60065,-0.850779,4.59899,7.8338,-9.58392,2.73544,-6.16448,-6.78589,6.55576,1.78477,9.09694,8.63376,5.37862,1.9857,2.60626,-0.149173,-7.18997,-5.42689,-9.8145,-5.4657,-8.05884,-4.88162,-6.38238,3.72635,7.53956,-4.05148,7.06678,0.127818,-7.74251,0.753348
-0.366144,-0.504527,7.45031,1.50152,-4.82063,-5.01759,1.54757,4.97164,4.30536,5.5608,2.24376,8.68124,6.11431,-5.54356,4.2953,5.02883,-5.74066,-5.17174,-6.54361,1.43669,-7.57129,-1.70334,6.94379,3.32556,4.44893,5.01296,6.38963,-7.54929,5.64785,4.79906,6.95342,7.47099,2.94353,-5.61176,3.00484,4.68534,4.69777,-0.602239,-9.68311,-8.90037,4.42255,0.187094,4.41073,-9.35421,-3.96322,-6.80979,3.12776,3.9165,-8.02263,2.89832,6.80309,-5.15082,-0.611818,1.98234,1.75168,5.68493,3.5908,-6.42123,2.94304,-4.9987,6.20701,-5.37195,2.01004,0.127818,-4.63909,-3.0952,-7.52954
0.617032,2.08887,6.15444,1.88122,-0.825572,-9.23792,-7.33979,-3.36576,-5.16925,2.8357,-5.98281,5.60898,2.51084,-1.79117,-4.09969,-1.06115,-8.12335,-5.9201,6.737,-6.3943,3.8616,-6.30179,-2.91016,-0.702391,2.35755,8.73769,-9.70469,4.88073,-5.59692,-9.37261,7.01455,5.32641,-2.8099,4.33874,7.73081,-4.17282,1.03818,7.02205,-2.64889,5.17888,-9.33845,-9.41856,7.76667,4.18114,7.75283,-0.0786896,-8.88834,-5.74834,-4.13103,4.46567,-7.06664,0.249218,1.5912,4.77749,1.19902,5.59804,1.61657,4.99257,-5.0836,5.85078,4.10331,-2.63021,1.54133,-7.74251,-3.0952,2.28332,3.64827
1.5216,-8.23411,-7.27277,-7.01174,-1.01374,7.73507,9.00242,-1.42954,6.29712,-5.05819,4.23853,-7.12749,-2.73606,5.91248,-7.55049,2.10897,4.6093,2.87736,3.05709,2.06933,-8.13913,7.07457,2.82332,-2.90872,0.178573,-6.33023,-7.14324,-1.06395,1.48638,4.86432,-8.73035,-6.72783,6.21092,6.60308,8.08913,3.24627,3.15109,-2.19819,1.77584,-2.41374,-8.72786,-4.71144,0.270711,-5.18702,-7.75861,2.26404,9.59118,0.986023,9.17614,0.0921656,-8.83822,5.31773,2.89632,-7.95289,-7.40432,1.7159,-9.97901,6.62309,8.81167,7.96736,0.917682,-1.5809,-2.97077,0.753348,-7.52954,3.64827,1.01419
