-8.47817,4.53632,-3.94487,-1.6391,9.80888,9.47869,-0.613618
4.53632,2.67695,-8.09478,-9.57148,7.11894,-5.38408,-1.00119
-3.94487,-8.09478,4.00201,3.09164,-6.3271,5.42568,6.06635
-1.6391,-9.57148,3.09164,-1.52284,2.15123,-1.91358,-8.80221
9.80888,7.11894,-6.3271,2.15123,-7.55345,6.6205,-5.45004
9.47869,-5.38408,5.42568,-1.91358,6.6205,-6.1214,-0.114129
-0.613618,-1.00119,6.06635,-8.80221,-5.45004,-0.114129,-2.16442
