1.93675,0.324688,-0.79358,-8.58204,5.16516,-7.63585,5.48943,8.49817,-5.99509,6.08843,3.85105,-0.311927,-2.83669,-4.54452,-8.14856,-4.26125,6.6552,-5.37524,-9.27546,-8.07023,-6.84474,-3.94053,7.37282,-6.92487,-7.37095,8.55291,-3.10726,8.58142,-0.330204,-2.27337,2.95532,5.44471,-1.91898,4.70361,4.02701,0.40349,-6.3193,0.679343,-2.84985,-8.96245,7.52749,-2.61266,9.28306,8.61071,-7.38422,-0.829299,1.82773,-2.7632,6.40774,4.61241,-6.57951,2.33727,3.37101,-4.69697,-6.61123,4.07555,9.41213,-9.11039,6.40349,-8.93469,-7.35576,-8.49288,2.3548,4.31532,-8.34308,-1.6993,1.57909,-8.67301,-0.271653,3.24662,-4.70919
0.324688,-4.73096,0.493586,-5.55946,2.41907,9.50263,4.75204,6.93764,-7.23306,8.69748,-2.2389,4.50942,3.16209,4.52512,-6.26609,5.08816,-7.54068,-9.20214,5.12476,6.87407,2.00186,0.772489,0.373194,-2.95864,-6.57801,5.91782,3.28279,-3.66025,-8.69616,-2.38125,0.853388,-8.96807,7.49985,-9.51694,4.678,5.28363,-2.86087,9.64548,5.22956,8.29735,6.94076,-9.5665,5.60653,5.20228,3.98213,-2.45872,-9.2352,8.51159,4.89245,1.88342,-1.51033,7.75956,-5.24566,2.34912,1.29484,-3.1645,-2.08728,-1.71664,6.6698,-8.06548,-9.02754,8.28372,-3.17317,-7.13307,3.98187,-6.37159,-5.67926,9.39092,-2.95686,-4.69007,1.22353
-0.79358,0.493586,5.51078,-8.13846,-9.41376,-2.11563,-5.5584,2.62562,7.70963,3.69244,-8.79118,-4.03269,9.46489,-6.30477,-1.39925,-8.0562,8.59717,-8.56708,6.88749,-1.72538,6.90405,2.97354,4.29152,-0.249749,-0.407215,-9.07151,-9.44949,-9.09271,-5.44571,-2.905,-3.74736,6.90699,6.03538,-7.16738,-3.75042,-4.29565,-6.09549,3.77405,-7.38437,-0.213991,-3.20601,-9.17101,-7.85602,-7.74614,3.72371,-4.27057,8.9515,-9.27857,2.18958,-5.60479,-8.40322,9.27707,6.77457,4.67779,0.896598,-9.6429,-8.03935,6.85374,-7.5852,-2.8973,-7.43721,7.03126,-5.36756,-6.40603,9.62118,-8.96966,3.23316,-7.8495,1.61784,-1.9485,2.20995
-8.58204,-5.55946,-8.13846,3.71908,-6.90449,-3.37475,-1.50061,-0.712271,8.50522,-0.291064,-8.33757,3.69722,7.8249,5.374,1.76579,-1.08421,-8.63859,-6.91453,6.99871,-5.9826,-6.68739,-3.51571,7.19696,-3.38587,9.82264,5.29708,-6.61293,9.22068,-3.1192,-4.72499,9.24134,8.76134,1.76542,-5.95152,3.59677,-5.70976,3.49547,5.64631,-8.61243,-9.28898,5.91744,-2.70541,-4.30821,-5.28317,-4.4972,7.65763,9.75667,-3.23999,-6.04638,-7.15064,5.73241,-8.51236,-6.69328,9.1554,8.84114,2.82479,-7.23985,-6.48174,0.821102,3.64863,-7.05856,-2.15493,0.0062169,2.78902,-4.22213,-0.619879,0.103595,6.964,-0.559449,9.79778,-5.61018
5.16516,2.41907,-9.41376,-6.90449,7.46577,-3.88134,1.88392,9.68278,-9.092,-0.215428,-4.36383,9.32954,-6.86601,7.3165,-7.84943,4.0812,5.24947,1.62888,6.44709,-6.66481,-6.31036,-5.93296,-0.658236,1.27719,-3.18926,9.14787,0.529095,1.06656,-3.863,3.75931,-1.25368,0.136248,-8.9831,-3.61679,5.68856,5.63381,9.25091,9.44592,0.729236,-6.44085,7.30142,1.50181,7.86768,-1.84133,5.87858,8.65274,4.59697,2.20729,7.10637,4.29825,-3.13787,-6.84864,-7.05714,-9.28906,-2.05072,9.8181,-8.1207,-6.10954,6.24093,-5.4178,-8.71575,5.09695,4.26413,-6.39361,-7.13757,3.19516,5.99142,3.85773,-4.33892,6.09465,-6.83556
-7.63585,9.50263,-2.11563,-3.37475,-3.88134,-5.70308,8.82293,-2.44807,2.52636,-4.42136,-7.45575,-0.0180795,5.72211,3.71951,-6.15166,-7.25265,-4.69713,-3.45584,-0.898813,-8.83211,-8.29532,-5.05845,-9.39513,-2.61677,-1.93645,8.78118,-7.78269,8.97787,-8.01072,6.80626,-2.20307,9.59897,-2.06434,-6.58847,8.47899,-5.68351,-4.04516,-9.24377,6.32154,-5.59307,-4.05876,-6.68529,0.420027,7.28646,-9.98819,-8.19731,7.26244,3.40708,-9.70313,-6.42444,-1.17826,-2.61587,7.58159,3.86914,4.98233,-3.89418,-0.437895,8.87025,5.60242,-7.98736,-9.69733,-2.29458,6.73897,5.29486,3.8384,5.37217,4.48636,9.15293,4.84894,4.09788,6.79899
5.48943,4.75204,-5.5584,-1.50061,1.88392,8.82293,-9.95698,-6.84901,-8.47733,7.36972,-6.22994,4.23747,-2.27347,-1.61415,-1.05367,1.74813,0.342847,9.85997,1.67301,3.84485,6.8793,-6.20542,4.93674,-6.1666,5.12471,-7.24395,-2.60334,6.71063,8.71095,3.55095,3.45133,0.606377,-8.98332,-7.65558,-8.61537,-6.85941,-3.3917,-9.50888,0.0309714,-0.14752,4.30805,1.56456,-6.72088,-1.46704,1.90655,1.60015,6.5799,-2.52491,8.96099,4.70911,8.10773,-9.28033,3.88884,3.28237,-1.94188,6.44296,2.69846,6.38153,-9.92779,9.78699,-4.10442,5.3874,-5.6731,-6.35092,-7.79448,-5.07625,-3.71611,9.97854,9.65948,3.95904,8.17705
8.49817,6.93764,2.62562,-0.712271,9.68278,-2.44807,-6.84901,2.23538,9.54289,4.41882,0.293936,-2.41279,-9.94256,6.84331,-8.43628,-7.69984,9.71172,6.78026,7.66399,-4.20456,8.42194,-6.85841,-5.4775,-7.00596,-2.47644,7.83658,7.89365,-1.51701,2.56468,-6.42576,-1.31465,-6.7051,-8.3578,2.38981,9.75042,9.07061,-0.470124,8.32561,8.25671,4.26126,8.91082,-8.32029,6.43764,1.254,-4.24917,-4.95679,-8.06502,-8.0443,1.87268,4.86396,6.81994,-6.12616,-6.77669,8.47443,-1.61578,9.85127,-8.26061,3.46814,-7.40146,5.36108,-8.3222,9.99358,-3.49832,-6.7299,-3.549,-9.05299,-8.53136,-6.84808,4.12459,-6.56812,-0.0392742
-5.99509,-7.23306,7.70963,8.50522,-9.092,2.52636,-8.47733,9.54289,1.39996,-8.63385,7.97723,1.27008,5.04332,5.37967,-7.98495,2.14878,9.9291,9.26385,9.15965,3.90655,2.69893,-5.56227,9.75005,-1.51854,-8.54655,4.27593,8.29575,7.80962,-8.3627,-7.51256,6.5189,0.222169,-4.58876,5.49069,-2.85452,-5.32822,4.98279,-8.21608,5.10091,-4.42647,-2.23106,8.62732,-1.01554,-0.907644,-1.19913,-8.61607,3.79453,-9.46854,2.62645,6.92418,-5.79485,-7.33993,-2.18422,8.48664,8.26952,0.434723,-7.87567,0.606534,5.79638,6.19555,4.5283,5.44891,7.68078,7.02031,-6.1923,7.82457,-0.648457,-9.4272,2.25737,1.84372,5.13832
6.08843,8.69748,3.69244,-0.291064,-0.215428,-4.42136,7.36972,4.41882,-8.63385,1.10769,-0.569326,4.22163,-3.26769,-5.71977,-8.34442,-2.97696,-9.03261,9.04647,-5.24803,5.63982,-3.65378,-6.29751,0.972918,-2.26568,-0.467354,7.25397,6.56328,7.11869,-3.68566,6.14456,4.34653,9.34796,1.88528,1.85545,-4.01669,-9.98616,-2.04524,1.62833,-3.2122,-9.08599,7.5285,-9.12491,-0.910435,-8.83019,9.53085,-7.29382,-1.22615,-8.39413,-6.3206,1.25034,7.36314,2.44889,9.30391,7.75067,-7.7593,-3.17365,4.42761,-3.29068,-6.22052,-6.34921,5.14739,8.80962,-3.70972,2.055,3.52919,-1.20561,5.09449,1.63258,7.14024,7.75349,-9.66086
3.85105,-2.2389,-8.79118,-8.33757,-4.36383,-7.45575,-6.22994,0.293936,7.97723,-0.569326,-5.37298,6.93128,-4.25656,8.30613,-3.75471,0.274003,7.79491,-9.76743,-2.76988,-6.5362,-3.17817,-1.86425,9.57955,-1.72988,0.981645,0.0190751,-1.01798,6.50729,5.44814,-7.56005,2.64257,-4.52252,2.90811,9.62378,-7.42842,-4.73187,-4.59807,-6.07907,-4.7085,-1.89445,-7.42718,-3.78571,-8.51972,5.32188,-1.75749,7.58428,-6.71404,9.56579,3.74498,-4.36697,-5.44287,-3.17857,2.03962,-2.49405,4.23426,5.51186,2.01049,-3.16533,-2.77572,-3.41237,6.11448,-5.76348,-0.647047,4.76993,2.93249,5.11074,1.7591,-8.31076,-3.09682,8.46997,2.9741
-0.311927,4.50942,-4.03269,3.69722,9.32954,-0.0180795,4.23747,-2.41279,1.27008,4.22163,6.93128,1.28857,1.43895,1.45967,-9.84016,-4.64802,1.41375,2.46404,-7.34055,-6.0656,0.618688,7.82677,-3.26439,-5.01506,4.7052,9.73786,4.4465,2.43335,1.98898,-2.56907,5.0138,4.14304,-7.43631,8.62783,-0.503276,-3.33458,-9.15123,-0.874672,0.612726,6.65787,7.45482,7.81607,-4.50702,-9.14326,3.28242,0.786389,2.46748,-6.38152,0.229042,-3.85217,-5.16404,4.9289,2.9391,-0.632017,9.65637,-3.83476,-0.434932,5.21974,-2.3956,0.0611338,7.54862,-8.53354,-7.77949,2.75335,8.19307,2.62414,-7.51305,3.26774,2.99057,-8.02862,-7.88268
-2.83669,3.16209,9.46489,7.8249,-6.86601,5.72211,-2.27347,-9.94256,5.04332,-3.26769,-4.25656,1.43895,7.56072,-6.12591,1.40863,9.51337,-2.12731,-2.98846,-7.31173,-2.19614,5.02899,6.44569,-5.37813,3.08805,-5.36589,-5.37486,-9.59659,6.19409,7.18745,-4.06495,-1.54152,-8.45732,7.46274,0.458088,6.24846,1.07444,4.57652,-4.02129,0.694353,-3.02273,-9.57039,-1.55972,7.15363,1.34144,-1.64945,9.84874,-7.8991,-4.61089,7.49201,5.19398,2.70207,-9.97992,6.51395,2.2868,2.1555,-7.62971,-8.56826,6.03548,1.47736,-1.66969,-2.78964,4.8648,1.78017,-3.36742,2.59408,-2.46405,7.90436,7.74792,5.18709,9.7157,-7.27591
-4.54452,4.52512,-6.30477,5.374,7.3165,3.71951,-1.61415,6.84331,5.37967,-5.71977,8.30613,1.45967,-6.12591,0.608194,-8.3945,-1.02702,-5.61923,-3.32824,-0.00230629,8.03826,1.77816,1.45186,0.0398592,-2.2555,1.08674,-6.0728,0.553247,-4.65725,8.77698,9.95939,-0.679938,0.295732,-6.82411,-4.76582,6.84131,-9.10428,-6.61451,8.43291,5.9466,4.96955,0.33368,8.4042,3.98333,-9.35635,-2.565,-2.43207,-8.26428,-7.17774,4.25078,1.68261,9.98461,6.15495,-3.57945,2.95249,7.49515,-7.5501,7.77467,9.46206,-4.22021,-2.98982,5.66916,-1.96744,0.602512,-7.46449,1.89444,9.39961,8.91387,2.22647,-6.68988,-8.01168,8.9703
-8.14856,-6.26609,-1.39925,1.76579,-7.84943,-6.15166,-1.05367,-8.43628,-7.98495,-8.34442,-3.75471,-9.84016,1.40863,-8.3945,-4.81865,5.59416,-0.200192,2.3048,4.2147,8.21127,5.27948,-2.65352,4.53871,-5.14052,7.45405,5.62803,-2.10994,6.19295,6.81242,-9.72886,4.79069,-5.33159,3.87108,-2.04417,-8.76486,-8.79526,-2.83908,-5.82542,6.34026,3.51955,7.01995,-9.67202,4.20317,2.53397,5.35618,9.41811,4.85644,-3.05769,8.99737,-5.37314,-6.82094,-4.20469,-3.52595,4.71465,-3.66861,-6.53216,-8.53669,-3.63613,-7.54147,7.62326,9.50714,-9.15512,0.943439,4.11229,6.72758,8.0367,8.61123,0.834068,-5.37436,4.06134,-5.67987
-4.26125,5.08816,-8.0562,-1.08421,4.0812,-7.25265,1.74813,-7.69984,2.14878,-2.97696,0.274003,-4.64802,9.51337,-1.02702,5.59416,9.37256,2.76504,-5.62048,-7.84605,5.34389,-3.76687,-3.98732,3.31631,7.89218,-2.86345,-2.1891,-3.49964,-7.04832,6.45375,6.78931,-9.90539,2.60831,-2.81606,1.41311,-9.67476,1.44414,-8.22944,1.20533,-0.373714,-6.75777,4.28055,-4.25332,1.08791,1.0102,-3.65047,-7.84751,5.8269,-2.08158,5.33896,-7.78807,-6.008,2.47363,9.84142,-9.24978,-0.687312,2.35508,1.59373,-1.36723,-8.87854,-0.488791,4.91407,-2.59065,0.114267,7.81631,5.61989,1.38455,9.20154,-1.85361,-6.81594,3.72214,-3.18619
6.6552,-7.54068,8.59717,-8.63859,5.24947,-4.69713,0.342847,9.71172,9.9291,-9.03261,7.79491,1.41375,-2.12731,-5.61923,-0.200192,2.76504,-0.946346,9.27317,7.26211,3.61706,7.66159,3.08241,-4.83328,1.02607,6.96541,4.68359,5.09265,1.57146,-2.02474,-2.4725,-8.02653,1.32314,-4.16263,-8.12539,9.49583,-3.64562,7.8488,0.609067,-4.06511,-2.16411,6.76944,7.4695,8.0302,2.39787,-7.41161,9.92078,-7.34965,5.69151,8.32273,-5.87617,-2.53335,-5.64182,6.10225,-8.14674,2.42331,-3.19035,3.25279,4.85125,-9.25286,9.55831,9.49497,2.42557,0.881559,6.06812,-1.54552,8.39123,-0.0352314,-5.76179,4.38731,-8.33844,-0.64673
-5.37524,-9.20214,-8.56708,-6.91453,1.62888,-3.45584,9.85997,6.78026,9.26385,9.04647,-9.76743,2.46404,-2.98846,-3.32824,2.3048,-5.62048,9.27317,-0.147341,8.91997,8.1318,9.11019,-7.24337,7.11178,-8.18756,9.07085,3.55343,5.3168,-8.12703,-4.97391,-9.53129,-1.81542,8.0044,5.86763,-5.59997,-2.84548,-3.83844,0.00758299,-5.70988,2.83003,-5.10905,2.95004,2.34699,-5.49575,-6.51962,-3.2663,-4.2524,-3.38868,1.35244,-4.98538,-3.17188,-8.81826,9.4255,5.50496,-6.8009,-0.627389,-7.18146,-6.69146,0.158505,-6.29692,9.60957,8.06341,-6.17445,-9.83585,-3.71183,-8.80514,1.55234,-2.29264,0.903736,9.08332,-4.4668,-6.73306
-9.27546,5.12476,6.88749,6.99871,6.44709,-0.898813,1.67301,7.66399,9.15965,-5.24803,-2.76988,-7.34055,-7.31173,-0.00230629,4.2147,-7.84605,7.26211,8.91997,7.168,5.78506,-7.02218,-6.00043,-6.47586,7.71917,4.50172,8.85316,-1.78562,-7.50758,-4.91743,-9.21777,-1.6101,2.81679,5.95252,1.77418,6.98211,0.419604,-9.69441,-9.17027,-8.85809,0.0549941,5.55876,-0.059754,-3.07619,8.45696,-8.45918,9.58221,-6.08691,-5.64284,-8.49444,-9.72314,-7.48386,-4.15062,4.38686,0.106966,3.08023,-5.66094,-3.56398,-1.73909,4.05063,-6.40782,2.83014,5.99915,8.79312,3.61247,7.80736,-8.32997,1.89942,7.28877,-0.858869,5.19358,5.10536
-8.07023,6.87407,-1.72538,-5.9826,-6.66481,-8.83211,3.84485,-4.20456,3.90655,5.63982,-6.5362,-6.0656,-2.19614,8.03826,8.21127,5.34389,3.61706,8.1318,5.78506,1.81637,8.83866,1.6046,-5.71063,-9.20522,-6.52176,-5.13077,-3.63532,5.63342,2.95597,1.17943,-7.32733,-6.54914,1.70713,4.13632,6.36002,-2.35314,9.98302,-8.70576,8.15368,-6.77749,1.33662,4.47659,1.64043,4.01104,1.94454,0.548826,4.05659,6.79433,-7.18347,1.75411,5.18867,-1.0436,-2.28813,5.8647,-5.37923,0.785381,-1.09144,-5.13975,2.54379,-2.34066,-4.0463,-9.75475,-5.23353,-7.51797,8.60395,-2.5428,0.954485,8.97446,9.96002,7.28824,-5.99219
-6.84474,2.00186,6.90405,-6.68739,-6.31036,-8.29532,6.8793,8.42194,2.69893,-3.65378,-3.17817,0.618688,5.02899,1.77816,5.27948,-3.76687,7.66159,9.11019,-7.02218,8.83866,-6.00029,-2.42809,0.210848,-0.927328,-9.25793,-7.47077,1.37099,-4.73739,-2.77331,-1.96607,7.54085,2.74661,1.70822,2.21398,-2.78999,6.55465,-6.99291,2.06784,-8.1092,1.26007,-8.78815,-3.15899,1.03398,9.41827,5.68451,8.21317,-9.43701,4.52007,1.00465,-4.6594,2.35819,2.72585,-6.66428,6.49597,-5.90786,-5.05619,-8.78329,7.97161,8.11986,4.38538,2.91788,-9.52854,6.29329,4.6225,9.9793,2.2903,-6.90841,7.66644,4.83412,-8.40614,-6.47105
-3.94053,0.772489,2.97354,-3.51571,-5.93296,-5.05845,-6.20542,-6.85841,-5.56227,-6.29751,-1.86425,7.82677,6.44569,1.45186,-2.65352,-3.98732,3.08241,-7.24337,-6.00043,1.6046,-2.42809,7.27484,-8.1281,2.70208,0.0433915,-7.5503,8.29438,-2.83925,-5.13837,4.86532,5.9572,6.92555,-2.22098,-8.46728,-9.53032,2.87669,3.94967,6.28913,1.93359,-2.13203,3.27256,-0.78726,-7.19366,-5.17298,-2.17589,-9.15535,4.29708,5.83507,-3.73892,1.34753,7.05691,7.3196,-6.5064,-3.84833,5.88445,8.06254,-5.982,7.42159,-7.74043,1.77264,2.29439,-8.70035,5.85915,-5.5493,7.93403,-3.07917,-9.92307,1.00992,1.8763,-9.42261,-2.20601
7.37282,0.373194,4.29152,7.19696,-0.658236,-9.39513,4.93674,-5.4775,9.75005,0.972918,9.57955,-3.26439,-5.37813,0.0398592,4.53871,3.31631,-4.83328,7.11178,-6.47586,-5.71063,0.210848,-8.1281,-2.44737,-1.78133,-2.564,3.38701,-3.28169,-2.06331,-6.30198,-8.62231,6.18697,6.05286,-6.18704,-0.401136,-6.0076,0.232761,9.69764,-3.8635,1.72775,-8.14617,0.0114329,-1.0564,-7.94317,-6.71852,7.88832,-1.83544,0.705914,-7.79231,-0.554121,8.24079,2.90424,-9.89636,-9.34606,3.19343,-5.63043,3.94688,6.54637,-3.52393,-1.89813,-0.14045,-5.34478,-9.04008,-8.96023,0.695986,5.40878,-0.160976,-7.55414,-0.641598,-1.25464,-5.90245,2.31058
-6.92487,-2.95864,-0.249749,-3.38587,1.27719,-2.61677,-6.1666,-7.00596,-1.51854,-2.26568,-1.72988,-5.01506,3.08805,-2.2555,-5.14052,7.89218,1.02607,-8.18756,7.71917,-9.20522,-0.927328,2.70208,-1.78133,-9.6986,-4.33744,4.79535,3.19281,1.19601,0.379836,0.234285,-4.89381,-4.49306,-9.90412,-9.74878,0.727067,3.45267,6.26958,-2.67911,4.9122,6.51348,-9.62579,2.6033,-3.73908,1.0995,-2.20241,-5.73693,6.94059,7.14332,-5.16961,-5.77503,2.02869,-1.80803,5.76723,5.44944,8.04776,9.43868,1.75493,1.64899,-7.62351,1.37195,-1.59152,6.4224,-6.61487,7.95514,-4.19763,0.670087,8.31528,-7.1558,-7.72631,-6.83227,8.80064
-7.37095,-6.57801,-0.407215,9.82264,-3.18926,-1.93645,5.12471,-2.47644,-8.54655,-0.467354,0.981645,4.7052,-5.36589,1.08674,7.45405,-2.86345,6.96541,9.07085,4.50172,-6.52176,-9.25793,0.0433915,-2.564,-4.33744,-8.00356,3.63552,8.73152,5.84596,6.60267,-5.5905,2.6411,-4.20784,6.0806,5.5997,6.43568,6.36015,6.16312,8.19947,-4.04097,-5.98173,5.59951,7.14619,-1.9408,6.6894,-7.05415,1.92439,-1.97713,-6.64478,-4.20214,-7.30618,9.62501,-6.27488,-7.5367,-7.20827,7.44412,1.74627,8.2394,-2.7806,7.22171,-6.0867,-5.88673,-9.81929,6.36055,9.49504,-1.38119,-0.191375,-9.33354,4.64814,5.89555,-6.38927,8.05514
8.55291,5.91782,-9.07151,5.29708,9.14787,8.78118,-7.24395,7.83658,4.27593,7.25397,0.0190751,9.73786,-5.37486,-6.0728,5.62803,-2.1891,4.68359,3.55343,8.85316,-5.13077,-7.47077,-7.5503,3.38701,4.79535,3.63552,7.65657,-7.18325,5.87958,7.97981,-0.453547,4.05303,2.43606,-8.02389,-9.79155,9.08866,-5.26936,1.22425,-3.11667,-2.12665,4.21948,-1.2283,1.90886,-3.59262,7.72504,-9.65033,0.662826,1.15997,6.7693,-6.2996,3.67056,6.51564,-5.32427,6.87988,-6.81992,-9.35753,6.58632,-6.54695,8.59504,7.92824,-6.77283,9.9331,3.3229,-6.05839,1.43381,2.24717,-5.02941,-8.29872,-2.08132,1.35923,0.250248,-9.25842
-3.10726,3.28279,-9.44949,-6.61293,0.529095,-7.78269,-2.60334,7.89365,8.29575,6.56328,-1.01798,4.4465,-9.59659,0.553247,-2.10994,-3.49964,5.09265,5.3168,-1.78562,-3.63532,1.37099,8.29438,-3.28169,3.19281,8.73152,-7.18325,-9.78617,-0.0849863,-6.74786,8.95947,0.418652,-5.92215,9.67903,-2.2483,1.98798,-8.29863,-3.12175,0.474382,-9.01706,9.51387,-3.52718,-9.98413,-2.72526,-1.79644,-4.95702,-6.17115,7.24524,-8.63002,0.0473876,-2.04275,-0.895806,6.47067,-6.96911,-7.13538,8.39135,-1.84917,-1.85518,-8.89668,-8.00746,-0.519837,-5.226,-9.06526,3.82574,1.51908,6.6912,0.510128,-9.92526,-3.90111,-5.45784,-0.0699665,-2.4133
8.58142,-3.66025,-9.09271,9.22068,1.06656,8.97787,6.71063,-1.51701,7.80962,7.11869,6.50729,2.43335,6.19409,-4.65725,6.19295,-7.04832,1.57146,-8.12703,-7.50758,5.63342,-4.73739,-2.83925,-2.06331,1.19601,5.84596,5.87958,-0.0849863,9.75428,-0.368708,-9.81217,-3.51279,4.66124,0.53125,4.75166,4.15885,4.67777,-3.71808,-0.157037,-7.15727,-2.89955,-7.13872,-0.751023,3.06128,1.35138,5.16794,-2.29041,-7.18189,-7.31291,-5.3476,-6.226,2.57635,-5.5622,-8.03526,5.14136,-4.2933,-2.20757,7.29901,-6.17711,-9.93547,-5.39622,1.23715,7.13165,4.80054,4.05839,5.47874,-7.44884,-9.78741,1.54214,-4.46208,-3.53605,-3.77613
-0.330204,-8.69616,-5.44571,-3.1192,-3.863,-8.01072,8.71095,2.56468,-8.3627,-3.68566,5.44814,1.98898,7.18745,8.77698,6.81242,6.45375,-2.02474,-4.97391,-4.91743,2.95597,-2.77331,-5.13837,-6.30198,0.379836,6.60267,7.97981,-6.74786,-0.368708,2.37138,-5.04465,-0.00923042,5.39045,8.76691,0.20862,-8.03479,8.00493,-4.5211,9.49168,6.99628,2.43972,2.26163,1.84398,3.03973,0.0620641,1.84695,1.21135,0.726025,5.57362,0.660899,0.0400311,0.246436,-0.122435,-8.11293,9.89496,-2.82103,-7.28953,-9.0747,3.53985,5.73937,-4.81468,0.186663,5.42624,-1.64544,6.53319,-2.80567,-0.585692,1.40664,7.57005,-0.27892,-4.9657,-4.50295
-2.27337,-2.38125,-2.905,-4.72499,3.75931,6.80626,3.55095,-6.42576,-7.51256,6.14456,-7.56005,-2.56907,-4.06495,9.95939,-9.72886,6.78931,-2.4725,-9.53129,-9.21777,1.17943,-1.96607,4.86532,-8.62231,0.234285,-5.5905,-0.453547,8.95947,-9.81217,-5.04465,0.814215,-1.99115,6.53853,-2.90855,-9.82102,3.54119,-6.30545,-8.97904,-8.35832,7.34949,7.08914,-0.423008,3.31396,6.95037,-1.41845,8.17399,2.31158,-7.13579,-3.44834,-4.56217,3.48249,1.36968,-6.2058,-4.18713,9.11119,8.10932,-9.93642,1.64521,-4.39267,-7.42048,-5.9447,-9.69112,-0.220433,-7.63639,-0.746429,-5.25686,2.19814,3.97869,1.32786,8.92377,-6.96573,-3.5441
2.95532,0.853388,-3.74736,9.24134,-1.25368,-2.20307,3.45133,-1.31465,6.5189,4.34653,2.64257,5.0138,-1.54152,-0.679938,4.79069,-9.90539,-8.02653,-1.81542,-1.6101,-7.32733,7.54085,5.9572,6.18697,-4.89381,2.6411,4.05303,0.418652,-3.51279,-0.00923042,-1.99115,2.70343,9.95997,3.58001,7.28741,-4.3475,7.50429,4.42079,9.85374,-0.179777,6.6892,-8.07671,-3.18292,3.29342,2.57913,-7.94545,-5.07468,-9.66302,-3.23247,-3.56697,-4.4044,-8.51853,5.58336,5.50515,-6.56741,8.21456,2.21071,7.82093,7.61955,-6.16076,-9.99733,9.79248,7.90082,-2.88526,1.03738,7.63469,9.18614,-3.46072,-8.64326,6.43364,-4.26573,-0.472067
5.44471,-8.96807,6.90699,8.76134,0.136248,9.59897,0.606377,-6.7051,0.222169,9.34796,-4.52252,4.14304,-8.45732,0.295732,-5.33159,2.60831,1.32314,8.0044,2.81679,-6.54914,2.74661,6.92555,6.05286,-4.49306,-4.20784,2.43606,-5.92215,4.66124,5.39045,6.53853,9.95997,-7.88278,7.87402,-2.07956,-8.29535,-6.12466,7.45125,-8.1514,-3.96436,3.42852,-8.25287,4.07871,-3.10286,6.63623,-8.56659,8.41629,-5.11315,5.4012,6.30347,-5.19772,7.48045,-9.74633,-0.384416,-5.41975,-6.19498,-9.58429,-5.26827,-6.12474,9.24725,6.07126,-0.813195,-3.43475,1.70369,-5.20664,9.78204,6.41463,-3.96841,2.98885,6.37982,8.26101,5.80302
-1.91898,7.49985,6.03538,1.76542,-8.9831,-2.06434,-8.98332,-8.3578,-4.58876,1.88528,2.90811,-7.43631,7.46274,-6.82411,3.87108,-2.81606,-4.16263,5.86763,5.95252,1.70713,1.70822,-2.22098,-6.18704,-9.90412,6.0806,-8.02389,9.67903,0.53125,8.76691,-2.90855,3.58001,7.87402,7.79336,-7.55591,-8.63573,7.29337,8.29596,-3.09608,1.10486,2.3924,5.71203,-7.078,8.07,-2.10428,-8.5135,1.61728,-0.835861,-3.29064,7.77371,-7.58691,3.53498,7.78483,-2.04701,-4.98102,-9.23505,-4.54622,6.13629,-7.26612,-5.97881,-9.76431,-2.14088,-9.74958,3.47653,5.91301,2.20659,-7.15533,8.44987,-7.561,1.19084,1.69664,-1.80553
4.70361,-9.51694,-7.16738,-5.95152,-3.61679,-6.58847,-7.65558,2.38981,5.49069,1.85545,9.62378,8.62783,0.458088,-4.76582,-2.04417,1.41311,-8.12539,-5.59997,1.77418,4.13632,2.21398,-8.46728,-0.401136,-9.74878,5.5997,-9.79155,-2.2483,4.75166,0.20862,-9.82102,7.28741,-2.07956,-7.55591,2.62295,9.68204,1.46664,4.4042,2.92324,-3.70672,-6.15811,3.7591,7.09446,-6.56757,-4.8015,0.391336,6.59934,-6.3335,-9.65034,8.54574,-0.490695,4.38873,-2.74592,0.399186,-6.88954,8.93052,-3.62905,-7.28095,-6.8846,-9.53033,0.798255,-5.96537,-3.78848,-5.11227,0.488519,-4.60444,0.389714,-5.11126,9.48251,-1.0047,3.52436,6.33498
4.02701,4.678,-3.75042,3.59677,5.68856,8.47899,-8.61537,9.75042,-2.85452,-4.01669,-7.42842,-0.503276,6.24846,6.84131,-8.76486,-9.67476,9.49583,-2.84548,6.98211,6.36002,-2.78999,-9.53032,-6.0076,0.727067,6.43568,9.08866,1.98798,4.15885,-8.03479,3.54119,-4.3475,-8.29535,-8.63573,9.68204,6.53934,-4.52049,-2.70337,-2.24339,4.87107,5.29901,4.66653,1.07707,1.15575,-3.39698,-7.63955,5.93349,0.699142,-6.79599,3.57292,-2.75167,5.68529,-3.9352,-1.5959,-5.98075,4.65446,4.55433,2.2459,-8.53995,7.9392,-8.86128,-4.39506,6.56581,5.23629,4.06135,-2.89952,-8.12342,0.357998,-2.42305,-8.47827,1.94663,-1.18674
0.40349,5.28363,-4.29565,-5.70976,5.63381,-5.68351,-6.85941,9.07061,-5.32822,-9.98616,-4.73187,-3.33458,1.07444,-9.10428,-8.79526,1.44414,-3.64562,-3.83844,0.419604,-2.35314,6.55465,2.87669,0.232761,3.45267,6.36015,-5.26936,-8.29863,4.67777,8.00493,-6.30545,7.50429,-6.12466,7.29337,1.46664,-4.52049,-3.46684,-7.25818,-7.4017,1.59056,-4.69552,-7.39737,-1.17236,-3.36015,8.33419,-2.91319,9.45326,0.785181,-3.92289,8.72751,-1.98337,-8.15265,9.80039,5.80004,-9.58585,7.54867,-3.41563,-8.54316,-4.33042,0.563377,7.34782,-3.38926,-8.16785,8.76163,-7.95208,-7.9724,7.74911,4.42153,-5.75085,-2.5975,7.3052,5.89702
-6.3193,-2.86087,-6.09549,3.49547,9.25091,-4.04516,-3.3917,-0.470124,4.98279,-2.04524,-4.59807,-9.15123,4.57652,-6.61451,-2.83908,-8.22944,7.8488,0.00758299,-9.69441,9.98302,-6.99291,3.94967,9.69764,6.26958,6.16312,1.22425,-3.12175,-3.71808,-4.5211,-8.97904,4.42079,7.45125,8.29596,4.4042,-2.70337,-7.25818,3.195,3.71172,-3.58093,-2.75738,9.36906,-2.59581,-6.13776,2.59966,-5.43559,1.53961,3.85731,-0.695253,0.607151,5.04025,4.53378,-4.1981,4.88654,5.58511,-2.78236,-0.8887,-2.61059,-4.28119,-6.59776,-2.1638,6.00311,-4.69408,-5.29727,-0.970119,1.88758,-5.52937,8.12136,9.18444,6.08764,5.01259,-9.13406
0.679343,9.64548,3.77405,5.64631,9.44592,-9.24377,-9.50888,8.32561,-8.21608,1.62833,-6.07907,-0.874672,-4.02129,8.43291,-5.82542,1.20533,0.609067,-5.70988,-9.17027,-8.70576,2.06784,6.28913,-3.8635,-2.67911,8.19947,-3.11667,0.474382,-0.157037,9.49168,-8.35832,9.85374,-8.1514,-3.09608,2.92324,-2.24339,-7.4017,3.71172,0.329399,-6.60455,0.781011,3.40927,1.16218,7.56247,1.62716,4.54714,8.75205,0.473953,4.88408,5.06399,-9.04544,-5.35669,5.56724,8.14048,8.50593,-6.03662,5.43289,-5.79221,-1.70882,5.71427,8.66575,4.89022,-0.0685728,9.47264,2.90462,7.40815,6.49923,3.22967,9.53244,-1.6738,-1.8846,-1.32307
-2.84985,5.22956,-7.38437,-8.61243,0.729236,6.32154,0.0309714,8.25671,5.10091,-3.2122,-4.7085,0.612726,0.694353,5.9466,6.34026,-0.373714,-4.06511,2.83003,-8.85809,8.15368,-8.1092,1.93359,1.72775,4.9122,-4.04097,-2.12665,-9.01706,-7.15727,6.99628,7.34949,-0.179777,-3.96436,1.10486,-3.70672,4.87107,1.59056,-3.58093,-6.60455,-9.47926,-0.454027,-6.60327,3.17299,-4.52366,7.61384,-8.91176,0.487768,-2.64661,3.50873,9.7532,8.33364,-9.89868,6.55602,6.83113,-8.72698,9.85089,-4.48162,7.12687,8.99333,7.57435,-1.09767,9.75523,-2.50659,9.92817,3.85575,2.62647,-7.44766,4.09188,-9.31024,-4.50179,-5.3446,-7.7896
-8.96245,8.29735,-0.213991,-9.28898,-6.44085,-5.59307,-0.14752,4.26126,-4.42647,-9.08599,-1.89445,6.65787,-3.02273,4.96955,3.51955,-6.75777,-2.16411,-5.10905,0.0549941,-6.77749,1.26007,-2.13203,-8.14617,6.51348,-5.98173,4.21948,9.51387,-2.89955,2.43972,7.08914,6.6892,3.42852,2.3924,-6.15811,5.29901,-4.69552,-2.75738,0.781011,-0.454027,9.51765,-1.96956,-0.206019,-0.719132,-0.106194,2.81612,1.49751,8.26513,7.71895,3.87408,8.42662,5.52181,-7.64952,-0.427727,7.47854,7.00046,-2.638,-4.58781,2.15241,0.996506,-6.65419,-7.62043,-6.21838,7.86756,2.28844,-4.48648,1.08571,-8.46145,8.61976,-8.45383,-9.3371,0.938713
7.52749,6.94076,-3.20601,5.91744,7.30142,-4.05876,4.30805,8.91082,-2.23106,7.5285,-7.42718,7.45482,-9.57039,0.33368,7.01995,4.28055,6.76944,2.95004,5.55876,1.33662,-8.78815,3.27256,0.0114329,-9.62579,5.59951,-1.2283,-3.52718,-7.13872,2.26163,-0.423008,-8.07671,-8.25287,5.71203,3.7591,4.66653,-7.39737,9.36906,3.40927,-6.60327,-1.96956,1.50822,9.34282,5.81415,8.29669,4.21437,2.19311,-4.76584,0.634273,-7.16663,-1.90476,3.38058,-0.795846,-7.91051,-8.33848,8.83991,-3.45399,-3.43341,7.74977,2.72019,0.83214,5.28731,-5.23584,-0.233909,9.88307,-7.89234,0.542248,1.93406,-3.51276,2.82957,0.672437,6.93833
-2.61266,-9.5665,-9.17101,-2.70541,1.50181,-6.68529,1.56456,-8.32029,8.62732,-9.12491,-3.78571,7.81607,-1.55972,8.4042,-9.67202,-4.25332,7.4695,2.34699,-0.059754,4.47659,-3.15899,-0.78726,-1.0564,2.6033,7.14619,1.90886,-9.98413,-0.751023,1.84398,3.31396,-3.18292,4.07871,-7.078,7.09446,1.07707,-1.17236,-2.59581,1.16218,3.17299,-0.206019,9.34282,0.455019,-3.23274,-7.12292,3.76898,-9.15879,-2.0108,2.78345,0.0159272,-3.92815,-1.88313,0.589089,8.51934,5.10097,-0.772239,8.46632,1.63037,-1.15627,1.757,-6.63667,-2.16003,4.90167,3.30035,3.42583,8.37921,-4.10042,-5.01937,-5.85153,5.89081,4.64748,0.437722
9.28306,5.60653,-7.85602,-4.30821,7.86768,0.420027,-6.72088,6.43764,-1.01554,-0.910435,-8.51972,-4.50702,7.15363,3.98333,4.20317,1.08791,8.0302,-5.49575,-3.07619,1.64043,1.03398,-7.19366,-7.94317,-3.73908,-1.9408,-3.59262,-2.72526,3.06128,3.03973,6.95037,3.29342,-3.10286,8.07,-6.56757,1.15575,-3.36015,-6.13776,7.56247,-4.52366,-0.719132,5.81415,-3.23274,3.21359,-0.631198,2.11175,2.57974,7.98426,0.497125,-9.99474,4.21683,7.60778,9.18649,-0.983216,-3.43147,8.34962,0.308107,2.54464,4.81712,8.06883,6.75716,5.53149,-9.70321,-1.22206,-3.51867,5.05782,-9.83366,-3.76839,3.95386,-9.76497,7.6491,-8.1465
8.61071,5.20228,-7.74614,-5.28317,-1.84133,7.28646,-1.46704,1.254,-0.907644,-8.83019,5.32188,-9.14326,1.34144,-9.35635,2.53397,1.0102,2.39787,-6.51962,8.45696,4.01104,9.41827,-5.17298,-6.71852,1.0995,6.6894,7.72504,-1.79644,1.35138,0.0620641,-1.41845,2.57913,6.63623,-2.10428,-4.8015,-3.39698,8.33419,2.59966,1.62716,7.61384,-0.106194,8.29669,-7.12292,-0.631198,9.87297,-0.000697278,7.0599,9.91463,6.38638,-7.17619,8.61836,9.05201,5.53517,9.01627,-7.80737,-2.92199,-1.39383,-5.20869,-1.8868,-8.3163,-1.35084,5.86458,4.89935,6.82142,2.00879,4.44941,-6.86742,-7.05463,9.73996,-3.60613,9.68479,-7.09106
-7.38422,3.98213,3.72371,-4.4972,5.87858,-9.98819,1.90655,-4.24917,-1.19913,9.53085,-1.75749,3.28242,-1.64945,-2.565,5.35618,-3.65047,-7.41161,-3.2663,-8.45918,1.94454,5.68451,-2.17589,7.88832,-2.20241,-7.05415,-9.65033,-4.95702,5.16794,1.84695,8.17399,-7.94545,-8.56659,-8.5135,0.391336,-7.63955,-2.91319,-5.43559,4.54714,-8.91176,2.81612,4.21437,3.76898,2.11175,-0.000697278,3.35292,4.26231,9.00702,-2.3576,5.2266,9.89591,3.43266,-5.59459,2.46566,6.88861,3.41734,8.98979,7.04203,-1.1938,-3.01451,5.69484,3.43201,-1.4451,4.80645,-0.0719717,8.82424,-8.45678,5.62556,0.70646,-0.581216,5.32162,7.5314
-0.829299,-2.45872,-4.27057,7.65763,8.65274,-8.19731,1.60015,-4.95679,-8.61607,-7.29382,7.58428,0.786389,9.84874,-2.43207,9.41811,-7.84751,9.92078,-4.2524,9.58221,0.548826,8.21317,-9.15535,-1.83544,-5.73693,1.92439,0.662826,-6.17115,-2.29041,1.21135,2.31158,-5.07468,8.41629,1.61728,6.59934,5.93349,9.45326,1.53961,8.75205,0.487768,1.49751,2.19311,-9.15879,2.57974,7.0599,4.26231,-8.7566,4.78276,-4.40943,2.58232,-4.37998,4.31781,-9.85587,0.202602,-5.08325,-3.92046,-2.9401,3.3024,6.04634,4.05255,1.87283,-1.60247,-0.22194,-0.107742,1.80915,-6.36623,-9.3022,-7.21691,4.44038,5.27838,-9.3323,-5.13742
1.82773,-9.2352,8.9515,9.75667,4.59697,7.26244,6.5799,-8.06502,3.79453,-1.22615,-6.71404,2.46748,-7.8991,-8.26428,4.85644,5.8269,-7.34965,-3.38868,-6.08691,4.05659,-9.43701,4.29708,0.705914,6.94059,-1.97713,1.15997,7.24524,-7.18189,0.726025,-7.13579,-9.66302,-5.11315,-0.835861,-6.3335,0.699142,0.785181,3.85731,0.473953,-2.64661,8.26513,-4.76584,-2.0108,7.98426,9.91463,9.00702,4.78276,8.20753,-9.5199,-8.19744,-5.58267,-3.68284,0.485334,5.02491,-0.411226,-9.1333,-5.83386,-4.01896,7.69751,-8.53686,1.39694,8.52668,-0.16972,8.57152,6.41377,7.91401,-2.02745,3.23855,-5.19823,-8.80305,7.82012,-3.78304
-2.7632,8.51159,-9.27857,-3.23999,2.20729,3.40708,-2.52491,-8.0443,-9.46854,-8.39413,9.56579,-6.38152,-4.61089,-7.17774,-3.05769,-2.08158,5.69151,1.35244,-5.64284,6.79433,4.52007,5.83507,-7.79231,7.14332,-6.64478,6.7693,-8.63002,-7.31291,5.57362,-3.44834,-3.23247,5.4012,-3.29064,-9.65034,-6.79599,-3.92289,-0.695253,4.88408,3.50873,7.71895,0.634273,2.78345,0.497125,6.38638,-2.3576,-4.40943,-9.5199,-0.594077,-0.767803,-7.46308,-6.8318,-2.4632,3.64802,9.0962,2.69839,6.64774,8.93783,1.7236,2.40257,-7.18123,7.68653,-2.47243,-4.55991,-8.99389,1.69007,-6.09627,3.06978,5.68131,-8.13649,-4.76644,-6.06483
6.40774,4.89245,2.18958,-6.04638,7.10637,-9.70313,8.96099,1.87268,2.62645,-6.3206,3.74498,0.229042,7.49201,4.25078,8.99737,5.33896,8.32273,-4.98538,-8.49444,-7.18347,1.00465,-3.73892,-0.554121,-5.16961,-4.20214,-6.2996,0.0473876,-5.3476,0.660899,-4.56217,-3.56697,6.30347,7.77371,8.54574,3.57292,8.72751,0.607151,5.06399,9.7532,3.87408,-7.16663,0.0159272,-9.99474,-7.17619,5.2266,2.58232,-8.19744,-0.767803,-7.43287,-8.36665,-8.77304,-4.76552,9.30776,-5.09908,3.40954,-1.23502,-5.78759,6.66754,-3.4421,0.947126,4.7517,3.77098,7.66964,-2.13721,8.31712,-6.7761,-8.86952,1.00496,4.21654,-0.487442,9.00612
4.61241,1.88342,-5.60479,-7.15064,4.29825,-6.42444,4.70911,4.86396,6.92418,1.25034,-4.36697,-3.85217,5.19398,1.68261,-5.37314,-7.78807,-5.87617,-3.17188,-9.72314,1.75411,-4.6594,1.34753,8.24079,-5.77503,-7.30618,3.67056,-2.04275,-6.226,0.0400311,3.48249,-4.4044,-5.19772,-7.58691,-0.490695,-2.75167,-1.98337,5.04025,-9.04544,8.33364,8.42662,-1.90476,-3.92815,4.21683,8.61836,9.89591,-4.37998,-5.58267,-7.46308,-8.36665,-3.74879,8.10323,7.47945,2.86457,-0.160129,7.51583,-9.514,1.32294,-9.41854,-3.17473,-9.74594,-6.08308,-1.91321,0.687267,1.79424,4.82001,-4.58738,-2.55105,-7.87909,4.93608,0.417444,4.17558
-6.57951,-1.51033,-8.40322,5.73241,-3.13787,-1.17826,8.10773,6.81994,-5.79485,7.36314,-5.44287,-5.16404,2.70207,9.98461,-6.82094,-6.008,-2.53335,-8.81826,-7.48386,5.18867,2.35819,7.05691,2.90424,2.02869,9.62501,6.51564,-0.895806,2.57635,0.246436,1.36968,-8.51853,7.48045,3.53498,4.38873,5.68529,-8.15265,4.53378,-5.35669,-9.89868,5.52181,3.38058,-1.88313,7.60778,9.05201,3.43266,4.31781,-3.68284,-6.8318,-8.77304,8.10323,6.25291,9.64856,7.92449,-0.0495205,3.55855,0.211911,4.54931,1.67325,1.0041,9.08104,-8.63522,8.82636,-8.78718,4.14118,-7.48625,-4.92859,-5.67231,1.40802,9.39873,7.6376,3.69632
2.33727,7.75956,9.27707,-8.51236,-6.84864,-2.61587,-9.28033,-6.12616,-7.33993,2.44889,-3.17857,4.9289,-9.97992,6.15495,-4.20469,2.47363,-5.64182,9.4255,-4.15062,-1.0436,2.72585,7.3196,-9.89636,-1.80803,-6.27488,-5.32427,6.47067,-5.5622,-0.122435,-6.2058,5.58336,-9.74633,7.78483,-2.74592,-3.9352,9.80039,-4.1981,5.56724,6.55602,-7.64952,-0.795846,0.589089,9.18649,5.53517,-5.59459,-9.85587,0.485334,-2.4632,-4.76552,7.47945,9.64856,5.68774,-4.56502,5.31483,-5.89913,-9.03869,-4.31069,-6.04319,0.608503,-4.20565,8.56698,2.22374,8.70463,8.65718,-3.11273,6.40952,5.42045,-6.15537,1.08103,-6.2937,-5.56348
3.37101,-5.24566,6.77457,-6.69328,-7.05714,7.58159,3.88884,-6.77669,-2.18422,9.30391,2.03962,2.9391,6.51395,-3.57945,-3.52595,9.84142,6.10225,5.50496,4.38686,-2.28813,-6.66428,-6.5064,-9.34606,5.76723,-7.5367,6.87988,-6.96911,-8.03526,-8.11293,-4.18713,5.50515,-0.384416,-2.04701,0.399186,-1.5959,5.80004,4.88654,8.14048,6.83113,-0.427727,-7.91051,8.51934,-0.983216,9.01627,2.46566,0.202602,5.02491,3.64802,9.30776,2.86457,7.92449,-4.56502,-2.79402,5.61357,-5.31081,4.72181,1.66596,-9.75534,-0.107154,4.31737,-7.6262,8.66851,-3.93545,-2.3371,-2.45847,-7.48574,3.34744,-7.12527,-3.64675,5.57768,6.14813
-4.69697,2.34912,4.67779,9.1554,-9.28906,3.86914,3.28237,8.47443,8.48664,7.75067,-2.49405,-0.632017,2.2868,2.95249,4.71465,-9.24978,-8.14674,-6.8009,0.106966,5.8647,6.49597,-3.84833,3.19343,5.44944,-7.20827,-6.81992,-7.13538,5.14136,9.89496,9.11119,-6.56741,-5.41975,-4.98102,-6.88954,-5.98075,-9.58585,5.58511,8.50593,-8.72698,7.47854,-8.33848,5.10097,-3.43147,-7.80737,6.88861,-5.08325,-0.411226,9.0962,-5.09908,-0.160129,-0.0495205,5.31483,5.61357,-8.32664,-9.10729,-7.52995,0.772496,-7.605,-2.27294,4.8717,-7.49151,-5.5203,-9.76167,3.73399,9.41528,-9.59323,3.86928,8.27298,2.52708,4.60378,-7.11278
-6.61123,1.29484,0.896598,8.84114,-2.05072,4.98233,-1.94188,-1.61578,8.26952,-7.7593,4.23426,9.65637,2.1555,7.49515,-3.66861,-0.687312,2.42331,-0.627389,3.08023,-5.37923,-5.90786,5.88445,-5.63043,8.04776,7.44412,-9.35753,8.39135,-4.2933,-2.82103,8.10932,8.21456,-6.19498,-9.23505,8.93052,4.65446,7.54867,-2.78236,-6.03662,9.85089,7.00046,8.83991,-0.772239,8.34962,-2.92199,3.41734,-3.92046,-9.1333,2.69839,3.40954,7.51583,3.55855,-5.89913,-5.31081,-9.10729,-0.920282,-5.57185,6.23239,9.9664,-2.99231,-4.71456,-8.0071,-5.82985,7.27106,7.0832,6.19856,-7.9166,-2.12154,-9.73884,5.05915,-4.54981,8.69885
4.07555,-3.1645,-9.6429,2.82479,9.8181,-3.89418,6.44296,9.85127,0.434723,-3.17365,5.51186,-3.83476,-7.62971,-7.5501,-6.53216,2.35508,-3.19035,-7.18146,-5.66094,0.785381,-5.05619,8.06254,3.94688,9.43868,1.74627,6.58632,-1.84917,-2.20757,-7.28953,-9.93642,2.21071,-9.58429,-4.54622,-3.62905,4.55433,-3.41563,-0.8887,5.43289,-4.48162,-2.638,-3.45399,8.46632,0.308107,-1.39383,8.98979,-2.9401,-5.83386,6.64774,-1.23502,-9.514,0.211911,-9.03869,4.72181,-7.52995,-5.57185,8.16828,5.59355,-9.41673,7.55563,8.59453,1.51761,-0.777402,5.23518,2.85815,-7.93083,-7.0147,2.66679,-0.248126,-4.341,3.20024,0.325677
9.41213,-2.08728,-8.03935,-7.23985,-8.1207,-0.437895,2.69846,-8.26061,-7.87567,4.42761,2.01049,-0.434932,-8.56826,7.77467,-8.53669,1.59373,3.25279,-6.69146,-3.56398,-1.09144,-8.78329,-5.982,6.54637,1.75493,8.2394,-6.54695,-1.85518,7.29901,-9.0747,1.64521,7.82093,-5.26827,6.13629,-7.28095,2.2459,-8.54316,-2.61059,-5.79221,7.12687,-4.58781,-3.43341,1.63037,2.54464,-5.20869,7.04203,3.3024,-4.01896,8.93783,-5.78759,1.32294,4.54931,-4.31069,1.66596,0.772496,6.23239,5.59355,-6.85775,-5.62376,-2.18424,-2.16597,-7.09104,-2.47334,-7.67132,-8.87655,5.44927,1.94187,-2.16852,4.53216,-8.15599,-6.88332,7.85409
-9.11039,-1.71664,6.85374,-6.48174,-6.10954,8.87025,6.38153,3.46814,0.606534,-3.29068,-3.16533,5.21974,6.03548,9.46206,-3.63613,-1.36723,4.85125,0.158505,-1.73909,-5.13975,7.97161,7.42159,-3.52393,1.64899,-2.7806,8.59504,-8.89668,-6.17711,3.53985,-4.39267,7.61955,-6.12474,-7.26612,-6.8846,-8.53995,-4.33042,-4.28119,-1.70882,8.99333,2.15241,7.74977,-1.15627,4.81712,-1.8868,-1.1938,6.04634,7.69751,1.7236,6.66754,-9.41854,1.67325,-6.04319,-9.75534,-7.605,9.9664,-9.41673,-5.62376,0.492359,-7.81015,-6.72253,-1.86452,9.88075,-6.38314,5.79699,-1.94099,-9.52603,4.59069,6.35048,-0.915258,-0.347232,8.97007
6.40349,6.6698,-7.5852,0.821102,6.24093,5.60242,-9.92779,-7.40146,5.79638,-6.22052,-2.77572,-2.3956,1.47736,-4.22021,-7.54147,-8.87854,-9.25286,-6.29692,4.05063,2.54379,8.11986,-7.74043,-1.89813,-7.62351,7.22171,7.92824,-8.00746,-9.93547,5.73937,-7.42048,-6.16076,9.24725,-5.97881,-9.53033,7.9392,0.563377,-6.59776,5.71427,7.57435,0.996506,2.72019,1.757,8.06883,-8.3163,-3.01451,4.05255,-8.53686,2.40257,-3.4421,-3.17473,1.0041,0.608503,-0.107154,-2.27294,-2.99231,7.55563,-2.18424,-7.81015,-8.79485,5.42981,-0.796041,2.19871,2.97317,9.62053,5.42769,1.72209,6.78546,-6.59905,-9.10887,0.829137,-2.75425
-8.93469,-8.06548,-2.8973,3.64863,-5.4178,-7.98736,9.78699,5.36108,6.19555,-6.34921,-3.41237,0.0611338,-1.66969,-2.98982,7.62326,-0.488791,9.55831,9.60957,-6.40782,-2.34066,4.38538,1.77264,-0.14045,1.37195,-6.0867,-6.77283,-0.519837,-5.39622,-4.81468,-5.9447,-9.99733,6.07126,-9.76431,0.798255,-8.86128,7.34782,-2.1638,8.66575,-1.09767,-6.65419,0.83214,-6.63667,6.75716,-1.35084,5.69484,1.87283,1.39694,-7.18123,0.947126,-9.74594,9.08104,-4.20565,4.31737,4.8717,-4.71456,8.59453,-2.16597,-6.72253,5.42981,4.78056,0.726221,0.971367,4.41515,9.66037,9.74082,1.48709,-2.64595,-2.09055,1.26733,8.87978,2.46157
-7.35576,-9.02754,-7.43721,-7.05856,-8.71575,-9.69733,-4.10442,-8.3222,4.5283,5.14739,6.11448,7.54862,-2.78964,5.66916,9.50714,4.91407,9.49497,8.06341,2.83014,-4.0463,2.91788,2.29439,-5.34478,-1.59152,-5.88673,9.9331,-5.226,1.23715,0.186663,-9.69112,9.79248,-0.813195,-2.14088,-5.96537,-4.39506,-3.38926,6.00311,4.89022,9.75523,-7.62043,5.28731,-2.16003,5.53149,5.86458,3.43201,-1.60247,8.52668,7.68653,4.7517,-6.08308,-8.63522,8.56698,-7.6262,-7.49151,-8.0071,1.51761,-7.09104,-1.86452,-0.796041,0.726221,1.5479,1.55017,-6.1877,-5.66329,1.30885,-3.36478,-5.89951,9.7751,8.67917,3.86451,-1.81528
-8.49288,8.28372,7.03126,-2.15493,5.09695,-2.29458,5.3874,9.99358,5.44891,8.80962,-5.76348,-8.53354,4.8648,-1.96744,-9.15512,-2.59065,2.42557,-6.17445,5.99915,-9.75475,-9.52854,-8.70035,-9.04008,6.4224,-9.81929,3.3229,-9.06526,7.13165,5.42624,-0.220433,7.90082,-3.43475,-9.74958,-3.78848,6.56581,-8.16785,-4.69408,-0.0685728,-2.50659,-6.21838,-5.23584,4.90167,-9.70321,4.89935,-1.4451,-0.22194,-0.16972,-2.47243,3.77098,-1.91321,8.82636,2.22374,8.66851,-5.5203,-5.82985,-0.777402,-2.47334,9.88075,2.19871,0.971367,1.55017,-9.35517,3.92679,2.46983,-0.515415,5.70303,-7.62347,1.18358,3.96759,-4.8078,1.97196
2.3548,-3.17317,-5.36756,0.0062169,4.26413,6.73897,-5.6731,-3.49832,7.68078,-3.70972,-0.647047,-7.77949,1.78017,0.602512,0.943439,0.114267,0.881559,-9.83585,8.79312,-5.23353,6.29329,5.85915,-8.96023,-6.61487,6.36055,-6.05839,3.82574,4.80054,-1.64544,-7.63639,-2.88526,1.70369,3.47653,-5.11227,5.23629,8.76163,-5.29727,9.47264,9.92817,7.86756,-0.233909,3.30035,-1.22206,6.82142,4.80645,-0.107742,8.57152,-4.55991,7.66964,0.687267,-8.78718,8.70463,-3.93545,-9.76167,7.27106,5.23518,-7.67132,-6.38314,2.97317,4.41515,-6.1877,3.92679,7.26145,-8.53629,-6.16308,3.93806,1.5623,3.40203,2.55712,-8.28424,-7.96736
4.31532,-7.13307,-6.40603,2.78902,-6.39361,5.29486,-6.35092,-6.7299,7.02031,2.055,4.76993,2.75335,-3.36742,-7.46449,4.11229,7.81631,6.06812,-3.71183,3.61247,-7.51797,4.6225,-5.5493,0.695986,7.95514,9.49504,1.43381,1.51908,4.05839,6.53319,-0.746429,1.03738,-5.20664,5.91301,0.488519,4.06135,-7.95208,-0.970119,2.90462,3.85575,2.28844,9.88307,3.42583,-3.51867,2.00879,-0.0719717,1.80915,6.41377,-8.99389,-2.13721,1.79424,4.14118,8.65718,-2.3371,3.73399,7.0832,2.85815,-8.87655,5.79699,9.62053,9.66037,-5.66329,2.46983,-8.53629,-0.120376,-0.250445,-0.606751,-9.24439,5.5067,-6.3403,-7.77904,3.67745
-8.34308,3.98187,9.62118,-4.22213,-7.13757,3.8384,-7.79448,-3.549,-6.1923,3.52919,2.93249,8.19307,2.59408,1.89444,6.72758,5.61989,-1.54552,-8.80514,7.80736,8.60395,9.9793,7.93403,5.40878,-4.19763,-1.38119,2.24717,6.6912,5.47874,-2.80567,-5.25686,7.63469,9.78204,2.20659,-4.60444,-2.89952,-7.9724,1.88758,7.40815,2.62647,-4.48648,-7.89234,8.37921,5.05782,4.44941,8.82424,-6.36623,7.91401,1.69007,8.31712,4.82001,-7.48625,-3.11273,-2.45847,9.41528,6.19856,-7.93083,5.44927,-1.94099,5.42769,9.74082,1.30885,-0.515415,-6.16308,-0.250445,-1.75335,-5.20293,-4.15074,7.00491,3.74207,2.32261,-1.69283
-1.6993,-6.37159,-8.96966,-0.619879,3.19516,5.37217,-5.07625,-9.05299,7.82457,-1.20561,5.11074,2.62414,-2.46405,9.39961,8.0367,1.38455,8.39123,1.55234,-8.32997,-2.5428,2.2903,-3.07917,-0.160976,0.670087,-0.191375,-5.02941,0.510128,-7.44884,-0.585692,2.19814,9.18614,6.41463,-7.15533,0.389714,-8.12342,7.74911,-5.52937,6.49923,-7.44766,1.08571,0.542248,-4.10042,-9.83366,-6.86742,-8.45678,-9.3022,-2.02745,-6.09627,-6.7761,-4.58738,-4.92859,6.40952,-7.48574,-9.59323,-7.9166,-7.0147,1.94187,-9.52603,1.72209,1.48709,-3.36478,5.70303,3.93806,-0.606751,-5.20293,4.43487,8.76654,-4.12179,-8.81706,-4.08847,3.48084
