-1.29682,8.45558,-5.54027,5.24207,6.1464,7.11055,-4.40796,-8.14984,3.06508,3.2052,8.14404,9.24775,2.35935,8.19258,-1.83573,7.62759,-9.32245,7.46104,-0.666894,1.01263,9.12063,3.15127,-8.60972,-7.87737,-7.99659,-7.03304,-8.04174,3.23152,6.89069,-2.90202,-1.25252,-5.44582,2.47698,2.41948,-5.631,2.02805,-4.35351,3.21313,-5.91066,0.718563,5.94794,8.34548,-0.49237,0.985071,-2.63873,6.82251,6.39712,4.50591,2.64517,-5.63448,-7.96575,7.75363,9.17235,1.52908,-2.42795,-0.889279,-3.63111,4.45611,-5.98738,-6.28764,-8.99902,5.40347,6.78229,4.16976,0.741348,-5.46256,0.446919,-9.15694,-3.81203,-9.72519,-3.09247,-1.45442,7.11765
8.45558,3.61504,6.92521,5.8656,-9.52194,1.20862,-2.24133,4.40637,-5.48592,-6.74851,-3.15936,8.39814,3.40204,1.59534,4.18918,5.53031,6.15857,9.98955,-6.21674,9.81774,1.99247,9.00439,1.38366,1.44043,-2.46998,-7.87093,5.83461,0.611842,9.64382,8.92511,-2.0442,-0.565017,-6.8695,-9.34854,-5.38638,3.56866,-7.85988,0.118837,9.65399,6.24629,8.90361,-8.65114,-5.64003,8.35685,4.43096,-9.50735,3.12502,4.1089,-7.65086,-7.99925,-8.47872,-6.63892,-8.91456,5.05837,0.560429,-7.46537,7.68183,0.636655,-4.98774,-1.2516,4.66211,-8.67865,2.667,9.52238,-3.35251,-8.7611,-1.0359,-9.98946,5.11165,9.90545,-5.07016,8.40781,1.3316
-5.54027,6.92521,-5.03476,-0.32368,7.00787,-8.93007,-1.05368,-9.89206,4.90082,1.51247,4.84858,-1.90473,9.82208,6.75986,-1.53234,-9.47599,6.65021,3.17118,5.66274,-2.38917,7.90266,1.7808,-1.9673,-8.55925,-3.22267,-4.38695,3.14981,4.761,-6.8683,-1.98481,-3.54053,0.118649,-4.06101,-7.97891,8.00112,-4.84623,9.368,-0.797957,-2.74093,-2.10118,-9.59723,4.46621,-6.41601,-1.54496,-1.73644,-9.30686,-7.34285,-7.82715,-0.568675,7.15833,1.58213,0.0779054,-0.408793,-5.72388,6.99336,3.5907,-9.26849,0.613822,3.98988,8.4542,8.83217,3.07018,6.87006,-4.20747,5.49105,5.79666,-5.6967,-9.1939,-0.573444,7.59384,8.60991,-7.22797,8.23536
5.24207,5.8656,-0.32368,-7.88461,9.10228,3.00225,7.38335,-2.5276,-3.47721,-5.86113,-6.08922,-5.31255,4.85477,-0.501784,-7.31153,-7.84529,-4.07163,-2.55462,6.90767,-7.0995,3.11057,5.67683,2.11223,-7.65911,-7.0039,1.01099,1.57745,-1.28138,-1.20372,-6.88359,2.862,5.05446,-6.60425,-9.86571,7.28472,3.80461,6.15691,-0.66801,1.06959,-8.7395,-8.88812,-4.02357,-2.42769,4.6864,5.71106,-0.225738,1.51642,-0.860812,-5.58351,9.43201,9.85182,1.93126,6.25751,8.75449,5.58902,3.68113,6.82109,6.16799,3.5086,2.63604,4.03587,8.90507,0.351899,5.99268,0.652951,-5.41147,-5.79844,-8.61464,-6.93389,6.26847,2.00403,-3.07755,-9.6961
6.1464,-9.52194,7.00787,9.10228,-3.279,5.26725,-1.08598,9.12332,-0.174388,7.67678,4.11412,-5.00834,6.26781,6.72492,0.939455,0.503421,7.40874,8.56383,-2.12845,-5.95367,-5.47368,3.76562,-8.39327,-6.11216,-9.60939,3.1763,-3.64323,-5.09015,2.39689,1.03498,-5.70945,0.8117,6.16261,-1.72489,-9.80137,9.01079,5.41292,1.35061,-5.08309,-3.92345,8.09956,-9.82067,-1.02188,-3.62756,-1.85833,9.44012,7.7773,-7.44416,-9.71101,-4.48364,-5.0888,8.6039,2.03261,-2.95256,3.94478,-3.86326,9.15822,-4.93618,7.12862,6.88539,1.67249,-6.26072,-0.485724,-3.26669,-4.93227,-2.01585,-9.04799,7.3526,4.71931,5.01657,-0.279678,4.66469,9.8525
7.11055,1.20862,-8.93007,3.00225,5.26725,-1.6323,-2.64609,7.20315,4.9294,3.73185,-4.06225,6.09616,-0.856754,-5.36735,6.49491,6.07034,0.484788,-7.80808,0.152829,-9.7554,1.26804,-6.68407,2.55616,-4.96953,1.28008,0.119575,-1.71341,2.68481,2.5082,0.0319934,2.36364,-9.81938,-6.29535,-1.22808,-2.64292,-1.64313,0.885319,2.95329,5.79174,-4.24433,-8.12178,3.80706,-4.24641,-0.208363,5.90232,2.40358,-4.35027,1.27523,2.24114,-4.75996,9.59809,9.96541,-2.70603,3.86036,3.2971,2.03524,-9.64957,-9.15618,-5.43501,6.80433,-7.60822,-8.82947,9.77439,3.05942,-3.25749,9.21956,3.47806,2.29213,-1.7659,-5.71673,-1.55293,3.54997,-9.83727
-4.40796,-2.24133,-1.05368,7.38335,-1.08598,-2.64609,9.10505,9.76979,-7.65322,-7.7524,-2.56583,-9.51186,-8.75561,-7.36614,-1.69873,3.65853,9.5323,8.66472,2.93665,-2.84996,-4.07982,2.93643,-8.89055,2.68493,-7.91936,7.11987,-9.18545,4.93467,-2.24053,7.55544,-2.38987,7.86523,-7.75887,7.98856,-4.2339,-7.82796,0.979619,6.01618,-3.47396,-5.48273,-0.0722335,4.7384,0.87731,5.42565,4.78032,7.77159,-3.86863,-3.77451,2.36779,0.353564,-7.52071,-8.20438,1.87239,-6.28527,1.91275,5.35011,-4.10164,-8.40702,2.99952,9.58308,-2.17948,-0.567462,0.977055,2.6283,-6.5138,-6.94349,-9.07583,-4.64616,2.20768,-6.6206,7.92535,-5.98589,9.78273
-8.14984,4.40637,-9.89206,-2.5276,9.12332,7.20315,9.76979,4.18297,0.686251,6.24977,-9.7615,-6.62935,1.00521,-4.42191,3.31731,-5.41632,0.594164,4.30209,8.74087,-2.79017,-4.25574,-1.26952,-1.05602,5.54427,8.64669,-0.514448,-8.16312,-1.89316,-6.51512,1.02497,-4.35264,4.38842,-8.78331,-4.96352,-5.43043,3.47369,9.1513,-1.27239,-9.26837,2.90873,4.12381,2.52258,5.72904,1.99366,-1.18102,-4.11174,-1.94153,0.741706,-2.42445,1.12998,9.47316,6.27769,-6.00847,-4.8148,-3.65438,-1.1544,-9.56234,2.60236,0.983165,-2.65507,-9.69547,6.55054,4.00607,2.59539,-8.76308,4.97323,-2.00545,-6.72701,8.68998,-1.60835,9.86737,0.383752,-5.09832
3.06508,-5.48592,4.90082,-3.47721,-0.174388,4.9294,-7.65322,0.686251,-1.90485,9.9521,-6.98407,-1.27284,4.19686,-6.33379,6.16424,4.50306,3.36661,7.26278,-1.38805,2.71788,2.12019,-5.34934,-4.34475,-6.70624,8.04709,1.52239,5.52234,-7.10511,6.26333,-1.57002,8.46942,6.2386,-9.89038,3.165,7.92969,-7.67007,-3.95914,-7.21517,9.44517,8.65252,0.73805,-7.17984,-2.09669,3.94185,-2.53763,0.566231,-0.522064,7.43987,-9.47324,-3.37817,-6.97282,5.87756,-9.36215,4.18673,6.09309,-9.02521,-0.614157,8.86507,4.27714,1.61824,-5.53252,-9.7384,4.362,-2.36868,8.36049,5.00781,8.37995,-4.53303,-4.19146,-9.72911,1.05732,1.27779,8.13056
3.2052,-6.74851,1.51247,-5.86113,7.67678,3.73185,-7.7524,6.24977,9.9521,-2.81919,7.70233,-1.88793,-5.05964,6.72903,-7.78846,7.73452,3.72149,-0.235028,5.7106,-6.64844,-9.6157,4.28028,-5.54809,-2.23759,9.63584,-5.29175,-5.91193,4.34997,9.0078,2.45592,4.66368,8.01016,8.36261,-0.00916149,-5.47609,0.904483,-5.24141,-7.66156,-2.20007,-5.92971,-9.74118,-6.53715,-3.54352,7.85915,1.48159,-0.471198,0.693855,9.45909,6.44969,-3.70116,1.10778,0.842124,-2.59767,-2.87436,9.38222,-3.28519,0.93998,-8.12368,2.13512,5.9257,6.537,-3.72377,3.49878,-8.0859,-2.08062,-4.58463,5.12945,-6.61927,6.95126,-9.75486,6.38285,-5.17741,-9.61622
8.14404,-3.15936,4.84858,-6.08922,4.11412,-4.06225,-2.56583,-9.7615,-6.98407,7.70233,5.30863,3.87307,-5.57382,8.01389,0.952063,9.39195,5.62712,-2.51677,6.60536,-4.50473,6.86318,-2.00939,6.29829,-4.69617,-8.73352,-6.6836,5.7822,8.64347,-7.37967,1.5235,3.95528,8.74767,-5.61329,-7.42731,9.10466,-1.29022,2.77513,-4.46887,4.19241,6.68128,-9.06704,-3.61609,-5.4051,5.86134,1.74787,-2.27159,-1.8894,5.28564,-9.57423,-6.05835,-9.69561,-0.0991435,-8.56174,-5.45698,-2.31396,-3.74637,1.12316,4.64114,-6.39763,-6.54244,-4.75455,-3.78307,5.77277,8.00671,1.84335,7.89603,7.8732,5.66738,7.80031,4.01465,9.5462,8.32492,-0.0924676
9.24775,8.39814,-1.90473,-5.31255,-5.00834,6.09616,-9.51186,-6.62935,-1.27284,-1.88793,3.87307,2.30425,2.07063,6.12793,-7.66464,-0.560884,9.94159,-2.79063,6.92563,-4.38384,-9.27633,7.17348,-6.10016,-5.91241,-8.3469,-9.00106,-1.80645,-8.41735,-5.76953,6.68231,-8.56039,2.56817,7.23384,6.03371,-9.38903,-8.33224,-0.233746,4.02886,-2.14051,-0.0902116,3.74975,3.03533,-4.86392,1.91173,6.43865,-2.74795,-3.84044,2.09212,2.23347,8.33095,-2.66175,3.65806,2.5871,2.11322,1.30907,-0.802532,-9.83558,9.05818,4.67328,3.25307,-8.32399,2.86953,-0.0815955,-7.50248,-4.28763,-1.98458,4.34141,5.33968,1.24893,-9.65517,-3.18631,2.2352,-3.95335
2.35935,3.40204,9.82208,4.85477,6.26781,-0.856754,-8.75561,1.00521,4.19686,-5.05964,-5.57382,2.07063,7.63194,5.44938,-8.43883,-4.0037,0.344313,-3.91021,-1.59702,0.559285,-0.634662,8.94625,7.5754,0.428995,2.19289,-1.07876,-1.61844,-3.76257,7.06409,-6.75176,-6.00789,-5.01104,-8.56204,3.15893,9.17988,-3.72361,-6.68383,-9.93749,-0.789234,4.67656,1.49981,8.43004,8.46355,8.55004,-6.76373,-6.26152,-5.72713,-3.89809,0.336376,4.47388,-8.28788,-8.6021,-6.84682,1.11003,9.6176,-6.30857,9.62637,4.47131,5.84116,-8.54009,-1.55901,6.49471,0.24349,-2.31266,3.09373,-1.72773,0.710431,9.42063,2.31765,-4.81127,-7.50141,-7.10784,-3.14066
8.19258,1.59534,6.75986,-0.501784,6.72492,-5.36735,-7.36614,-4.42191,-6.33379,6.72903,8.01389,6.12793,5.44938,-8.07813,-6.52279,-5.43328,-8.74677,9.7382,-4.28609,-8.73447,6.76913,8.91646,3.51524,8.8738,-3.6232,-6.41766,-0.891779,7.54315,4.17512,3.61094,-9.68599,0.160754,5.2528,8.23336,-3.6882,2.73688,-9.70606,0.94241,-9.14315,6.24126,4.77082,-1.91363,-6.98339,-3.92997,-4.91131,2.3484,-5.83915,3.90055,-5.74353,-8.33875,-0.580098,4.98423,1.93244,-0.224039,1.79016,2.95409,8.50292,3.59921,-0.522087,7.48638,0.784602,-3.79644,3.20078,6.14567,1.01172,-8.29454,9.35574,0.203258,7.62205,-8.97682,-5.60577,-9.76878,1.80365
-1.83573,4.18918,-1.53234,-7.31153,0.939455,6.49491,-1.69873,3.31731,6.16424,-7.78846,0.952063,-7.66464,-8.43883,-6.52279,-3.76222,-4.74832,-6.60555,-5.26126,1.48965,-1.48759,-0.384136,-1.22444,1.84906,-8.20406,-5.64308,6.77904,1.978,6.67122,-2.42959,-8.37192,6.00058,6.36519,9.14561,-2.00022,-5.1991,-2.42544,3.10783,-6.43031,-8.23223,-3.87657,-9.20292,9.42393,1.27047,6.23544,-9.62623,7.92355,7.63049,-3.82665,7.04137,9.08653,-1.79052,4.29706,3.04452,0.187339,-7.71851,-3.07647,-2.02738,-6.59568,0.40672,-5.11828,6.69328,-1.01376,-3.94781,7.78018,7.16679,-8.16399,-1.37797,-6.93369,0.79419,-9.73098,4.69214,0.0987533,1.85448
7.62759,5.53031,-9.47599,-7.84529,0.503421,6.07034,3.65853,-5.41632,4.50306,7.73452,9.39195,-0.560884,-4.0037,-5.43328,-4.74832,9.92474,4.55028,0.508286,-7.49872,4.86369,9.78308,-1.14135,-2.13833,-3.30447,-6.12143,-9.89008,-8.63196,4.76889,-1.27,2.50398,-5.78711,-6.25432,-1.6252,4.09693,-4.58555,-3.88202,-1.76688,5.00182,-5.62177,8.81177,-6.361,-4.53886,-3.88234,9.53835,-5.1257,-7.16929,-4.56541,9.04705,4.08483,6.68958,0.0540427,-5.32866,8.38927,-5.43045,-6.82291,2.26768,1.00149,-2.01675,-4.32634,-1.69832,7.45382,2.27197,0.0584124,2.75381,-5.58662,-8.99353,-4.90692,-6.94595,5.27699,-5.76289,9.73441,-9.786,-1.65174
-9.32245,6.15857,6.65021,-4.07163,7.40874,0.484788,9.5323,0.594164,3.36661,3.72149,5.62712,9.94159,0.344313,-8.74677,-6.60555,4.55028,3.4678,9.76434,2.9385,-2.69187,9.73626,-4.73523,-0.921794,-9.96704,9.50543,1.5325,7.62049,9.34817,-7.99661,-9.67128,4.20982,1.76422,1.49606,-9.12791,0.7928,-0.898963,-1.04837,-2.00785,-2.64332,7.93352,2.77507,-5.78304,8.30216,-3.16191,-6.6705,-0.414069,-6.60459,0.458508,8.81169,-6.58092,-8.55414,4.76011,5.51281,-4.43266,-4.20939,5.06744,1.88087,-7.63663,4.4367,3.66855,0.69283,8.25719,-4.09314,4.91107,9.46254,4.88243,7.92695,1.35163,8.08338,-5.35961,-7.06496,3.90815,7.43873
7.46104,9.98955,3.17118,-2.55462,8.56383,-7.80808,8.66472,4.30209,7.26278,-0.235028,-2.51677,-2.79063,-3.91021,9.7382,-5.26126,0.508286,9.76434,2.69218,-6.89107,-0.0802576,-9.37886,0.925063,-2.76141,-0.618492,-1.46979,1.06061,5.79925,-0.353654,-5.25581,8.99478,5.62866,-9.01496,2.50877,1.70727,9.73455,-8.80647,-7.90308,-1.96167,-0.462646,2.04885,4.37334,7.38008,6.52487,4.91233,7.95246,6.98911,7.70475,2.39178,-3.90589,9.36144,4.48655,7.7947,-5.55452,9.04815,-6.60708,-3.27497,5.86526,-8.17961,6.65238,7.97489,-7.10442,-0.333114,-0.827816,9.46198,8.18878,-1.32116,3.51909,8.31032,6.75162,-3.77787,-0.980317,5.85377,3.96968
-0.666894,-6.21674,5.66274,6.90767,-2.12845,0.152829,2.93665,8.74087,-1.38805,5.7106,6.60536,6.92563,-1.59702,-4.28609,1.48965,-7.49872,2.9385,-6.89107,-1.46946,9.24464,-3.82547,-0.868771,4.25615,-8.9789,-6.60742,6.34467,4.10671,-0.680571,1.67611,-2.06458,2.33396,1.42873,5.54154,-3.51488,7.21321,-6.43387,3.82873,2.27898,9.09009,1.73498,-4.67526,1.48242,1.36428,9.94405,3.25315,4.33612,4.21718,-8.39298,2.8488,9.80206,-9.55603,8.14746,-5.62352,5.21206,-6.20619,1.89605,6.32257,5.7068,-6.27908,9.44782,-5.64006,-0.0960754,9.50202,0.633184,-7.30589,9.05797,-0.272124,8.44734,-5.9679,-0.659244,1.24676,2.59263,9.78069
1.01263,9.81774,-2.38917,-7.0995,-5.95367,-9.7554,-2.84996,-2.79017,2.71788,-6.64844,-4.50473,-4.38384,0.559285,-8.73447,-1.48759,4.86369,-2.69187,-0.0802576,9.24464,7.17989,-5.4105,8.59886,5.38483,-1.51543,-7.14785,-9.96063,2.66043,1.09578,-6.16233,-7.18498,-1.64762,1.28616,7.84666,-7.81272,3.16471,3.95866,-9.87655,8.34442,-3.88059,-2.82436,-9.61426,2.11102,-4.785,0.379948,-3.08023,1.06002,-6.61056,0.301647,6.18608,0.453721,-7.06687,2.60584,-3.10981,-6.05619,-5.08594,0.766874,-8.52854,-5.25535,2.28109,3.81057,-4.30807,3.51967,7.10322,-7.64645,-5.69839,-2.44831,-3.64265,-3.5007,3.79016,-4.90281,2.63048,5.48073,-9.58558
9.12063,1.99247,7.90266,3.11057,-5.47368,1.26804,-4.07982,-4.25574,2.12019,-9.6157,6.86318,-9.27633,-0.634662,6.76913,-0.384136,9.78308,9.73626,-9.37886,-3.82547,-5.4105,7.51297,9.95947,9.52982,5.58005,-1.24476,-4.08746,3.23475,-3.31066,1.38764,1.73116,-6.51879,-7.8098,-9.29255,-4.10041,8.46028,-1.40875,6.30968,-8.95285,1.40473,2.20102,-8.35239,2.03944,-8.90559,3.67617,2.01538,-7.81199,7.74841,-2.00798,-9.27044,-1.14406,-5.15274,-3.92159,-6.79627,-0.609153,5.95554,7.31032,1.19014,4.4298,-6.51042,-2.92524,-3.42507,-0.809591,-7.09536,-5.80374,-4.67011,-7.69659,5.79123,-7.44287,6.21012,-8.70559,-3.56178,1.79004,-5.81566
3.15127,9.00439,1.7808,5.67683,3.76562,-6.68407,2.93643,-1.26952,-5.34934,4.28028,-2.00939,7.17348,8.94625,8.91646,-1.22444,-1.14135,-4.73523,0.925063,-0.868771,8.59886,9.95947,3.70441,-9.40131,-6.18842,2.21788,8.28332,-4.97741,-8.84931,4.98516,-5.92809,9.4004,8.82575,5.8723,-3.96283,-2.45189,4.29378,6.28334,9.76733,5.77326,0.235584,2.24482,5.94169,-5.54481,-0.0668481,7.45055,4.36959,-5.08755,-4.26405,-1.58119,-6.87751,5.24024,-2.70984,-0.975921,3.45352,4.18742,2.33408,4.39848,7.22302,2.20525,-9.78154,7.46678,9.03456,4.69563,-2.91678,8.77758,-9.49023,-7.31294,9.84981,-3.10661,3.73754,8.89877,-4.00694,-0.141815
-8.60972,1.38366,-1.9673,2.11223,-8.39327,2.55616,-8.89055,-1.05602,-4.34475,-5.54809,6.29829,-6.10016,7.5754,3.51524,1.84906,-2.13833,-0.921794,-2.76141,4.25615,5.38483,9.52982,-9.40131,9.88816,0.860955,-5.8844,-3.73045,5.1299,2.71672,8.05247,-4.59209,0.114052,3.48838,1.78286,0.867468,-5.87823,-2.35767,3.65454,0.92897,-1.2346,-9.36261,4.82067,1.26823,2.70134,-2.29308,-6.63654,-0.605982,-6.53654,-8.39246,6.37672,-8.55995,4.44889,-3.49459,2.1526,7.0868,3.49997,9.73718,3.88161,6.08393,-1.21017,2.29078,8.14644,3.76545,9.13684,-6.75366,-5.4143,2.78663,-9.78847,4.20359,1.7507,-8.10733,0.419112,7.34058,3.51502
-7.87737,1.44043,-8.55925,-7.65911,-6.11216,-4.96953,2.68493,5.54427,-6.70624,-2.23759,-4.69617,-5.91241,0.428995,8.8738,-8.20406,-3.30447,-9.96704,-0.618492,-8.9789,-1.51543,5.58005,-6.18842,0.860955,-9.28372,-4.14826,-9.79752,-9.40527,6.51628,-7.31683,-1.11499,3.16493,7.75026,1.14701,-1.91508,5.31074,2.57776,-5.92822,-7.94411,-3.85346,7.01446,-3.73933,7.25422,3.8116,6.21478,-0.515183,-6.48879,-6.2917,-8.82678,8.00023,1.52774,-5.26668,-4.44304,1.12915,7.83423,9.39505,8.1024,-9.61992,-5.12746,1.73343,-2.29839,-0.87311,-3.0953,-5.43316,-3.76699,5.01291,9.02684,-5.81991,-6.59268,-6.32811,-2.83155,-0.318176,5.22839,-3.11012
-7.99659,-2.46998,-3.22267,-7.0039,-9.60939,1.28008,-7.91936,8.64669,8.04709,9.63584,-8.73352,-8.3469,2.19289,-3.6232,-5.64308,-6.12143,9.50543,-1.46979,-6.60742,-7.14785,-1.24476,2.21788,-5.8844,-4.14826,-4.77882,-6.22066,6.82027,9.00845,-8.37308,0.861951,-5.67378,1.17862,-9.31324,-1.44568,0.217563,0.378648,-1.87211,-8.72017,-6.1335,0.543378,3.22313,-3.72282,7.03994,-9.12918,6.57838,2.91419,8.99115,2.0565,-0.708867,7.66169,4.76502,-9.04784,-0.441408,1.23834,8.90473,4.35719,4.59897,8.28698,-9.1251,-7.9937,3.66732,8.95861,9.34674,-8.4973,0.607151,0.891218,6.93209,3.41201,6.00992,-3.81918,-7.61139,0.485924,-7.44948
-7.03304,-7.87093,-4.38695,1.01099,3.1763,0.119575,7.11987,-0.514448,1.52239,-5.29175,-6.6836,-9.00106,-1.07876,-6.41766,6.77904,-9.89008,1.5325,1.06061,6.34467,-9.96063,-4.08746,8.28332,-3.73045,-9.79752,-6.22066,-2.44879,3.05446,3.20001,6.02253,4.41306,6.45658,5.3605,-3.83574,-1.17898,2.2853,0.0766879,-8.7101,8.08397,3.57655,-1.81498,-2.98459,-1.32553,-2.54167,-1.76763,-3.34353,-8.45452,-1.63969,7.42517,-9.40988,8.35287,-0.675042,-8.29541,-5.71237,-5.71335,-4.79513,2.08873,-2.07325,-3.85797,-8.40118,-0.959071,-1.19023,5.58674,6.19525,-8.9822,1.6995,-3.53279,1.10647,4.97318,0.686819,-8.19838,-5.71313,-8.74188,3.06086
-8.04174,5.83461,3.14981,1.57745,-3.64323,-1.71341,-9.18545,-8.16312,5.52234,-5.91193,5.7822,-1.80645,-1.61844,-0.891779,1.978,-8.63196,7.62049,5.79925,4.10671,2.66043,3.23475,-4.97741,5.1299,-9.40527,6.82027,3.05446,3.16735,7.60696,8.4555,-4.87031,3.83101,-9.43779,-8.64424,8.68016,-5.26334,0.85627,9.87604,-4.35202,-2.09657,-8.56767,-8.59195,8.78225,-5.9906,-8.66297,6.44481,-3.5629,-8.90153,-4.81434,-2.72494,9.99372,-8.61462,6.33981,0.0191918,4.22098,6.91153,-5.44346,3.6608,-2.25178,6.23755,8.97271,-2.36598,-0.328915,-4.24727,-2.19395,1.17204,-1.863,-2.89759,-2.60615,5.74551,4.41222,-5.21485,-0.28346,-4.34616
3.23152,0.611842,4.761,-1.28138,-5.09015,2.68481,4.93467,-1.89316,-7.10511,4.34997,8.64347,-8.41735,-3.76257,7.54315,6.67122,4.76889,9.34817,-0.353654,-0.680571,1.09578,-3.31066,-8.84931,2.71672,6.51628,9.00845,3.20001,7.60696,-3.32103,-3.2429,-0.650564,4.15257,-7.89013,6.96687,-7.92792,-4.67298,8.83296,-7.16066,-5.57271,-1.89672,-6.5495,-7.45845,9.83177,2.66242,-3.12721,1.71626,7.28889,-6.73291,0.628772,-8.18177,-4.56734,8.17117,7.49566,-8.5656,8.6584,7.05934,-2.51431,7.85814,-1.08061,7.0253,-9.63162,-6.78249,8.59815,5.44217,-7.63486,4.43594,7.63465,-5.25328,5.18494,-8.59303,-9.98685,-3.25427,-1.1442,0.709366
6.89069,9.64382,-6.8683,-1.20372,2.39689,2.5082,-2.24053,-6.51512,6.26333,9.0078,-7.37967,-5.76953,7.06409,4.17512,-2.42959,-1.27,-7.99661,-5.25581,1.67611,-6.16233,1.38764,4.98516,8.05247,-7.31683,-8.37308,6.02253,8.4555,-3.2429,-7.04345,1.558,4.18402,8.11218,0.310555,-7.0357,-3.16892,-8.69061,-4.26579,-5.21274,5.41055,3.34727,7.15512,-9.71003,8.07906,-4.74077,-3.69203,-9.27776,5.28883,-2.32096,-3.10284,-4.98975,0.527078,-6.26899,6.10017,0.0521945,3.73288,-3.33365,-8.27504,9.38849,7.75922,-0.820419,-7.10357,-7.83658,9.49021,2.01576,9.01481,-4.53703,-7.12933,8.00882,2.64491,0.58334,-3.75759,8.36539,3.96712
-2.90202,8.92511,-1.98481,-6.88359,1.03498,0.0319934,7.55544,1.02497,-1.57002,2.45592,1.5235,6.68231,-6.75176,3.61094,-8.37192,2.50398,-9.67128,8.99478,-2.06458,-7.18498,1.73116,-5.92809,-4.59209,-1.11499,0.861951,4.41306,-4.87031,-0.650564,1.558,8.71126,-7.37251,9.48416,-8.77361,-1.85458,5.60313,-2.72259,2.62718,2.16749,0.779448,8.7682,1.85407,-4.69261,1.80184,-4.86102,-4.56088,-8.8882,-9.14463,-1.08401,2.44389,5.7186,-6.10942,-6.41548,-0.351254,1.78239,3.70995,-5.12131,0.268479,9.8281,-5.49469,-6.66475,-7.32592,2.54767,2.43244,9.8559,-1.55923,5.61205,7.99767,-0.483488,-5.45896,-2.63645,-0.566828,4.69994,-6.16254
-1.25252,-2.0442,-3.54053,2.862,-5.70945,2.36364,-2.38987,-4.35264,8.46942,4.66368,3.95528,-8.56039,-6.00789,-9.68599,6.00058,-5.78711,4.20982,5.62866,2.33396,-1.64762,-6.51879,9.4004,0.114052,3.16493,-5.67378,6.45658,3.83101,4.15257,4.18402,-7.37251,-0.525892,-2.37987,-5.6038,1.18485,7.69376,-9.10827,-0.117586,-7.26485,2.37347,-5.55876,-8.51115,-8.487,-7.62571,2.07351,6.22815,1.31666,1.08035,6.55993,-4.3492,0.482814,-8.0925,1.71898,9.24261,-2.61986,-1.37192,-7.20715,4.3664,-7.11583,7.34075,9.97433,-3.31742,-8.38928,7.01499,-3.93191,-9.6694,-1.02344,-6.23931,1.18521,6.68108,-7.55471,3.62921,-9.97026,-8.31135
-5.44582,-0.565017,0.118649,5.05446,0.8117,-9.81938,7.86523,4.38842,6.2386,8.01016,8.74767,2.56817,-5.01104,0.160754,6.36519,-6.25432,1.76422,-9.01496,1.42873,1.28616,-7.8098,8.82575,3.48838,7.75026,1.17862,5.3605,-9.43779,-7.89013,8.11218,9.48416,-2.37987,4.05025,-7.78764,1.30785,7.46656,-6.12382,-9.19049,6.16475,-0.0644203,-0.427017,5.69146,0.0261357,1.10694,-2.93281,1.80141,4.96106,8.55709,9.43678,9.43615,5.31079,-9.10588,-4.3199,-3.48453,-4.70283,-9.85986,1.17003,5.5738,-2.09544,-7.80768,4.63595,6.87258,-4.22406,-7.1242,-7.37484,-8.81438,8.89287,-4.33939,9.63603,-4.43929,1.31584,4.91336,-1.88446,-5.34834
2.47698,-6.8695,-4.06101,-6.60425,6.16261,-6.29535,-7.75887,-8.78331,-9.89038,8.36261,-5.61329,7.23384,-8.56204,5.2528,9.14561,-1.6252,1.49606,2.50877,5.54154,7.84666,-9.29255,5.8723,1.78286,1.14701,-9.31324,-3.83574,-8.64424,6.96687,0.310555,-8.77361,-5.6038,-7.78764,0.519915,4.43115,8.15689,-4.40893,1.04659,7.02926,-4.92287,6.34665,-1.5359,9.10762,-5.47416,-2.55679,-0.0420371,-4.07973,-6.44155,-0.951061,0.0658904,-0.559866,4.37451,7.68477,6.23792,6.59536,0.0963594,8.5648,4.41816,6.84234,5.73267,5.05533,-5.82878,1.88391,3.79625,-4.49681,-2.68206,-3.68166,-1.69627,-5.00436,-3.19715,-0.929926,0.535243,-5.0518,-0.685516
2.41948,-9.34854,-7.97891,-9.86571,-1.72489,-1.22808,7.98856,-4.96352,3.165,-0.00916149,-7.42731,6.03371,3.15893,8.23336,-2.00022,4.09693,-9.12791,1.70727,-3.51488,-7.81272,-4.10041,-3.96283,0.867468,-1.91508,-1.44568,-1.17898,8.68016,-7.92792,-7.0357,-1.85458,1.18485,1.30785,4.43115,5.51183,0.118718,1.97638,5.459,-7.7094,-8.88337,-5.81112,-9.00204,-3.77295,-4.65629,6.84098,-8.61849,-3.0301,9.95991,-0.0646818,5.48723,2.85263,1.15259,2.44126,8.651,-1.26805,-6.57193,0.0476882,3.58344,7.30124,-0.134403,3.10091,3.9788,-5.18467,5.50067,3.92127,7.35978,-6.17598,-4.724,-2.9,9.56961,0.576391,-0.323844,-6.03287,-1.88217
-5.631,-5.38638,8.00112,7.28472,-9.80137,-2.64292,-4.2339,-5.43043,7.92969,-5.47609,9.10466,-9.38903,9.17988,-3.6882,-5.1991,-4.58555,0.7928,9.73455,7.21321,3.16471,8.46028,-2.45189,-5.87823,5.31074,0.217563,2.2853,-5.26334,-4.67298,-3.16892,5.60313,7.69376,7.46656,8.15689,0.118718,5.05618,-3.0989,0.679832,-2.99803,-2.30357,5.18396,9.39271,5.35061,-7.70846,-8.77457,2.0106,6.77901,-3.98962,4.44128,2.63681,6.46481,8.77969,-7.70156,-6.70899,-6.97928,-1.88274,-6.46987,2.77007,9.27289,-9.15609,3.70507,-1.98155,7.137,5.50698,5.01644,2.20139,-8.13034,1.25085,2.84757,-1.31622,-7.67016,-6.30787,1.2935,5.30813
2.02805,3.56866,-4.84623,3.80461,9.01079,-1.64313,-7.82796,3.47369,-7.67007,0.904483,-1.29022,-8.33224,-3.72361,2.73688,-2.42544,-3.88202,-0.898963,-8.80647,-6.43387,3.95866,-1.40875,4.29378,-2.35767,2.57776,0.378648,0.0766879,0.85627,8.83296,-8.69061,-2.72259,-9.10827,-6.12382,-4.40893,1.97638,-3.0989,3.74867,-6.03843,-9.92909,8.04852,3.05708,-2.67082,-4.45353,0.905218,-7.60382,-7.07289,-5.76957,-8.25807,-2.24685,8.46318,-3.34576,7.09247,0.60402,5.22779,-7.62985,-8.70427,6.40364,-3.7362,-6.68599,-7.40848,-5.89056,-6.94597,-0.0709432,9.45155,6.69284,6.88957,2.39624,5.89016,-0.938098,-3.9418,1.44011,-9.79993,-6.48642,-7.3828
-4.35351,-7.85988,9.368,6.15691,5.41292,0.885319,0.979619,9.1513,-3.95914,-5.24141,2.77513,-0.233746,-6.68383,-9.70606,3.10783,-1.76688,-1.04837,-7.90308,3.82873,-9.87655,6.30968,6.28334,3.65454,-5.92822,-1.87211,-8.7101,9.87604,-7.16066,-4.26579,2.62718,-0.117586,-9.19049,1.04659,5.459,0.679832,-6.03843,-0.695488,-9.66868,-9.88624,-1.42609,9.89389,-5.72603,4.10866,9.75185,-6.83054,-2.18333,7.86325,1.2526,-9.80727,-0.897716,5.80188,5.78159,5.77061,4.28327,1.33078,-8.96643,-6.44204,0.945784,-3.87582,-9.89864,-4.40871,6.14773,-1.00685,-2.86046,5.85404,5.16142,0.758933,3.65459,-3.75568,3.08855,-0.67172,-7.38488,-6.6171
3.21313,0.118837,-0.797957,-0.66801,1.35061,2.95329,6.01618,-1.27239,-7.21517,-7.66156,-4.46887,4.02886,-9.93749,0.94241,-6.43031,5.00182,-2.00785,-1.96167,2.27898,8.34442,-8.95285,9.76733,0.92897,-7.94411,-8.72017,8.08397,-4.35202,-5.57271,-5.21274,2.16749,-7.26485,6.16475,7.02926,-7.7094,-2.99803,-9.92909,-9.66868,5.95708,-1.39715,2.51811,-8.85399,-8.95806,4.03759,-6.60367,-6.1064,-0.904219,8.23098,-0.68002,-1.54734,8.00982,-9.37511,2.146,8.78641,-2.66674,-3.86348,-5.1666,-4.48932,-2.22548,-5.07696,-7.33046,4.53479,7.01996,4.22991,2.82187,-2.26653,-1.65879,-7.53567,-8.69047,-1.93451,2.14702,0.252792,-6.86221,-5.52852
-5.91066,9.65399,-2.74093,1.06959,-5.08309,5.79174,-3.47396,-9.26837,9.44517,-2.20007,4.19241,-2.14051,-0.789234,-9.14315,-8.23223,-5.62177,-2.64332,-0.462646,9.09009,-3.88059,1.40473,5.77326,-1.2346,-3.85346,-6.1335,3.57655,-2.09657,-1.89672,5.41055,0.779448,2.37347,-0.0644203,-4.92287,-8.88337,-2.30357,8.04852,-9.88624,-1.39715,8.39677,4.5552,2.32662,-2.73466,-7.4856,3.763,-0.269079,-6.20401,-5.02851,1.90242,-7.83395,-3.87357,4.51094,0.0885989,3.24099,0.420856,-1.14255,-3.36312,-1.87411,6.50077,8.52376,9.73173,-6.40068,-9.45908,-1.21608,6.03658,-1.10368,5.89257,-8.95314,6.54666,5.14463,-9.45485,0.600729,-0.961266,-4.03508
0.718563,6.24629,-2.10118,-8.7395,-3.92345,-4.24433,-5.48273,2.90873,8.65252,-5.92971,6.68128,-0.0902116,4.67656,6.24126,-3.87657,8.81177,7.93352,2.04885,1.73498,-2.82436,2.20102,0.235584,-9.36261,7.01446,0.543378,-1.81498,-8.56767,-6.5495,3.34727,8.7682,-5.55876,-0.427017,6.34665,-5.81112,5.18396,3.05708,-1.42609,2.51811,4.5552,-3.81865,6.45022,-7.39512,8.89884,-6.04745,-8.24387,-0.598485,6.93891,1.96558,-6.71264,-1.34252,-6.78045,3.93532,-4.33723,3.04239,-2.84115,1.23491,-1.35202,1.71551,1.23917,1.13876,5.08497,5.53567,-2.1871,-5.86569,3.8563,-2.68084,7.85707,-6.58709,2.55546,0.148423,7.36642,6.72431,-9.37994
5.94794,8.90361,-9.59723,-8.88812,8.09956,-8.12178,-0.0722335,4.12381,0.73805,-9.74118,-9.06704,3.74975,1.49981,4.77082,-9.20292,-6.361,2.77507,4.37334,-4.67526,-9.61426,-8.35239,2.24482,4.82067,-3.73933,3.22313,-2.98459,-8.59195,-7.45845,7.15512,1.85407,-8.51115,5.69146,-1.5359,-9.00204,9.39271,-2.67082,9.89389,-8.85399,2.32662,6.45022,-6.80336,6.63155,-0.616745,-1.4491,6.66503,6.50806,9.30817,-7.57675,8.47563,3.66283,0.601,0.182955,1.87843,0.69526,-8.95809,7.84164,7.83095,-6.364,-4.71215,-3.66174,-9.64619,-5.99719,4.08965,-5.26062,-1.20214,-4.74943,3.72144,7.75476,-8.22069,2.7735,-5.63785,-5.533,4.69711
8.34548,-8.65114,4.46621,-4.02357,-9.82067,3.80706,4.7384,2.52258,-7.17984,-6.53715,-3.61609,3.03533,8.43004,-1.91363,9.42393,-4.53886,-5.78304,7.38008,1.48242,2.11102,2.03944,5.94169,1.26823,7.25422,-3.72282,-1.32553,8.78225,9.83177,-9.71003,-4.69261,-8.487,0.0261357,9.10762,-3.77295,5.35061,-4.45353,-5.72603,-8.95806,-2.73466,-7.39512,6.63155,5.47282,-9.21052,-7.15268,-3.03165,-7.76141,4.22829,-0.801815,-9.15354,-8.27534,-5.11792,-8.10478,3.1837,9.18181,-5.03692,3.25814,-9.10081,-2.70817,-0.782688,3.79894,6.96781,8.13081,4.85279,-9.51746,3.96662,-0.310813,-5.91033,-0.201665,-4.42649,8.45243,-3.34141,7.35247,-3.04426
-0.49237,-5.64003,-6.41601,-2.42769,-1.02188,-4.24641,0.87731,5.72904,-2.09669,-3.54352,-5.4051,-4.86392,8.46355,-6.98339,1.27047,-3.88234,8.30216,6.52487,1.36428,-4.785,-8.90559,-5.54481,2.70134,3.8116,7.03994,-2.54167,-5.9906,2.66242,8.07906,1.80184,-7.62571,1.10694,-5.47416,-4.65629,-7.70846,0.905218,4.10866,4.03759,-7.4856,8.89884,-0.616745,-9.21052,4.43889,-3.57043,-0.300513,9.1362,-8.59435,6.31109,8.68776,0.864382,-3.65806,6.46593,-5.74189,0.416228,5.6761,-3.54812,7.05692,9.88711,0.196443,9.59742,9.5941,-7.85324,5.15941,4.85908,-2.46756,8.50549,8.27054,4.33854,2.836,-2.96951,9.2558,-8.32549,-8.83434
0.985071,8.35685,-1.54496,4.6864,-3.62756,-0.208363,5.42565,1.99366,3.94185,7.85915,5.86134,1.91173,8.55004,-3.92997,6.23544,9.53835,-3.16191,4.91233,9.94405,0.379948,3.67617,-0.0668481,-2.29308,6.21478,-9.12918,-1.76763,-8.66297,-3.12721,-4.74077,-4.86102,2.07351,-2.93281,-2.55679,6.84098,-8.77457,-7.60382,9.75185,-6.60367,3.763,-6.04745,-1.4491,-7.15268,-3.57043,8.30758,0.525434,-3.67022,4.40312,-7.84369,1.82607,6.05721,-9.5688,2.86441,-4.8588,5.35071,2.84856,2.08658,5.42763,-1.57611,7.85601,-0.878381,-1.89203,4.79022,8.63308,-5.29618,-7.81439,0.94173,-2.98864,-7.3731,8.13702,3.07871,6.74186,3.71498,-2.04132
-2.63873,4.43096,-1.73644,5.71106,-1.85833,5.90232,4.78032,-1.18102,-2.53763,1.48159,1.74787,6.43865,-6.76373,-4.91131,-9.62623,-5.1257,-6.6705,7.95246,3.25315,-3.08023,2.01538,7.45055,-6.63654,-0.515183,6.57838,-3.34353,6.44481,1.71626,-3.69203,-4.56088,6.22815,1.80141,-0.0420371,-8.61849,2.0106,-7.07289,-6.83054,-6.1064,-0.269079,-8.24387,6.66503,-3.03165,-0.300513,0.525434,-7.26602,-6.64391,-6.20949,-0.728177,9.46929,-5.87558,2.63472,9.09791,-4.2513,-8.40152,-0.347288,-1.55543,-0.403571,-7.35383,-6.85436,-0.902281,8.23562,9.89323,-4.42044,1.07593,1.15793,-5.96022,8.9028,2.19245,-9.33403,6.77777,-7.00411,-3.47081,2.68291
6.82251,-9.50735,-9.30686,-0.225738,9.44012,2.40358,7.77159,-4.11174,0.566231,-0.471198,-2.27159,-2.74795,-6.26152,2.3484,7.92355,-7.16929,-0.414069,6.98911,4.33612,1.06002,-7.81199,4.36959,-0.605982,-6.48879,2.91419,-8.45452,-3.5629,7.28889,-9.27776,-8.8882,1.31666,4.96106,-4.07973,-3.0301,6.77901,-5.76957,-2.18333,-0.904219,-6.20401,-0.598485,6.50806,-7.76141,9.1362,-3.67022,-6.64391,1.8792,5.17338,6.13263,7.67225,-7.47098,3.27684,-7.42806,0.916002,1.72449,-6.08405,2.41429,1.94436,-7.78565,8.20691,-9.14706,-1.84845,-4.64358,-3.72556,9.7651,-5.5502,-8.75449,-1.75662,-5.8621,0.735763,9.09979,-1.35588,7.49116,-7.84456
6.39712,3.12502,-7.34285,1.51642,7.7773,-4.35027,-3.86863,-1.94153,-0.522064,0.693855,-1.8894,-3.84044,-5.72713,-5.83915,7.63049,-4.56541,-6.60459,7.70475,4.21718,-6.61056,7.74841,-5.08755,-6.53654,-6.2917,8.99115,-1.63969,-8.90153,-6.73291,5.28883,-9.14463,1.08035,8.55709,-6.44155,9.95991,-3.98962,-8.25807,7.86325,8.23098,-5.02851,6.93891,9.30817,4.22829,-8.59435,4.40312,-6.20949,5.17338,1.59647,5.73679,3.06739,-5.98683,-1.7767,-9.69297,-6.28984,9.89416,-3.63393,7.93717,-5.56609,-8.77041,1.71126,-7.16287,1.86421,-5.26677,6.61357,9.80266,-5.99241,-3.08601,2.82661,-3.66257,1.61694,-2.2143,3.72432,1.51251,0.624916
4.50591,4.1089,-7.82715,-0.860812,-7.44416,1.27523,-3.77451,0.741706,7.43987,9.45909,5.28564,2.09212,-3.89809,3.90055,-3.82665,9.04705,0.458508,2.39178,-8.39298,0.301647,-2.00798,-4.26405,-8.39246,-8.82678,2.0565,7.42517,-4.81434,0.628772,-2.32096,-1.08401,6.55993,9.43678,-0.951061,-0.0646818,4.44128,-2.24685,1.2526,-0.68002,1.90242,1.96558,-7.57675,-0.801815,6.31109,-7.84369,-0.728177,6.13263,5.73679,1.07209,8.42091,0.419884,-1.41694,9.93418,7.09531,-9.49539,-2.09143,-8.30167,-5.79772,-9.99873,4.58494,-6.25275,9.07041,-2.86589,8.18311,7.06304,3.733,-7.06418,0.496065,-2.95267,1.53231,2.53828,-6.09407,2.60672,-4.04869
2.64517,-7.65086,-0.568675,-5.58351,-9.71101,2.24114,2.36779,-2.42445,-9.47324,6.44969,-9.57423,2.23347,0.336376,-5.74353,7.04137,4.08483,8.81169,-3.90589,2.8488,6.18608,-9.27044,-1.58119,6.37672,8.00023,-0.708867,-9.40988,-2.72494,-8.18177,-3.10284,2.44389,-4.3492,9.43615,0.0658904,5.48723,2.63681,8.46318,-9.80727,-1.54734,-7.83395,-6.71264,8.47563,-9.15354,8.68776,1.82607,9.46929,7.67225,3.06739,8.42091,-5.88726,-2.41001,4.59493,9.2685,1.15051,2.55033,7.3685,6.24251,-8.24118,3.46128,7.05643,3.53777,-2.24675,-7.10978,-2.76319,4.90614,9.43595,-5.57403,-4.74169,-9.70388,1.01137,8.20512,-3.07416,-5.55999,4.02331
-5.63448,-7.99925,7.15833,9.43201,-4.48364,-4.75996,0.353564,1.12998,-3.37817,-3.70116,-6.05835,8.33095,4.47388,-8.33875,9.08653,6.68958,-6.58092,9.36144,9.80206,0.453721,-1.14406,-6.87751,-8.55995,1.52774,7.66169,8.35287,9.99372,-4.56734,-4.98975,5.7186,0.482814,5.31079,-0.559866,2.85263,6.46481,-3.34576,-0.897716,8.00982,-3.87357,-1.34252,3.66283,-8.27534,0.864382,6.05721,-5.87558,-7.47098,-5.98683,0.419884,-2.41001,1.18861,8.77145,5.88253,5.81045,-9.78184,3.75532,0.931995,-2.68149,7.3608,0.683919,7.7406,2.03823,-8.52369,9.03153,-4.78994,-6.70216,2.91657,8.1036,0.129117,6.0921,-4.66824,7.03708,5.45101,5.95013
-7.96575,-8.47872,1.58213,9.85182,-5.0888,9.59809,-7.52071,9.47316,-6.97282,1.10778,-9.69561,-2.66175,-8.28788,-0.580098,-1.79052,0.0540427,-8.55414,4.48655,-9.55603,-7.06687,-5.15274,5.24024,4.44889,-5.26668,4.76502,-0.675042,-8.61462,8.17117,0.527078,-6.10942,-8.0925,-9.10588,4.37451,1.15259,8.77969,7.09247,5.80188,-9.37511,4.51094,-6.78045,0.601,-5.11792,-3.65806,-9.5688,2.63472,3.27684,-1.7767,-1.41694,4.59493,8.77145,-9.15471,-2.32475,-0.613209,5.04808,7.98959,6.11829,-0.536755,-3.40434,2.14611,8.20763,6.88315,-0.324505,-8.45174,0.724344,9.65559,9.70691,-4.01562,6.9126,-2.07354,4.30465,8.6918,4.21896,0.973499
7.75363,-6.63892,0.0779054,1.93126,8.6039,9.96541,-8.20438,6.27769,5.87756,0.842124,-0.0991435,3.65806,-8.6021,4.98423,4.29706,-5.32866,4.76011,7.7947,8.14746,2.60584,-3.92159,-2.70984,-3.49459,-4.44304,-9.04784,-8.29541,6.33981,7.49566,-6.26899,-6.41548,1.71898,-4.3199,7.68477,2.44126,-7.70156,0.60402,5.78159,2.146,0.0885989,3.93532,0.182955,-8.10478,6.46593,2.86441,9.09791,-7.42806,-9.69297,9.93418,9.2685,5.88253,-2.32475,-1.1979,9.0417,-6.64684,-6.08985,4.25591,-7.71292,7.84286,-3.12305,9.02399,1.15563,3.82299,-5.46953,3.65125,-6.03517,-2.46642,-7.45108,8.01103,-6.18456,-9.16192,7.34151,-5.61149,-0.673869
9.17235,-8.91456,-0.408793,6.25751,2.03261,-2.70603,1.87239,-6.00847,-9.36215,-2.59767,-8.56174,2.5871,-6.84682,1.93244,3.04452,8.38927,5.51281,-5.55452,-5.62352,-3.10981,-6.79627,-0.975921,2.1526,1.12915,-0.441408,-5.71237,0.0191918,-8.5656,6.10017,-0.351254,9.24261,-3.48453,6.23792,8.651,-6.70899,5.22779,5.77061,8.78641,3.24099,-4.33723,1.87843,3.1837,-5.74189,-4.8588,-4.2513,0.916002,-6.28984,7.09531,1.15051,5.81045,-0.613209,9.0417,-4.98884,0.869925,2.91913,1.43758,5.96957,-7.87967,9.76654,9.79877,7.60357,6.01415,1.89896,-3.44835,-1.73063,-1.51706,7.63802,-2.37531,9.14579,-0.34643,-3.29232,8.44588,9.18347
1.52908,5.05837,-5.72388,8.75449,-2.95256,3.86036,-6.28527,-4.8148,4.18673,-2.87436,-5.45698,2.11322,1.11003,-0.224039,0.187339,-5.43045,-4.43266,9.04815,5.21206,-6.05619,-0.609153,3.45352,7.0868,7.83423,1.23834,-5.71335,4.22098,8.6584,0.0521945,1.78239,-2.61986,-4.70283,6.59536,-1.26805,-6.97928,-7.62985,4.28327,-2.66674,0.420856,3.04239,0.69526,9.18181,0.416228,5.35071,-8.40152,1.72449,9.89416,-9.49539,2.55033,-9.78184,5.04808,-6.64684,0.869925,8.24995,-9.17787,-5.89802,-8.08804,6.3793,-5.33376,9.55478,-7.19223,-0.65644,-5.38404,-0.974674,-8.7537,7.76851,-2.56014,-0.770996,-9.63222,5.12262,1.72485,-7.06468,-0.93365
-2.42795,0.560429,6.99336,5.58902,3.94478,3.2971,1.91275,-3.65438,6.09309,9.38222,-2.31396,1.30907,9.6176,1.79016,-7.71851,-6.82291,-4.20939,-6.60708,-6.20619,-5.08594,5.95554,4.18742,3.49997,9.39505,8.90473,-4.79513,6.91153,7.05934,3.73288,3.70995,-1.37192,-9.85986,0.0963594,-6.57193,-1.88274,-8.70427,1.33078,-3.86348,-1.14255,-2.84115,-8.95809,-5.03692,5.6761,2.84856,-0.347288,-6.08405,-3.63393,-2.09143,7.3685,3.75532,7.98959,-6.08985,2.91913,-9.17787,7.9013,-1.92761,7.35307,-2.21864,-9.67111,6.42962,-3.09073,2.73167,-6.55967,1.46671,6.80464,7.63189,-1.94138,-8.70409,2.16346,4.13693,-7.92719,-6.34817,0.522606
-0.889279,-7.46537,3.5907,3.68113,-3.86326,2.03524,5.35011,-1.1544,-9.02521,-3.28519,-3.74637,-0.802532,-6.30857,2.95409,-3.07647,2.26768,5.06744,-3.27497,1.89605,0.766874,7.31032,2.33408,9.73718,8.1024,4.35719,2.08873,-5.44346,-2.51431,-3.33365,-5.12131,-7.20715,1.17003,8.5648,0.0476882,-6.46987,6.40364,-8.96643,-5.1666,-3.36312,1.23491,7.84164,3.25814,-3.54812,2.08658,-1.55543,2.41429,7.93717,-8.30167,6.24251,0.931995,6.11829,4.25591,1.43758,-5.89802,-1.92761,-3.32835,8.50359,-9.39167,3.95369,4.05115,4.11012,-4.68587,-1.31067,8.59116,8.36893,-7.62746,-2.25922,-0.191857,7.27065,-6.8977,8.22321,5.832,-5.13289
-3.63111,7.68183,-9.26849,6.82109,9.15822,-9.64957,-4.10164,-9.56234,-0.614157,0.93998,1.12316,-9.83558,9.62637,8.50292,-2.02738,1.00149,1.88087,5.86526,6.32257,-8.52854,1.19014,4.39848,3.88161,-9.61992,4.59897,-2.07325,3.6608,7.85814,-8.27504,0.268479,4.3664,5.5738,4.41816,3.58344,2.77007,-3.7362,-6.44204,-4.48932,-1.87411,-1.35202,7.83095,-9.10081,7.05692,5.42763,-0.403571,1.94436,-5.56609,-5.79772,-8.24118,-2.68149,-0.536755,-7.71292,5.96957,-8.08804,7.35307,8.50359,6.2743,8.84206,-3.18561,-9.03213,5.12843,-8.3917,0.812813,5.29302,5.8557,2.05808,-6.52381,-3.214,1.27235,6.26211,5.04444,2.53968,5.35196
4.45611,0.636655,0.613822,6.16799,-4.93618,-9.15618,-8.40702,2.60236,8.86507,-8.12368,4.64114,9.05818,4.47131,3.59921,-6.59568,-2.01675,-7.63663,-8.17961,5.7068,-5.25535,4.4298,7.22302,6.08393,-5.12746,8.28698,-3.85797,-2.25178,-1.08061,9.38849,9.8281,-7.11583,-2.09544,6.84234,7.30124,9.27289,-6.68599,0.945784,-2.22548,6.50077,1.71551,-6.364,-2.70817,9.88711,-1.57611,-7.35383,-7.78565,-8.77041,-9.99873,3.46128,7.3608,-3.40434,7.84286,-7.87967,6.3793,-2.21864,-9.39167,8.84206,-4.64211,8.29274,-8.03269,0.84523,0.281316,-9.73048,9.68895,6.10518,-3.18975,3.59723,1.81284,-8.25386,0.804664,5.71898,-0.466289,-8.2039
-5.98738,-4.98774,3.98988,3.5086,7.12862,-5.43501,2.99952,0.983165,4.27714,2.13512,-6.39763,4.67328,5.84116,-0.522087,0.40672,-4.32634,4.4367,6.65238,-6.27908,2.28109,-6.51042,2.20525,-1.21017,1.73343,-9.1251,-8.40118,6.23755,7.0253,7.75922,-5.49469,7.34075,-7.80768,5.73267,-0.134403,-9.15609,-7.40848,-3.87582,-5.07696,8.52376,1.23917,-4.71215,-0.782688,0.196443,7.85601,-6.85436,8.20691,1.71126,4.58494,7.05643,0.683919,2.14611,-3.12305,9.76654,-5.33376,-9.67111,3.95369,-3.18561,8.29274,-5.21415,9.98897,1.68052,0.885125,-9.89386,-2.08113,0.220199,5.98692,-7.35846,-1.79677,4.18419,4.4575,2.0683,9.48697,8.44371
-6.28764,-1.2516,8.4542,2.63604,6.88539,6.80433,9.58308,-2.65507,1.61824,5.9257,-6.54244,3.25307,-8.54009,7.48638,-5.11828,-1.69832,3.66855,7.97489,9.44782,3.81057,-2.92524,-9.78154,2.29078,-2.29839,-7.9937,-0.959071,8.97271,-9.63162,-0.820419,-6.66475,9.97433,4.63595,5.05533,3.10091,3.70507,-5.89056,-9.89864,-7.33046,9.73173,1.13876,-3.66174,3.79894,9.59742,-0.878381,-0.902281,-9.14706,-7.16287,-6.25275,3.53777,7.7406,8.20763,9.02399,9.79877,9.55478,6.42962,4.05115,-9.03213,-8.03269,9.98897,1.89379,8.18166,1.3768,5.5715,2.65336,6.65926,-1.86384,3.68658,8.66973,-3.83474,6.97293,-0.474497,-3.77775,7.21899
-8.99902,4.66211,8.83217,4.03587,1.67249,-7.60822,-2.17948,-9.69547,-5.53252,6.537,-4.75455,-8.32399,-1.55901,0.784602,6.69328,7.45382,0.69283,-7.10442,-5.64006,-4.30807,-3.42507,7.46678,8.14644,-0.87311,3.66732,-1.19023,-2.36598,-6.78249,-7.10357,-7.32592,-3.31742,6.87258,-5.82878,3.9788,-1.98155,-6.94597,-4.40871,4.53479,-6.40068,5.08497,-9.64619,6.96781,9.5941,-1.89203,8.23562,-1.84845,1.86421,9.07041,-2.24675,2.03823,6.88315,1.15563,7.60357,-7.19223,-3.09073,4.11012,5.12843,0.84523,1.68052,8.18166,-0.966266,0.373446,-8.90213,-9.4911,-9.87479,-3.46662,7.5865,-6.35278,0.627841,7.93982,-0.865985,-1.01588,-0.267334
5.40347,-8.67865,3.07018,8.90507,-6.26072,-8.82947,-0.567462,6.55054,-9.7384,-3.72377,-3.78307,2.86953,6.49471,-3.79644,-1.01376,2.27197,8.25719,-0.333114,-0.0960754,3.51967,-0.809591,9.03456,3.76545,-3.0953,8.95861,5.58674,-0.328915,8.59815,-7.83658,2.54767,-8.38928,-4.22406,1.88391,-5.18467,7.137,-0.0709432,6.14773,7.01996,-9.45908,5.53567,-5.99719,8.13081,-7.85324,4.79022,9.89323,-4.64358,-5.26677,-2.86589,-7.10978,-8.52369,-0.324505,3.82299,6.01415,-0.65644,2.73167,-4.68587,-8.3917,0.281316,0.885125,1.3768,0.373446,6.30367,-2.9112,-4.21087,4.92425,7.09931,-5.03676,5.42485,-0.605861,2.06451,-9.49023,7.97402,4.50065
6.78229,2.667,6.87006,0.351899,-0.485724,9.77439,0.977055,4.00607,4.362,3.49878,5.77277,-0.0815955,0.24349,3.20078,-3.94781,0.0584124,-4.09314,-0.827816,9.50202,7.10322,-7.09536,4.69563,9.13684,-5.43316,9.34674,6.19525,-4.24727,5.44217,9.49021,2.43244,7.01499,-7.1242,3.79625,5.50067,5.50698,9.45155,-1.00685,4.22991,-1.21608,-2.1871,4.08965,4.85279,5.15941,8.63308,-4.42044,-3.72556,6.61357,8.18311,-2.76319,9.03153,-8.45174,-5.46953,1.89896,-5.38404,-6.55967,-1.31067,0.812813,-9.73048,-9.89386,5.5715,-8.90213,-2.9112,1.9739,9.08601,-5.87139,-2.5981,-0.293292,-8.47324,4.74372,5.20086,8.32994,-6.87829,-9.31412
4.16976,9.52238,-4.20747,5.99268,-3.26669,3.05942,2.6283,2.59539,-2.36868,-8.0859,8.00671,-7.50248,-2.31266,6.14567,7.78018,2.75381,4.91107,9.46198,0.633184,-7.64645,-5.80374,-2.91678,-6.75366,-3.76699,-8.4973,-8.9822,-2.19395,-7.63486,2.01576,9.8559,-3.93191,-7.37484,-4.49681,3.92127,5.01644,6.69284,-2.86046,2.82187,6.03658,-5.86569,-5.26062,-9.51746,4.85908,-5.29618,1.07593,9.7651,9.80266,7.06304,4.90614,-4.78994,0.724344,3.65125,-3.44835,-0.974674,1.46671,8.59116,5.29302,9.68895,-2.08113,2.65336,-9.4911,-4.21087,9.08601,-8.98781,7.33696,0.909382,3.07713,-9.86224,-0.555966,-3.78485,9.16701,0.992873,4.45815
