-7.21921,-0.969814,4.37375,1.20371,8.02558,2.5423,-9.49054,-5.52553,0.441533,4.88089,-1.14337,-2.24369,-4.65656,7.14389,-4.78154,-8.75997,7.41767,9.38308,-6.89795,9.68781,0.805999,-1.71306,5.66872,2.79833,8.85693,-3.27299,0.467621,-7.28055,-2.85236,-7.76767,-3.16196,-1.85962,-6.45639,7.12341,4.87473,-1.45597,-7.81799,-7.39421,-1.04485,-1.8053,-2.8862,-1.96851,-4.14691,-6.071,-0.66104,-8.78767,4.43429,-1.54258,-2.02891,-7.53134,9.48769,3.69896,7.91329,0.732041,1.34898,4.01332,-5.95469,2.96506,8.24071,1.65394,-8.51462,4.3301,-5.65636,1.90073,0.95159,8.40329,5.1464,2.95812,8.78596,1.97025,4.12061,0.297889,-8.88334,9.61796,8.90118,-6.43049
-0.969814,4.36226,-4.30959,1.19868,6.81863,8.32133,-6.77913,-0.530985,-0.410577,9.2959,3.26764,-2.16732,7.92063,1.47587,-0.115611,-7.85189,-8.43116,1.38294,3.64542,9.32321,9.7412,-8.63202,-4.06271,7.36796,-7.347,-3.11123,6.58899,-2.6153,-7.3191,-1.80394,1.89726,0.847728,-1.07949,0.99287,8.71741,-1.60869,4.69413,6.93961,-2.00388,-2.83646,-4.59176,6.36796,7.84588,-5.08015,3.83017,7.7852,-3.19445,-5.50345,-6.52023,-2.63008,-1.78686,-0.962129,-7.53717,2.97195,2.35421,-7.92136,5.18485,-7.61789,-1.59721,3.6906,-8.74359,1.21608,6.82545,7.63845,8.18257,6.78051,5.11841,5.84904,-5.30393,1.30028,-8.39406,6.95708,-1.08258,-5.3027,-6.22543,5.65527
4.37375,-4.30959,-5.25564,5.04077,-8.03141,4.04808,5.43263,-3.61181,-3.44904,1.60381,-5.08294,1.8029,-3.58843,-2.63555,-5.67912,-1.99615,-9.18276,8.93951,6.42831,5.00599,7.75699,0.414876,1.07831,-0.933665,6.44173,-0.154752,-6.8728,-4.28217,-5.74952,-7.77464,5.34804,3.93803,7.01892,-9.19803,-7.37868,-5.76861,-9.21247,9.53157,1.12585,1.44368,0.312112,9.67204,6.14712,-4.46974,-4.04346,8.15017,9.95523,8.83572,-2.75516,-9.34347,6.3132,6.42773,9.0102,-5.78511,-6.29299,2.93493,-1.88255,2.85033,1.61716,-6.58512,-3.36077,-4.73306,-9.21481,-7.52279,-9.52617,3.35461,-4.90599,7.28453,7.87626,-5.87361,5.4058,-5.29961,0.893583,2.77829,-0.39421,-9.37981
1.20371,1.19868,5.04077,-3.85757,4.07727,5.55826,-8.38438,9.98057,2.01916,-3.55736,1.8633,-7.04532,3.33911,3.338,-4.35284,4.70603,-4.08323,0.866147,-9.6679,9.70906,3.91567,6.14694,4.68869,6.79634,2.91653,1.95746,5.27073,6.11763,-6.71433,-1.56652,3.00164,1.22358,2.5671,7.58656,0.0475478,2.87962,-0.672251,3.75799,1.04914,9.43466,-5.79916,-1.51449,-3.51638,1.33727,7.92239,-9.4121,-0.404402,9.44142,-8.54518,0.406779,6.76679,7.59902,9.13915,8.60713,-0.978307,0.675065,4.68315,2.89697,-7.62823,-2.95964,-5.50074,1.56623,-4.67391,-5.40597,1.75755,7.22879,-7.81461,1.4845,0.122631,4.94738,1.26809,-9.0377,2.05489,-4.66004,-9.83995,1.29608
8.02558,6.81863,-8.03141,4.07727,-4.1842,-6.86577,-5.95379,-3.8599,6.25626,-6.87421,-9.83922,-3.9375,-6.64097,-5.933,-1.9662,-5.60227,-6.54011,9.56119,3.07107,-5.9222,-3.73795,9.96248,-9.5767,-8.07152,9.23256,-3.61285,-0.565502,5.0972,8.76285,0.709586,-8.37104,-3.11969,0.367264,1.08727,-9.1592,-1.1908,5.03998,-2.57783,9.82201,-0.848396,-2.42677,2.02849,3.93597,-3.51961,-4.48967,-3.51825,9.00419,3.86655,5.55371,1.7601,-1.91374,-4.53543,6.50649,-6.80829,0.355202,1.52084,0.164124,5.28327,-4.32212,-6.13003,-8.25659,-5.17511,7.95734,8.62889,5.00278,-9.17635,3.65211,9.51687,9.84104,3.50019,-1.48359,0.936893,1.78826,8.80193,8.8448,9.81351
2.5423,8.32133,4.04808,5.55826,-6.86577,0.656331,-3.56066,-0.475292,9.22011,6.34876,3.2549,-3.43382,-9.72283,3.37519,2.69204,-2.77292,-4.72481,3.15455,-7.75074,-1.35858,-3.0211,-1.23691,2.00174,-5.10617,2.54532,5.29159,-7.21279,-9.72043,-7.59592,7.5797,-8.67491,1.52382,1.86988,8.30366,8.49438,3.62193,-0.162815,3.79326,8.16147,-0.670522,5.42766,4.20181,6.6402,6.11658,-1.70296,-7.16248,7.97048,2.41187,-1.24698,-3.87537,-9.91317,1.82556,0.0284734,1.73496,-9.19596,3.72237,-4.24783,-0.737052,5.15984,7.64562,2.23609,-9.59283,4.31818,-1.0631,-0.504045,-4.36439,-5.64664,-5.61484,8.11244,-6.42618,-8.21386,-2.24288,-6.33202,-2.13143,8.40762,-7.50674
-9.49054,-6.77913,5.43263,-8.38438,-5.95379,-3.56066,4.1199,-1.29965,4.05872,9.24286,-4.36053,3.77559,0.325722,2.03304,-2.56192,1.94954,-3.30496,-7.99937,2.4336,-5.7408,2.98603,-7.09591,8.7849,-7.01949,9.22606,-7.88187,9.73741,4.03715,8.48165,-0.547065,-2.43745,9.77412,-4.81633,-4.88377,5.564,4.41948,-2.33123,-4.4001,1.10311,2.04656,-8.86835,-2.0565,3.84161,9.17542,1.69092,1.29456,5.65194,6.85417,-7.33647,2.156,-4.85552,6.214,1.22996,4.22723,-0.618822,4.35864,-9.09723,1.08111,1.17923,3.374,-6.58691,-1.93568,5.23529,-4.48923,9.70138,3.66129,7.32064,2.48904,7.94811,5.99685,6.91282,-8.48044,-6.43705,7.39865,-2.64815,1.98847
-5.52553,-0.530985,-3.61181,9.98057,-3.8599,-0.475292,-1.29965,-0.834816,-9.16589,-2.44016,4.31317,-4.53007,2.26867,-0.245739,1.76728,-0.165071,-4.47778,-6.66493,-3.04412,5.69847,4.06599,-3.50169,-9.35516,1.67186,-3.89883,-4.33021,8.80559,1.07944,2.46336,-6.74791,-3.28236,-3.09156,-1.61071,2.96634,-6.55094,-8.02326,2.02614,-6.66444,5.41791,-7.7844,9.18257,5.0236,7.61033,-5.54,7.66416,7.70465,-7.37192,-7.15542,9.21447,4.50298,7.31236,8.26995,2.1777,8.17449,-5.38601,-1.46061,-4.33178,2.56148,-5.68795,-3.98674,3.69483,-0.787236,-1.33175,8.82001,-2.01733,3.69682,-1.15113,9.10065,-9.67405,6.22936,2.73476,-4.66986,0.139294,-3.15509,-8.59211,1.48439
0.441533,-0.410577,-3.44904,2.01916,6.25626,9.22011,4.05872,-9.16589,-1.50669,3.50356,5.67461,-9.49522,-8.52654,-1.9783,-1.99514,9.92072,-2.02984,2.12592,-0.263231,-9.25261,-7.46516,0.37645,-2.96452,9.93242,-8.36405,-4.99968,-4.81415,1.57146,-5.7071,-7.58448,9.13639,-1.97138,-1.18587,1.70821,-3.49498,6.38772,-0.540723,-5.45266,1.542,8.76237,-6.91989,1.66772,-8.80086,-8.85007,-6.44351,4.39014,-1.32253,2.74038,-6.52484,7.13718,3.54206,-5.72624,2.44574,-4.64738,-7.98853,-0.329996,-2.89473,3.22765,4.43607,-1.59578,0.462771,-9.23482,-3.14154,-4.09813,3.9872,-9.21857,4.11407,-3.55267,5.48348,0.568583,8.22935,-2.0718,3.75236,-3.60659,8.25772,-6.39097
4.88089,9.2959,1.60381,-3.55736,-6.87421,6.34876,9.24286,-2.44016,3.50356,-2.6539,3.3212,-1.38543,7.3738,-1.25323,5.81198,-5.9479,0.581632,9.08962,-4.49977,5.10037,-5.46697,8.17924,2.6919,-2.87176,-4.34932,-9.42805,-8.94129,-1.56227,-8.01801,-6.04871,1.81188,7.21521,6.10466,3.94335,6.15206,3.18791,-3.56974,-1.69297,-3.64207,3.71721,-6.44437,-8.10791,3.53645,7.71097,1.50473,9.57761,-4.07157,-9.99511,6.17861,-6.06001,-7.59867,8.5487,-4.22551,7.69809,4.06741,-6.08479,8.38281,7.70676,1.41436,4.25723,4.78539,-1.12906,9.04727,7.30074,-3.40938,-9.25397,6.9327,-3.3921,-9.54702,-5.10254,3.07865,0.71067,4.7915,5.77693,2.19978,-5.01187
-1.14337,3.26764,-5.08294,1.8633,-9.83922,3.2549,-4.36053,4.31317,5.67461,3.3212,-6.60734,6.17532,-3.62668,9.71432,5.50856,6.51613,0.585316,6.82526,7.50712,6.19849,9.40927,-0.9852,-7.36426,4.30028,1.35833,-9.58804,8.8433,6.8343,8.25692,-3.82388,7.29998,-0.241951,-8.87706,4.93267,9.74911,7.92738,-9.33804,-2.80032,-7.01906,-7.4182,-2.41823,-9.31062,6.91207,6.63797,2.56294,-0.383652,6.00941,8.117,-6.82355,7.90441,-0.894196,-9.75888,0.219024,8.57337,3.89628,-7.26958,5.30619,-0.402082,-5.55465,0.399895,-1.30569,6.64479,-5.03903,9.27737,-7.19759,4.88383,5.41509,8.96107,-8.13082,5.04538,3.50703,7.16848,5.33017,-5.29374,-2.58768,-8.34398
-2.24369,-2.16732,1.8029,-7.04532,-3.9375,-3.43382,3.77559,-4.53007,-9.49522,-1.38543,6.17532,-9.54664,4.42577,-6.07037,2.60565,7.37369,3.32773,3.163,3.47231,-0.0629897,3.27851,-6.16525,-0.134231,-2.90042,3.09858,-6.21529,5.10917,0.240826,-3.78395,-4.72198,8.39322,7.12619,-4.55161,9.8277,-6.39205,-5.36426,-2.44313,7.26892,-8.29819,-0.462363,5.26205,3.9124,0.983472,2.70652,-9.74434,0.615622,-7.28307,7.10575,7.40394,5.66925,-7.95539,8.13652,-0.190903,4.34284,-9.14577,8.18389,0.394841,-9.52778,-7.17411,3.31708,9.38136,-4.68383,-0.230984,-9.58786,-9.10337,3.52373,-9.14342,-1.0345,-0.442908,2.29085,-9.54979,-5.48393,8.61278,4.41185,-1.4751,5.74341
-4.65656,7.92063,-3.58843,3.33911,-6.64097,-9.72283,0.325722,2.26867,-8.52654,7.3738,-3.62668,4.42577,-7.96943,3.00286,6.809,7.299,6.87685,-1.2033,3.78495,2.51001,5.59436,3.51144,7.59388,0.450253,4.40574,1.22582,2.15464,-7.37205,2.29874,-3.58271,8.14348,7.03242,-2.601,-5.21573,1.26034,6.03694,8.12064,-6.73955,-5.97697,9.51193,5.0368,-0.342857,-9.0704,-4.82092,1.74112,5.84798,-0.66379,-6.78949,-0.372982,7.49456,8.68328,-5.3378,-4.8233,0.333727,-5.1431,-3.32182,-7.84585,8.326,-0.819988,-7.5466,-4.01627,-8.09201,-9.21065,-0.0651602,-8.38816,-5.94607,-0.44963,6.01243,-0.14547,0.595988,-6.47824,3.62503,6.80259,3.55139,-1.42716,-1.05576
7.14389,1.47587,-2.63555,3.338,-5.933,3.37519,2.03304,-0.245739,-1.9783,-1.25323,9.71432,-6.07037,3.00286,-6.42669,1.35105,7.02153,-2.30698,7.58369,-3.75485,-9.47854,6.84193,-5.55292,-2.31294,-7.37319,-8.01573,-9.42231,-0.465364,-8.51828,7.61337,5.19009,-1.19767,9.7245,-2.46276,-1.05031,-4.20354,-4.08891,4.90109,8.14534,-1.09087,0.979527,-4.15043,-9.8875,-6.43961,9.53443,4.18501,-3.89464,-0.522302,-1.92501,8.95347,-0.0146133,-5.98249,-0.438901,5.13648,7.40604,-3.55994,2.92912,9.66625,3.26234,9.46688,-3.1939,-9.05118,9.57443,-5.48156,-9.55703,4.47506,-6.97772,8.17115,-5.46416,1.4134,-0.0752171,-0.0339128,6.98064,-6.03578,8.32486,-2.13852,-8.4244
-4.78154,-0.115611,-5.67912,-4.35284,-1.9662,2.69204,-2.56192,1.76728,-1.99514,5.81198,5.50856,2.60565,6.809,1.35105,-4.7715,9.49936,1.14527,6.37341,0.410869,0.0525566,-8.34083,-8.54095,-8.67683,-6.84974,2.03926,3.41867,3.35041,-6.57405,-7.34018,7.94361,9.55702,2.40941,-6.93879,-5.56101,-0.924857,-5.9407,5.33895,9.19063,4.24473,-1.79887,-0.97676,7.57066,2.79727,6.25238,-7.71211,9.04879,-8.12057,-8.26235,-8.46231,0.507931,-1.09987,1.77962,-9.65552,-2.31184,9.49755,3.90504,-1.16151,8.61176,4.1304,2.69266,4.13574,2.66953,-3.74351,0.539026,6.50107,-5.18895,-0.947854,-5.73415,-9.39294,-5.66363,0.382519,-9.34547,-4.22565,7.31514,0.634014,-9.65514
-8.75997,-7.85189,-1.99615,4.70603,-5.60227,-2.77292,1.94954,-0.165071,9.92072,-5.9479,6.51613,7.37369,7.299,7.02153,9.49936,3.72811,-7.13217,-3.87412,-2.59715,3.02094,2.03007,-9.0471,2.27438,8.27499,-8.86991,-2.9319,2.66673,6.40774,-2.87056,5.64835,8.97855,-5.85804,2.33276,-9.68405,-7.80979,-4.0716,3.67578,4.43504,4.74566,-2.41058,2.92937,0.135651,9.09715,0.332059,-5.3802,-1.59976,2.22718,-5.70349,7.43339,-9.94404,2.69701,-4.1139,3.77472,-2.38213,-2.53343,2.55898,-2.49064,9.27114,-9.7343,0.0914241,8.98415,3.94925,5.50544,7.69511,-4.40616,-2.4891,0.104283,2.95656,8.29247,-2.94949,9.49873,-6.69135,9.03284,5.33074,0.367784,-5.87467
7.41767,-8.43116,-9.18276,-4.08323,-6.54011,-4.72481,-3.30496,-4.47778,-2.02984,0.581632,0.585316,3.32773,6.87685,-2.30698,1.14527,-7.13217,-4.10041,-0.486048,-1.73994,9.27797,9.81414,-3.98714,9.40278,5.5422,-2.00851,-2.7642,-1.17288,8.8284,3.66151,6.36945,-8.55778,5.26531,-3.42474,-9.61049,-8.10778,6.87228,-7.02254,-0.665508,-0.487647,-0.155144,-5.13341,-5.511,-2.32077,-9.07125,-8.9416,-2.97853,-8.84464,-1.66313,2.50348,9.07951,-5.53512,-0.984746,-6.72453,-7.17256,-9.93643,1.83964,0.680325,-5.26242,8.66165,-9.38846,-3.80024,-4.45378,6.38493,0.421713,-1.84767,9.70774,-5.53045,6.05299,9.44596,7.71516,1.4135,-2.58412,-5.16163,-0.635649,6.19867,7.48676
9.38308,1.38294,8.93951,0.866147,9.56119,3.15455,-7.99937,-6.66493,2.12592,9.08962,6.82526,3.163,-1.2033,7.58369,6.37341,-3.87412,-0.486048,-7.16396,6.16974,5.55702,-1.15192,-6.57928,6.75973,6.11924,-1.60718,-0.544439,0.211129,0.529725,8.5903,3.49875,6.94872,-3.01325,-3.07052,5.73924,0.474567,9.37316,4.24983,-6.36832,8.73137,-2.36774,2.02165,6.53102,-0.75138,4.31829,9.12678,-9.78362,3.94926,-4.59571,-7.49068,3.54165,-6.00002,-3.3904,-9.54951,8.51243,-4.86919,3.16498,-6.13141,-7.62459,8.58038,-9.02824,3.84013,-5.8979,3.70093,8.02681,-8.29806,0.908839,-2.8438,8.32481,9.89163,8.22659,1.0198,-0.0480565,-2.34196,-8.98343,7.08292,8.03818
-6.89795,3.64542,6.42831,-9.6679,3.07107,-7.75074,2.4336,-3.04412,-0.263231,-4.49977,7.50712,3.47231,3.78495,-3.75485,0.410869,-2.59715,-1.73994,6.16974,-4.7208,-9.05529,2.85602,-7.08443,5.01097,-3.72043,-4.42692,-1.99628,-1.56218,1.88717,9.31606,2.27246,-0.0740894,-2.41204,7.14643,1.69856,2.20453,-0.225621,-2.56422,7.47335,2.46181,-6.68022,9.24038,-0.985336,5.6955,-0.458961,1.66065,-6.34415,-3.12685,-6.40519,6.92077,-0.727922,-3.67962,-9.86441,6.26277,3.82885,-7.9143,-8.51522,3.63981,-7.45132,9.97858,-1.48549,-1.42363,6.13619,-3.20967,-6.52388,-1.26895,0.489791,-2.16925,-5.04399,1.5847,0.162996,-4.48723,0.385736,5.06738,-8.32752,1.36986,5.39648
9.68781,9.32321,5.00599,9.70906,-5.9222,-1.35858,-5.7408,5.69847,-9.25261,5.10037,6.19849,-0.0629897,2.51001,-9.47854,0.0525566,3.02094,9.27797,5.55702,-9.05529,-5.84252,3.25896,-7.67075,4.65858,1.43237,8.55963,7.0614,-9.4329,2.79197,2.46925,9.20225,0.788051,-0.371548,7.13616,-2.61603,-2.06459,9.45829,-0.770384,-1.36931,-5.68607,4.30572,1.70548,-2.53376,8.32519,-3.02729,6.91164,-5.19852,1.75126,9.89707,0.0962842,3.18394,7.04526,7.89867,6.7687,6.74202,-6.73231,5.9117,9.85812,7.88296,9.72304,-9.31936,-5.36842,-0.992989,-1.03918,-4.59027,-2.49331,6.50649,4.82655,5.58006,-0.704333,8.47579,4.04739,-5.61788,-7.10855,-5.66056,-5.58994,-2.88549
0.805999,9.7412,7.75699,3.91567,-3.73795,-3.0211,2.98603,4.06599,-7.46516,-5.46697,9.40927,3.27851,5.59436,6.84193,-8.34083,2.03007,9.81414,-1.15192,2.85602,3.25896,2.75265,4.3554,7.55697,-6.18378,-6.04654,7.64113,3.14392,3.22895,5.62962,-4.10352,-3.38118,5.5326,-0.337304,-7.75085,-5.83374,5.07477,-2.0385,5.78269,0.40745,-1.87144,-5.28787,2.8915,4.0254,-0.318213,-9.80604,-7.45011,7.7268,-5.37775,-5.74095,-6.76771,-1.0175,-2.98874,-1.21252,-0.908218,-2.15864,-9.93816,2.05861,3.87541,-8.49329,-9.50578,-1.70289,-3.34852,2.47997,8.52762,-5.35272,-0.517851,-5.0147,-1.67202,1.56291,-5.8536,-4.90463,-6.60127,-6.20151,-3.56468,-0.500177,5.35914
-1.71306,-8.63202,0.414876,6.14694,9.96248,-1.23691,-7.09591,-3.50169,0.37645,8.17924,-0.9852,-6.16525,3.51144,-5.55292,-8.54095,-9.0471,-3.98714,-6.57928,-7.08443,-7.67075,4.3554,-9.93391,7.27644,-5.40013,6.01217,5.31704,-1.12184,-0.887125,3.04545,0.41279,-2.78767,1.65214,6.27677,-3.5186,0.344692,7.9936,0.896521,-3.86215,2.18397,5.80364,5.35326,9.67483,-4.15301,-4.32968,3.18714,5.11127,4.00014,-2.72136,2.84148,1.2793,8.4315,7.46403,2.67662,0.821733,8.35753,5.76784,1.71474,-4.46289,0.267937,5.02959,8.07943,-0.879063,-9.18718,8.96103,7.56189,0.692025,9.79698,7.08288,-7.91812,-6.13333,-7.59333,6.29207,-1.924,4.01578,-1.9973,-0.292013
5.66872,-4.06271,1.07831,4.68869,-9.5767,2.00174,8.7849,-9.35516,-2.96452,2.6919,-7.36426,-0.134231,7.59388,-2.31294,-8.67683,2.27438,9.40278,6.75973,5.01097,4.65858,7.55697,7.27644,-0.924305,-0.241824,-6.33209,5.45707,0.728653,-7.59309,-7.6379,-0.605652,3.60713,-3.16831,0.848258,3.07835,5.00956,-5.83336,-3.39946,-8.49213,-8.33262,-4.28488,5.14075,-3.71596,-1.09965,-4.21721,9.64802,-2.83896,-0.713394,9.07409,-8.08937,-5.50013,5.11654,3.9845,-5.03666,-8.57971,5.88792,3.38275,3.98448,-5.00595,6.90093,-9.3423,-7.43248,5.95701,7.26335,-5.49848,9.15389,-2.47937,-0.0446273,-1.9605,-2.59721,3.98117,-3.29832,-2.97348,-1.23177,0.90683,5.60997,0.440502
2.79833,7.36796,-0.933665,6.79634,-8.07152,-5.10617,-7.01949,1.67186,9.93242,-2.87176,4.30028,-2.90042,0.450253,-7.37319,-6.84974,8.27499,5.5422,6.11924,-3.72043,1.43237,-6.18378,-5.40013,-0.241824,-5.06683,3.18219,-2.54146,-7.51792,5.5757,0.515346,-3.77441,-8.24785,1.54399,2.39009,-8.36208,6.0293,4.57273,-4.43882,-1.19664,-8.06779,-3.92215,2.67707,8.2212,1.91928,-0.472418,-9.30906,-1.04408,1.33048,-5.36705,1.82896,-1.18627,5.16171,-2.08863,8.95454,3.98349,1.846,2.39578,-2.92015,6.17467,-9.94742,9.35719,6.34767,9.24771,-1.20007,-2.95209,-1.79905,2.23528,2.25354,6.76159,-8.9856,-1.29385,-0.629865,4.165,-7.70444,6.83302,7.4813,-9.26726
8.85693,-7.347,6.44173,2.91653,9.23256,2.54532,9.22606,-3.89883,-8.36405,-4.34932,1.35833,3.09858,4.40574,-8.01573,2.03926,-8.86991,-2.00851,-1.60718,-4.42692,8.55963,-6.04654,6.01217,-6.33209,3.18219,1.87958,-9.0487,9.28617,1.37214,-2.94599,-0.879308,8.36708,0.855804,-1.09498,7.43936,6.81949,-7.05187,1.65637,-5.33972,-9.7874,2.82722,-8.1043,9.20445,7.89674,-8.21242,2.2935,9.24282,-0.0330559,1.42852,8.84456,-5.09207,-0.0654065,6.27257,-6.34241,-3.27251,-5.35151,-6.47507,-1.61627,-5.77739,3.28226,-4.61474,5.19658,-6.08542,-5.27311,8.21853,-7.41718,0.759588,-8.48608,4.84723,7.00618,9.83446,-8.97713,-8.82055,-7.7924,7.44279,-2.83212,-6.13884
-3.27299,-3.11123,-0.154752,1.95746,-3.61285,5.29159,-7.88187,-4.33021,-4.99968,-9.42805,-9.58804,-6.21529,1.22582,-9.42231,3.41867,-2.9319,-2.7642,-0.544439,-1.99628,7.0614,7.64113,5.31704,5.45707,-2.54146,-9.0487,-6.63713,6.05212,-7.34055,2.57733,-5.82727,-7.09471,-3.67639,-7.314,-7.25484,-2.79315,0.885394,-1.46327,-1.74906,-2.90702,-8.87796,-6.64378,-8.82635,2.44554,1.98211,-8.15758,-5.68871,7.28934,-1.599,5.93769,1.85819,7.76107,4.00508,8.43398,7.32217,-8.75435,-4.52043,8.48123,3.59405,-3.76335,-4.26214,-9.14906,9.48062,1.89897,0.433285,-6.99112,-1.7583,4.8758,-1.69048,-0.453036,-7.7391,-8.44228,-6.40949,-4.23446,7.86355,-1.93807,-5.296
0.467621,6.58899,-6.8728,5.27073,-0.565502,-7.21279,9.73741,8.80559,-4.81415,-8.94129,8.8433,5.10917,2.15464,-0.465364,3.35041,2.66673,-1.17288,0.211129,-1.56218,-9.4329,3.14392,-1.12184,0.728653,-7.51792,9.28617,6.05212,5.04545,3.22941,0.406458,9.71125,-5.43645,2.56979,6.78878,0.023886,-8.23982,-3.5685,-9.27651,5.38112,4.0436,5.8411,0.22713,5.40749,-7.10146,-5.61733,4.71211,-3.51474,-6.94713,1.92986,-9.59791,3.65573,5.24671,7.77942,2.12977,8.0318,5.64636,8.0986,3.33936,-6.39975,3.99397,5.6551,-9.89221,-7.93068,3.77828,5.39745,-9.7778,0.476875,-4.3217,7.21715,-4.25691,-8.07864,5.95026,-6.43869,2.67615,-1.61588,-7.52849,8.70198
-7.28055,-2.6153,-4.28217,6.11763,5.0972,-9.72043,4.03715,1.07944,1.57146,-1.56227,6.8343,0.240826,-7.37205,-8.51828,-6.57405,6.40774,8.8284,0.529725,1.88717,2.79197,3.22895,-0.887125,-7.59309,5.5757,1.37214,-7.34055,3.22941,9.58427,-8.06724,-8.86779,9.20551,7.77919,3.74676,4.79381,9.96236,-6.7614,8.93437,7.24651,6.43095,8.62675,3.52369,1.05242,8.9268,9.51756,6.85936,8.88106,-1.60147,7.53611,2.24428,-3.1884,5.21522,9.93672,9.62107,9.65357,-4.21201,-8.95347,1.32552,5.18076,8.31493,-9.27434,-4.53337,-3.50375,5.54061,6.6926,9.48412,-4.82653,-0.957999,-3.02683,6.45392,1.53893,-5.06433,5.03523,-2.35793,0.23617,7.12351,-3.35247
-2.85236,-7.3191,-5.74952,-6.71433,8.76285,-7.59592,8.48165,2.46336,-5.7071,-8.01801,8.25692,-3.78395,2.29874,7.61337,-7.34018,-2.87056,3.66151,8.5903,9.31606,2.46925,5.62962,3.04545,-7.6379,0.515346,-2.94599,2.57733,0.406458,-8.06724,-5.13209,2.72786,-4.29923,2.17926,0.0883822,-3.42777,-4.20933,-3.4248,1.96934,-2.73644,4.39001,-9.41475,-9.15513,-8.15975,2.82475,-5.86914,-8.54468,-6.71421,0.327734,7.16555,3.73027,-7.70939,6.10348,-3.64655,-1.84148,-0.906971,-0.0428952,-0.74693,-6.80496,-0.101824,-3.01473,7.30373,9.34549,6.2375,5.58931,5.32635,7.06861,9.14519,3.82356,2.18818,-3.68058,1.99108,-9.39929,-7.1413,6.8184,4.42879,-1.54559,-2.14292
-7.76767,-1.80394,-7.77464,-1.56652,0.709586,7.5797,-0.547065,-6.74791,-7.58448,-6.04871,-3.82388,-4.72198,-3.58271,5.19009,7.94361,5.64835,6.36945,3.49875,2.27246,9.20225,-4.10352,0.41279,-0.605652,-3.77441,-0.879308,-5.82727,9.71125,-8.86779,2.72786,4.63098,-8.42722,4.6686,-0.185724,-9.18389,7.34007,-0.0220287,9.73582,8.2619,-5.20139,-5.05767,7.87892,-0.291572,-1.2985,4.0566,5.30792,9.36947,-0.674081,5.85654,-9.84741,5.67994,6.99657,-0.256673,4.41139,-3.56671,2.09938,8.15117,8.63527,-1.17903,-9.54485,-7.50041,-7.88006,8.16132,-2.24883,-0.230662,-2.05947,9.24778,-4.58549,0.248214,0.497198,6.79496,3.21867,8.63047,-4.95398,-4.76196,-7.2002,-1.82377
-3.16196,1.89726,5.34804,3.00164,-8.37104,-8.67491,-2.43745,-3.28236,9.13639,1.81188,7.29998,8.39322,8.14348,-1.19767,9.55702,8.97855,-8.55778,6.94872,-0.0740894,0.788051,-3.38118,-2.78767,3.60713,-8.24785,8.36708,-7.09471,-5.43645,9.20551,-4.29923,-8.42722,-6.17427,1.15191,3.10643,7.06889,-3.61413,2.1371,-5.05453,8.19647,-4.4094,-7.41045,9.16907,1.48626,6.95081,9.61081,-6.4785,8.97133,4.17767,-9.757,-3.80662,-0.843575,-8.34411,-2.14583,-0.714072,2.01355,-7.67356,5.23696,-5.26732,4.07021,-4.42621,2.63321,0.374837,-3.15356,5.04502,-2.80664,9.58106,-3.57007,0.0463355,-4.23793,-3.83438,6.50294,8.13437,-0.201894,-6.33091,1.38493,-9.57873,7.36178
-1.85962,0.847728,3.93803,1.22358,-3.11969,1.52382,9.77412,-3.09156,-1.97138,7.21521,-0.241951,7.12619,7.03242,9.7245,2.40941,-5.85804,5.26531,-3.01325,-2.41204,-0.371548,5.5326,1.65214,-3.16831,1.54399,0.855804,-3.67639,2.56979,7.77919,2.17926,4.6686,1.15191,7.93767,-5.71204,8.37915,7.536,-8.30627,0.978526,-7.50746,-6.85087,8.68442,7.11756,6.24895,-7.10557,-9.71088,5.52015,8.11716,5.80768,-5.26402,-8.00739,-9.87077,7.50704,6.31953,6.15491,2.91789,1.56712,9.47177,1.61563,-0.35786,-8.87446,3.56388,4.82637,8.16232,2.98237,9.32799,2.22057,-5.71094,6.53412,4.03894,-0.761095,8.83182,5.16044,8.7303,-8.46996,-4.81507,0.745161,-5.81724
-6.45639,-1.07949,7.01892,2.5671,0.367264,1.86988,-4.81633,-1.61071,-1.18587,6.10466,-8.87706,-4.55161,-2.601,-2.46276,-6.93879,2.33276,-3.42474,-3.07052,7.14643,7.13616,-0.337304,6.27677,0.848258,2.39009,-1.09498,-7.314,6.78878,3.74676,0.0883822,-0.185724,3.10643,-5.71204,3.482,-6.78032,-3.16013,4.9676,0.0952479,-3.71475,5.0223,-7.9572,3.48146,3.49942,-4.95543,-3.46411,8.75385,2.10143,7.58029,4.10089,8.89964,4.12145,7.64585,-5.10387,7.87161,3.92764,7.37267,-2.90405,-4.25921,-8.77484,4.80389,2.74697,9.89205,0.179285,3.33362,-9.83158,1.61853,1.41692,6.22204,3.58622,4.14523,-4.86176,-9.50626,8.83187,1.70175,6.43089,-7.12087,-2.85779
7.12341,0.99287,-9.19803,7.58656,1.08727,8.30366,-4.88377,2.96634,1.70821,3.94335,4.93267,9.8277,-5.21573,-1.05031,-5.56101,-9.68405,-9.61049,5.73924,1.69856,-2.61603,-7.75085,-3.5186,3.07835,-8.36208,7.43936,-7.25484,0.023886,4.79381,-3.42777,-9.18389,7.06889,8.37915,-6.78032,3.46299,-4.46381,5.0785,9.81648,5.84749,7.71029,-9.55471,2.50908,3.46753,-9.53743,8.91183,-1.19049,0.352218,5.42558,-4.05862,6.09457,7.15007,-8.36153,-9.61086,5.15618,-5.34273,6.2793,5.03573,-4.02683,-7.20305,-6.18848,1.75862,-0.111219,-5.20745,0.242533,-2.04074,3.51905,5.43163,6.68405,1.72836,3.11634,-4.94038,8.54399,5.60847,4.26473,-7.99504,4.63783,-0.443595
4.87473,8.71741,-7.37868,0.0475478,-9.1592,8.49438,5.564,-6.55094,-3.49498,6.15206,9.74911,-6.39205,1.26034,-4.20354,-0.924857,-7.80979,-8.10778,0.474567,2.20453,-2.06459,-5.83374,0.344692,5.00956,6.0293,6.81949,-2.79315,-8.23982,9.96236,-4.20933,7.34007,-3.61413,7.536,-3.16013,-4.46381,0.703912,-8.38967,-3.3334,1.60312,-4.01346,1.99127,-7.38581,-2.39025,6.00218,-1.21337,1.4939,-2.28305,-2.20734,3.05977,9.7601,2.82383,-6.31347,7.27258,-0.761586,1.18896,8.61081,-3.26551,-7.01754,-0.801499,5.43303,-1.4831,-9.25108,7.89147,7.59728,7.91447,8.81305,6.26372,5.57831,-7.49209,3.11451,-2.95415,-7.59693,-9.32266,-7.76703,9.47402,8.59645,2.00759
-1.45597,-1.60869,-5.76861,2.87962,-1.1908,3.62193,4.41948,-8.02326,6.38772,3.18791,7.92738,-5.36426,6.03694,-4.08891,-5.9407,-4.0716,6.87228,9.37316,-0.225621,9.45829,5.07477,7.9936,-5.83336,4.57273,-7.05187,0.885394,-3.5685,-6.7614,-3.4248,-0.0220287,2.1371,-8.30627,4.9676,5.0785,-8.38967,2.84562,-7.36525,6.09954,-8.87597,-3.0394,1.06875,-8.64865,7.4371,2.72927,-7.43808,7.90032,-7.67451,-8.69295,-6.87107,2.2761,-2.49859,3.93006,1.75369,-3.50518,-4.90555,7.44383,0.801013,1.08697,3.26809,3.23794,-4.34401,1.40096,-1.92742,3.95141,3.88936,-9.79628,-7.28678,2.20173,1.26942,-7.80637,-8.65597,-1.92573,-3.33162,-0.935097,-7.18031,6.84094
-7.81799,4.69413,-9.21247,-0.672251,5.03998,-0.162815,-2.33123,2.02614,-0.540723,-3.56974,-9.33804,-2.44313,8.12064,4.90109,5.33895,3.67578,-7.02254,4.24983,-2.56422,-0.770384,-2.0385,0.896521,-3.39946,-4.43882,1.65637,-1.46327,-9.27651,8.93437,1.96934,9.73582,-5.05453,0.978526,0.0952479,9.81648,-3.3334,-7.36525,-7.63805,-5.13498,4.42166,8.86144,2.94826,-9.61809,-0.53038,-6.61741,6.22211,-5.49572,4.89164,7.77705,9.55064,2.32466,3.51967,-8.92285,-9.08483,-5.89091,-1.88597,-2.08091,-3.21375,-8.19191,-3.69648,9.75209,-8.43557,8.87851,-4.85821,-8.46423,4.67608,-0.846513,-4.4642,7.79078,-1.5035,5.45468,-8.06149,-9.77427,5.66866,0.66111,8.36732,9.23437
-7.39421,6.93961,9.53157,3.75799,-2.57783,3.79326,-4.4001,-6.66444,-5.45266,-1.69297,-2.80032,7.26892,-6.73955,8.14534,9.19063,4.43504,-0.665508,-6.36832,7.47335,-1.36931,5.78269,-3.86215,-8.49213,-1.19664,-5.33972,-1.74906,5.38112,7.24651,-2.73644,8.2619,8.19647,-7.50746,-3.71475,5.84749,1.60312,6.09954,-5.13498,0.075737,9.20099,-0.271849,-8.81009,7.74799,-3.10448,-7.38961,-8.28057,-0.141592,2.08969,-6.63963,-3.23702,6.30243,-9.50185,7.42293,8.11279,7.91344,0.27471,5.25025,7.10359,-1.72781,1.46385,9.92493,-8.62828,-6.7353,-5.90658,-8.35433,6.21646,8.55373,-6.2621,-4.79279,6.47324,2.86112,9.04006,0.937261,4.88624,0.588263,0.798299,3.22323
-1.04485,-2.00388,1.12585,1.04914,9.82201,8.16147,1.10311,5.41791,1.542,-3.64207,-7.01906,-8.29819,-5.97697,-1.09087,4.24473,4.74566,-0.487647,8.73137,2.46181,-5.68607,0.40745,2.18397,-8.33262,-8.06779,-9.7874,-2.90702,4.0436,6.43095,4.39001,-5.20139,-4.4094,-6.85087,5.0223,7.71029,-4.01346,-8.87597,4.42166,9.20099,3.9968,-1.3137,5.58029,3.52247,4.33188,3.04787,-5.19036,3.59483,7.98939,4.0763,0.236049,-9.04867,-3.51182,-1.04736,9.96486,-2.35891,-5.70001,2.29568,2.61601,8.34682,-7.20357,4.77841,-6.24599,-1.68261,-8.16778,-5.58911,-6.94789,-6.0583,3.23612,-5.18944,-6.90445,-8.06558,-9.32304,-1.62112,-5.57749,-2.80027,8.33252,-1.41105
-1.8053,-2.83646,1.44368,9.43466,-0.848396,-0.670522,2.04656,-7.7844,8.76237,3.71721,-7.4182,-0.462363,9.51193,0.979527,-1.79887,-2.41058,-0.155144,-2.36774,-6.68022,4.30572,-1.87144,5.80364,-4.28488,-3.92215,2.82722,-8.87796,5.8411,8.62675,-9.41475,-5.05767,-7.41045,8.68442,-7.9572,-9.55471,1.99127,-3.0394,8.86144,-0.271849,-1.3137,-3.54457,-9.6505,-3.46543,-8.74612,9.75811,-4.75498,-4.48581,4.9061,5.43669,-8.24163,0.77947,4.10085,9.88766,-1.0857,-9.36855,-5.05146,9.98726,-1.26188,-9.43694,-0.384158,7.7014,1.38752,6.67491,2.6323,1.08698,1.53002,9.36392,2.90132,-3.38343,-6.69816,-4.97561,2.40036,3.3443,-6.8251,0.0338922,-9.06653,-9.59768
-2.8862,-4.59176,0.312112,-5.79916,-2.42677,5.42766,-8.86835,9.18257,-6.91989,-6.44437,-2.41823,5.26205,5.0368,-4.15043,-0.97676,2.92937,-5.13341,2.02165,9.24038,1.70548,-5.28787,5.35326,5.14075,2.67707,-8.1043,-6.64378,0.22713,3.52369,-9.15513,7.87892,9.16907,7.11756,3.48146,2.50908,-7.38581,1.06875,2.94826,-8.81009,5.58029,-9.6505,1.15672,-6.09106,-2.81573,7.21697,9.24979,8.51998,-5.92177,1.90312,8.07016,8.49928,-5.14871,0.98486,-7.15118,-7.52282,-5.42454,7.33135,8.95836,-8.54621,-7.9511,1.60694,-5.30572,8.15166,2.48784,0.960662,9.5155,2.44325,-9.69251,1.05603,-8.20871,-2.65158,4.08254,-0.625496,-8.10194,-8.23365,-0.309396,-2.86102
-1.96851,6.36796,9.67204,-1.51449,2.02849,4.20181,-2.0565,5.0236,1.66772,-8.10791,-9.31062,3.9124,-0.342857,-9.8875,7.57066,0.135651,-5.511,6.53102,-0.985336,-2.53376,2.8915,9.67483,-3.71596,8.2212,9.20445,-8.82635,5.40749,1.05242,-8.15975,-0.291572,1.48626,6.24895,3.49942,3.46753,-2.39025,-8.64865,-9.61809,7.74799,3.52247,-3.46543,-6.09106,7.64754,6.3087,2.92266,-3.2267,-3.63898,-4.43702,-5.05523,3.84974,2.62812,7.2719,-4.94805,0.690902,5.01145,4.15964,-2.18039,-9.7877,-2.51515,-2.77249,7.83818,0.052794,-2.15574,9.70101,2.26418,-5.21834,9.262,-3.43205,-4.16535,-1.01088,-4.40992,-7.06306,-5.48162,-0.453593,-1.2913,3.7272,0.658873
-4.14691,7.84588,6.14712,-3.51638,3.93597,6.6402,3.84161,7.61033,-8.80086,3.53645,6.91207,0.983472,-9.0704,-6.43961,2.79727,9.09715,-2.32077,-0.75138,5.6955,8.32519,4.0254,-4.15301,-1.09965,1.91928,7.89674,2.44554,-7.10146,8.9268,2.82475,-1.2985,6.95081,-7.10557,-4.95543,-9.53743,6.00218,7.4371,-0.53038,-3.10448,4.33188,-8.74612,-2.81573,6.3087,6.74212,-4.90093,-6.54112,8.026,-3.1399,5.98859,3.28967,-2.60807,-3.25652,-5.13814,9.10705,-2.27136,-1.06687,-6.3441,-4.32819,-6.51192,-0.746619,-2.32157,1.56874,9.22873,-6.05926,4.53564,-5.58391,0.798782,8.35376,-0.149002,3.28671,-4.63728,0.386934,-7.18646,-4.35484,-0.709875,7.74765,2.9543
-6.071,-5.08015,-4.46974,1.33727,-3.51961,6.11658,9.17542,-5.54,-8.85007,7.71097,6.63797,2.70652,-4.82092,9.53443,6.25238,0.332059,-9.07125,4.31829,-0.458961,-3.02729,-0.318213,-4.32968,-4.21721,-0.472418,-8.21242,1.98211,-5.61733,9.51756,-5.86914,4.0566,9.61081,-9.71088,-3.46411,8.91183,-1.21337,2.72927,-6.61741,-7.38961,3.04787,9.75811,7.21697,2.92266,-4.90093,-9.33247,-3.48041,4.65252,-6.57612,6.83623,-9.37001,5.73946,-1.70885,-8.23043,8.62311,-0.880924,7.40178,-6.46682,-1.81228,-1.60184,-5.6339,1.23661,-4.8879,1.60359,1.46171,6.02465,-9.46936,6.27395,4.08607,-1.6137,-2.01487,1.35556,-5.72375,3.90982,6.86239,-8.65394,-2.77575,-5.25768
-0.66104,3.83017,-4.04346,7.92239,-4.48967,-1.70296,1.69092,7.66416,-6.44351,1.50473,2.56294,-9.74434,1.74112,4.18501,-7.71211,-5.3802,-8.9416,9.12678,1.66065,6.91164,-9.80604,3.18714,9.64802,-9.30906,2.2935,-8.15758,4.71211,6.85936,-8.54468,5.30792,-6.4785,5.52015,8.75385,-1.19049,1.4939,-7.43808,6.22211,-8.28057,-5.19036,-4.75498,9.24979,-3.2267,-6.54112,-3.48041,-4.04112,-1.283,-9.50648,6.60664,-7.65303,9.08555,-7.74145,2.95151,7.29826,-2.58008,-9.96489,5.07014,6.7253,-6.39121,-6.02278,-1.1862,6.46939,-7.5328,4.25893,2.83565,-3.20757,-0.992365,2.27581,2.0821,-3.96547,8.6029,9.93342,-6.75573,-9.03159,0.782105,8.29102,3.5026
-8.78767,7.7852,8.15017,-9.4121,-3.51825,-7.16248,1.29456,7.70465,4.39014,9.57761,-0.383652,0.615622,5.84798,-3.89464,9.04879,-1.59976,-2.97853,-9.78362,-6.34415,-5.19852,-7.45011,5.11127,-2.83896,-1.04408,9.24282,-5.68871,-3.51474,8.88106,-6.71421,9.36947,8.97133,8.11716,2.10143,0.352218,-2.28305,7.90032,-5.49572,-0.141592,3.59483,-4.48581,8.51998,-3.63898,8.026,4.65252,-1.283,-8.9362,-4.11103,5.95743,3.58354,9.29506,-4.02228,-9.34472,-5.73566,-8.66882,5.57143,-7.42674,-1.43916,0.155717,-2.786,3.20303,0.60758,1.86946,4.6937,-5.23704,-8.58781,-5.73749,8.04627,-1.08975,1.18412,-6.67437,-4.81648,4.78078,1.56452,1.06612,9.02716,-0.569954
4.43429,-3.19445,9.95523,-0.404402,9.00419,7.97048,5.65194,-7.37192,-1.32253,-4.07157,6.00941,-7.28307,-0.66379,-0.522302,-8.12057,2.22718,-8.84464,3.94926,-3.12685,1.75126,7.7268,4.00014,-0.713394,1.33048,-0.0330559,7.28934,-6.94713,-1.60147,0.327734,-0.674081,4.17767,5.80768,7.58029,5.42558,-2.20734,-7.67451,4.89164,2.08969,7.98939,4.9061,-5.92177,-4.43702,-3.1399,-6.57612,-9.50648,-4.11103,-4.376,3.67897,8.38772,7.81337,-7.05598,-6.81532,2.61568,6.15765,-0.147928,5.69197,-0.276291,-9.61229,-0.536482,8.39694,2.96021,-4.92263,-2.95795,1.25253,-9.30438,-7.97983,4.89712,3.36756,3.22138,-8.26523,-2.60067,7.66812,5.72964,3.88044,7.56711,6.04411
-1.54258,-5.50345,8.83572,9.44142,3.86655,2.41187,6.85417,-7.15542,2.74038,-9.99511,8.117,7.10575,-6.78949,-1.92501,-8.26235,-5.70349,-1.66313,-4.59571,-6.40519,9.89707,-5.37775,-2.72136,9.07409,-5.36705,1.42852,-1.599,1.92986,7.53611,7.16555,5.85654,-9.757,-5.26402,4.10089,-4.05862,3.05977,-8.69295,7.77705,-6.63963,4.0763,5.43669,1.90312,-5.05523,5.98859,6.83623,6.60664,5.95743,3.67897,2.67994,8.45126,5.43647,-5.08641,-6.39429,-5.8519,-2.27962,0.382291,-2.9256,-9.0244,-2.4763,0.213486,-7.04083,-9.89581,-6.62338,-7.29555,3.73816,1.24101,-6.4446,8.15424,-7.78898,7.17148,4.89028,4.49902,-4.24451,-9.91852,8.06529,-8.67278,-9.26718
-2.02891,-6.52023,-2.75516,-8.54518,5.55371,-1.24698,-7.33647,9.21447,-6.52484,6.17861,-6.82355,7.40394,-0.372982,8.95347,-8.46231,7.43339,2.50348,-7.49068,6.92077,0.0962842,-5.74095,2.84148,-8.08937,1.82896,8.84456,5.93769,-9.59791,2.24428,3.73027,-9.84741,-3.80662,-8.00739,8.89964,6.09457,9.7601,-6.87107,9.55064,-3.23702,0.236049,-8.24163,8.07016,3.84974,3.28967,-9.37001,-7.65303,3.58354,8.38772,8.45126,1.184,-0.817956,3.14031,-8.97661,9.10446,7.35784,-7.37445,-9.66474,7.43881,-1.08612,-7.6756,-0.237674,4.09349,6.35654,-3.14073,6.52543,7.84503,-4.91505,2.80663,8.33305,5.92658,3.33303,-6.71492,-0.723767,7.9522,-0.0952536,-3.37345,0.235634
-7.53134,-2.63008,-9.34347,0.406779,1.7601,-3.87537,2.156,4.50298,7.13718,-6.06001,7.90441,5.66925,7.49456,-0.0146133,0.507931,-9.94404,9.07951,3.54165,-0.727922,3.18394,-6.76771,1.2793,-5.50013,-1.18627,-5.09207,1.85819,3.65573,-3.1884,-7.70939,5.67994,-0.843575,-9.87077,4.12145,7.15007,2.82383,2.2761,2.32466,6.30243,-9.04867,0.77947,8.49928,2.62812,-2.60807,5.73946,9.08555,9.29506,7.81337,5.43647,-0.817956,-2.31124,-5.09463,-6.29686,-9.48582,-5.12717,-0.711236,9.11982,6.73042,0.287669,-1.60663,8.75704,-5.18486,-2.57033,-1.34474,-0.601478,-4.23803,-5.04374,-5.99356,9.80548,6.84211,-9.39439,-5.97642,-6.11788,8.02198,-8.90837,1.51831,5.0888
9.48769,-1.78686,6.3132,6.76679,-1.91374,-9.91317,-4.85552,7.31236,3.54206,-7.59867,-0.894196,-7.95539,8.68328,-5.98249,-1.09987,2.69701,-5.53512,-6.00002,-3.67962,7.04526,-1.0175,8.4315,5.11654,5.16171,-0.0654065,7.76107,5.24671,5.21522,6.10348,6.99657,-8.34411,7.50704,7.64585,-8.36153,-6.31347,-2.49859,3.51967,-9.50185,-3.51182,4.10085,-5.14871,7.2719,-3.25652,-1.70885,-7.74145,-4.02228,-7.05598,-5.08641,3.14031,-5.09463,1.17579,-1.90381,-0.350746,4.52036,-7.6677,8.15125,-1.15014,-3.37245,-8.59055,-8.6387,-5.00669,-7.45611,6.5294,2.66493,2.84057,5.18968,-3.98386,1.61814,-5.73467,-2.75772,-3.45034,-2.47698,1.57701,5.62022,-6.16289,-7.5416
3.69896,-0.962129,6.42773,7.59902,-4.53543,1.82556,6.214,8.26995,-5.72624,8.5487,-9.75888,8.13652,-5.3378,-0.438901,1.77962,-4.1139,-0.984746,-3.3904,-9.86441,7.89867,-2.98874,7.46403,3.9845,-2.08863,6.27257,4.00508,7.77942,9.93672,-3.64655,-0.256673,-2.14583,6.31953,-5.10387,-9.61086,7.27258,3.93006,-8.92285,7.42293,-1.04736,9.88766,0.98486,-4.94805,-5.13814,-8.23043,2.95151,-9.34472,-6.81532,-6.39429,-8.97661,-6.29686,-1.90381,-1.82722,-1.21106,-7.05272,-2.93023,7.55699,1.16456,-1.29072,8.17655,-4.58981,-1.39224,-8.46488,8.83093,-8.12284,-8.4297,1.52656,-3.97907,-7.68073,3.44204,2.48154,-4.44321,1.23295,-2.42571,2.96865,2.22257,8.15605
7.91329,-7.53717,9.0102,9.13915,6.50649,0.0284734,1.22996,2.1777,2.44574,-4.22551,0.219024,-0.190903,-4.8233,5.13648,-9.65552,3.77472,-6.72453,-9.54951,6.26277,6.7687,-1.21252,2.67662,-5.03666,8.95454,-6.34241,8.43398,2.12977,9.62107,-1.84148,4.41139,-0.714072,6.15491,7.87161,5.15618,-0.761586,1.75369,-9.08483,8.11279,9.96486,-1.0857,-7.15118,0.690902,9.10705,8.62311,7.29826,-5.73566,2.61568,-5.8519,9.10446,-9.48582,-0.350746,-1.21106,8.79945,4.11579,-8.02171,-0.525619,-4.44374,-4.08413,7.30245,2.90483,-2.94529,-4.9825,4.70607,-4.31246,4.07053,-3.28824,-1.12168,-8.11539,-4.48594,-3.13095,1.55198,1.02518,9.51719,-6.68583,6.50973,-9.12316
0.732041,2.97195,-5.78511,8.60713,-6.80829,1.73496,4.22723,8.17449,-4.64738,7.69809,8.57337,4.34284,0.333727,7.40604,-2.31184,-2.38213,-7.17256,8.51243,3.82885,6.74202,-0.908218,0.821733,-8.57971,3.98349,-3.27251,7.32217,8.0318,9.65357,-0.906971,-3.56671,2.01355,2.91789,3.92764,-5.34273,1.18896,-3.50518,-5.89091,7.91344,-2.35891,-9.36855,-7.52282,5.01145,-2.27136,-0.880924,-2.58008,-8.66882,6.15765,-2.27962,7.35784,-5.12717,4.52036,-7.05272,4.11579,-3.07106,-2.22846,-3.89729,9.99728,-4.18814,-3.30737,8.67954,0.211812,0.42311,6.20087,2.47449,8.82912,-3.91738,-7.58665,-1.29281,-8.52078,6.29251,0.386906,-0.466356,-1.06207,-0.316779,-3.76708,4.48911
1.34898,2.35421,-6.29299,-0.978307,0.355202,-9.19596,-0.618822,-5.38601,-7.98853,4.06741,3.89628,-9.14577,-5.1431,-3.55994,9.49755,-2.53343,-9.93643,-4.86919,-7.9143,-6.73231,-2.15864,8.35753,5.88792,1.846,-5.35151,-8.75435,5.64636,-4.21201,-0.0428952,2.09938,-7.67356,1.56712,7.37267,6.2793,8.61081,-4.90555,-1.88597,0.27471,-5.70001,-5.05146,-5.42454,4.15964,-1.06687,7.40178,-9.96489,5.57143,-0.147928,0.382291,-7.37445,-0.711236,-7.6677,-2.93023,-8.02171,-2.22846,5.8036,-2.66251,0.182645,0.540993,-5.5003,-2.44296,-7.83846,-9.73614,-1.74246,-9.73767,-6.79902,-1.19702,-8.89838,2.40451,-7.93156,-4.14535,6.69708,-8.11959,9.17412,0.118723,6.87263,-3.49793
4.01332,-7.92136,2.93493,0.675065,1.52084,3.72237,4.35864,-1.46061,-0.329996,-6.08479,-7.26958,8.18389,-3.32182,2.92912,3.90504,2.55898,1.83964,3.16498,-8.51522,5.9117,-9.93816,5.76784,3.38275,2.39578,-6.47507,-4.52043,8.0986,-8.95347,-0.74693,8.15117,5.23696,9.47177,-2.90405,5.03573,-3.26551,7.44383,-2.08091,5.25025,2.29568,9.98726,7.33135,-2.18039,-6.3441,-6.46682,5.07014,-7.42674,5.69197,-2.9256,-9.66474,9.11982,8.15125,7.55699,-0.525619,-3.89729,-2.66251,-4.62459,-4.37659,8.57677,-8.67376,8.21336,-5.68658,-6.47109,-6.64521,-7.13396,-7.17624,4.44923,-9.09984,-2.59174,2.94565,4.43853,-8.83244,6.79778,2.00231,-2.49674,-1.85052,-6.70883
-5.95469,5.18485,-1.88255,4.68315,0.164124,-4.24783,-9.09723,-4.33178,-2.89473,8.38281,5.30619,0.394841,-7.84585,9.66625,-1.16151,-2.49064,0.680325,-6.13141,3.63981,9.85812,2.05861,1.71474,3.98448,-2.92015,-1.61627,8.48123,3.33936,1.32552,-6.80496,8.63527,-5.26732,1.61563,-4.25921,-4.02683,-7.01754,0.801013,-3.21375,7.10359,2.61601,-1.26188,8.95836,-9.7877,-4.32819,-1.81228,6.7253,-1.43916,-0.276291,-9.0244,7.43881,6.73042,-1.15014,1.16456,-4.44374,9.99728,0.182645,-4.37659,4.68469,-7.19024,1.18034,-2.41887,-5.62662,-8.64413,5.14413,-1.11343,-6.56485,8.73597,9.67366,3.138,-9.7654,-2.62694,7.7324,-4.89006,-6.24281,-8.41621,4.52015,0.0504653
2.96506,-7.61789,2.85033,2.89697,5.28327,-0.737052,1.08111,2.56148,3.22765,7.70676,-0.402082,-9.52778,8.326,3.26234,8.61176,9.27114,-5.26242,-7.62459,-7.45132,7.88296,3.87541,-4.46289,-5.00595,6.17467,-5.77739,3.59405,-6.39975,5.18076,-0.101824,-1.17903,4.07021,-0.35786,-8.77484,-7.20305,-0.801499,1.08697,-8.19191,-1.72781,8.34682,-9.43694,-8.54621,-2.51515,-6.51192,-1.60184,-6.39121,0.155717,-9.61229,-2.4763,-1.08612,0.287669,-3.37245,-1.29072,-4.08413,-4.18814,0.540993,8.57677,-7.19024,7.72804,-2.71603,-2.78407,-5.32659,7.59432,3.99036,2.17956,1.70511,9.4647,8.42265,4.06352,-3.92995,0.223937,-2.10792,1.28094,-3.0577,-9.04329,3.86286,-8.05226
8.24071,-1.59721,1.61716,-7.62823,-4.32212,5.15984,1.17923,-5.68795,4.43607,1.41436,-5.55465,-7.17411,-0.819988,9.46688,4.1304,-9.7343,8.66165,8.58038,9.97858,9.72304,-8.49329,0.267937,6.90093,-9.94742,3.28226,-3.76335,3.99397,8.31493,-3.01473,-9.54485,-4.42621,-8.87446,4.80389,-6.18848,5.43303,3.26809,-3.69648,1.46385,-7.20357,-0.384158,-7.9511,-2.77249,-0.746619,-5.6339,-6.02278,-2.786,-0.536482,0.213486,-7.6756,-1.60663,-8.59055,8.17655,7.30245,-3.30737,-5.5003,-8.67376,1.18034,-2.71603,8.40557,-6.83116,-3.7079,-8.57492,-7.24529,1.52594,-5.07798,-0.187974,8.42416,-9.90708,8.60979,-8.24485,-9.90302,-5.66039,-3.10393,-9.0768,-6.77355,-6.50283
1.65394,3.6906,-6.58512,-2.95964,-6.13003,7.64562,3.374,-3.98674,-1.59578,4.25723,0.399895,3.31708,-7.5466,-3.1939,2.69266,0.0914241,-9.38846,-9.02824,-1.48549,-9.31936,-9.50578,5.02959,-9.3423,9.35719,-4.61474,-4.26214,5.6551,-9.27434,7.30373,-7.50041,2.63321,3.56388,2.74697,1.75862,-1.4831,3.23794,9.75209,9.92493,4.77841,7.7014,1.60694,7.83818,-2.32157,1.23661,-1.1862,3.20303,8.39694,-7.04083,-0.237674,8.75704,-8.6387,-4.58981,2.90483,8.67954,-2.44296,8.21336,-2.41887,-2.78407,-6.83116,-2.8839,-0.817778,1.54222,-9.09137,1.76868,7.60396,0.311412,2.79317,-8.50979,-2.38912,-2.17337,9.17174,-7.99177,-0.523616,9.48965,-8.10185,7.55369
-8.51462,-8.74359,-3.36077,-5.50074,-8.25659,2.23609,-6.58691,3.69483,0.462771,4.78539,-1.30569,9.38136,-4.01627,-9.05118,4.13574,8.98415,-3.80024,3.84013,-1.42363,-5.36842,-1.70289,8.07943,-7.43248,6.34767,5.19658,-9.14906,-9.89221,-4.53337,9.34549,-7.88006,0.374837,4.82637,9.89205,-0.111219,-9.25108,-4.34401,-8.43557,-8.62828,-6.24599,1.38752,-5.30572,0.052794,1.56874,-4.8879,6.46939,0.60758,2.96021,-9.89581,4.09349,-5.18486,-5.00669,-1.39224,-2.94529,0.211812,-7.83846,-5.68658,-5.62662,-5.32659,-3.7079,-0.817778,1.25536,-2.04425,-5.89823,-6.68188,5.67128,-6.67189,-7.83357,3.53245,1.39432,4.97561,7.046,4.46487,-5.76935,-4.17257,-5.75716,6.09188
4.3301,1.21608,-4.73306,1.56623,-5.17511,-9.59283,-1.93568,-0.787236,-9.23482,-1.12906,6.64479,-4.68383,-8.09201,9.57443,2.66953,3.94925,-4.45378,-5.8979,6.13619,-0.992989,-3.34852,-0.879063,5.95701,9.24771,-6.08542,9.48062,-7.93068,-3.50375,6.2375,8.16132,-3.15356,8.16232,0.179285,-5.20745,7.89147,1.40096,8.87851,-6.7353,-1.68261,6.67491,8.15166,-2.15574,9.22873,1.60359,-7.5328,1.86946,-4.92263,-6.62338,6.35654,-2.57033,-7.45611,-8.46488,-4.9825,0.42311,-9.73614,-6.47109,-8.64413,7.59432,-8.57492,1.54222,-2.04425,-2.34007,3.05577,0.66632,-2.94197,-2.37046,8.19581,1.96809,-6.18268,-6.92056,4.05642,2.3034,-1.66558,-2.15243,5.05856,9.30605
