-4.11969,-3.49748,-7.59127,-7.80938,-8.04885,-1.38246,2.67804,-2.37353,-5.2544,-7.96779,-3.04559,2.09796,-8.96104,-5.46696,-5.30188,5.16956,-0.638036,-5.90234,-3.24637,-9.68914,9.64395,5.89141,-8.74758,1.3978,-4.45858,4.90368,2.7867,-7.55527,7.39398,-0.245202,-8.53104,2.96276,2.86801,-7.95312,2.57089,0.229191,-2.92917,3.03139,3.52687,5.87435,6.48506,-4.68046,3.13741,-6.12615,2.89768,6.64152,1.83542,8.66789,3.08636,5.1177,-6.76921,6.55757,-4.10649,4.26651,6.46059,8.65257,2.73316,-4.00888,5.53298,-7.74844,8.07871,9.63605,6.31662,-9.92373,-2.52259,-9.25545,-9.19907,4.13947,-1.9982,4.45743,-0.492699,-7.78246,-9.25576,-0.648684,2.06248,-4.21534,0.277899
-3.49748,-0.494694,-1.60988,7.09413,9.54053,-2.97173,-1.55895,5.13148,-5.31691,-3.61472,8.44292,0.142407,1.22399,1.46415,-1.55478,-4.54451,3.50556,3.65267,-8.30712,4.56791,9.47548,2.23478,3.82681,9.1471,2.01728,-8.92043,-7.77548,1.69575,4.57704,-9.18287,-8.71376,-0.341597,-5.02342,0.451457,5.24309,-7.98661,-2.07898,6.15386,-3.71683,-4.23448,7.5662,2.06698,-1.01227,-4.59869,3.91513,-5.16022,-3.98768,1.86178,8.61592,0.939592,-4.26651,-7.33602,-4.76786,6.07222,9.40598,-9.71912,0.342718,7.95118,-9.21851,2.66797,3.83696,3.50138,8.56325,-8.12563,-4.97277,-8.67599,0.0148075,4.82253,8.42808,-5.00529,-7.80206,0.408961,2.76056,-2.78883,-5.42757,-1.31696,7.27364
-7.59127,-1.60988,-0.878034,9.20832,-4.39391,9.42093,4.24047,-1.97031,-3.97095,-5.40742,-9.42756,-8.91016,1.41218,-9.82281,9.8192,1.81188,-0.288266,-9.96549,-3.51411,3.32012,-9.97281,1.20272,-1.65688,-7.37629,-5.95143,9.43037,3.04385,7.05259,9.77833,-4.98533,-6.93483,-5.03262,1.67271,-6.1837,-9.69751,-6.11453,0.236929,4.43059,-6.93773,7.26747,4.67414,-8.79069,-1.93623,6.98434,2.16145,0.0722634,-5.9666,-8.80728,-4.66498,-4.49264,-7.88085,6.09154,-9.13894,7.84839,7.02283,8.98511,5.15189,-3.20051,4.16989,-2.82706,-8.16394,7.18954,2.39278,1.71534,-7.30574,-4.36751,8.8501,6.89891,-0.0304201,9.4482,6.44618,-3.03659,-2.30269,-9.08284,2.76924,-4.27241,8.63111
-7.80938,7.09413,9.20832,-2.20501,5.61248,5.25017,2.68823,-6.57893,-9.81804,-0.0704247,-0.912353,-3.82281,-9.80384,0.881839,6.94537,-6.99668,4.21919,-1.69254,6.96275,-7.22697,-3.76927,-3.44196,-0.0458091,-9.90986,6.88387,9.60563,-7.98685,1.13663,9.67372,5.96715,-5.88837,-6.07516,-5.32847,1.29174,-1.00788,-3.73474,5.2928,-4.78373,3.88605,5.3521,7.46522,-4.14491,1.65146,3.81429,4.80993,-0.863735,1.5321,0.359205,4.0716,-5.81994,-0.400047,0.615468,2.63172,-5.58695,-6.83526,-5.35534,3.39519,1.21485,1.7133,-2.65034,7.00651,-3.12222,-5.85054,3.33671,-4.0209,-8.45346,8.86823,2.07967,0.390495,-1.85386,3.46263,1.68133,-1.72002,-2.7753,5.57762,7.22737,-2.95989
-8.04885,9.54053,-4.39391,5.61248,-1.54938,3.83647,3.22883,7.51586,-7.41752,4.775,5.92014,-5.22321,7.90091,6.63241,1.4204,-7.10608,7.05575,3.99045,1.46292,8.72011,1.33325,9.45167,-2.37032,2.13193,-2.15479,-3.45565,-7.96995,2.49172,-1.06172,9.18353,-4.41823,8.56048,-6.65475,7.27929,7.41039,1.53905,-1.09389,-7.14115,-2.42756,-6.63742,-8.73934,8.74045,-3.40526,-2.15382,-6.74819,9.93707,0.45189,9.51193,9.792,8.28334,-0.166684,5.42986,-8.94225,-5.48606,-6.57805,0.401671,-6.64369,-3.11754,-8.40546,-7.14246,6.74829,6.52542,0.711175,7.19223,9.88839,8.62248,-9.76158,-4.94122,-6.86353,0.0442496,-0.676798,-3.795,7.26083,8.3308,3.88793,-2.47507,-5.42081
-1.38246,-2.97173,9.42093,5.25017,3.83647,3.02065,2.81534,-6.95393,7.68837,7.44825,-1.60226,1.30806,-3.98477,-1.54253,1.18346,2.16177,0.923785,-7.71477,1.01121,-2.38121,-8.0717,7.64104,-1.72319,-9.46618,1.72732,-2.88173,-3.19208,5.98507,4.23301,-5.97263,2.52051,-4.82993,-5.5354,0.438966,8.5299,7.40268,6.5285,-7.30094,-1.31701,-2.2004,-3.02173,3.33132,-6.67951,-0.157331,3.12656,1.91777,8.43839,4.3802,1.88235,2.84566,8.7492,9.68334,6.17604,4.005,-3.49729,-1.85101,-1.55394,-4.64214,-8.53044,-9.01425,1.49659,3.12415,-2.124,7.6095,-8.90151,-2.59926,3.92426,3.77002,-5.1955,5.28899,4.51262,-1.779,-1.24987,0.200883,-3.9848,-9.40492,-7.70789
2.67804,-1.55895,4.24047,2.68823,3.22883,2.81534,9.41038,-0.484329,-8.31766,2.87855,7.41196,4.01557,-7.11622,-7.49466,9.22547,6.09662,1.31254,6.57334,-6.54995,7.6856,7.49413,-9.15045,9.59318,8.80926,-7.25493,5.55975,4.44699,1.26162,-8.99508,3.15214,-2.44199,8.65723,3.71454,7.64487,1.80574,-8.26797,1.45467,-9.72094,5.07177,7.55297,6.33742,-2.35991,-6.63634,-1.502,8.02843,-8.51122,9.05773,6.9072,-8.48522,-1.53427,-4.45807,-0.607411,-8.05239,7.6961,-3.08245,4.80544,-5.90728,-2.06741,5.23685,8.69657,6.82191,-1.12456,-9.97052,4.679,3.90873,-1.85865,-4.6271,2.51563,-3.79709,5.01132,3.14904,0.653311,7.31008,-0.838463,-1.80773,7.40631,-8.64155
-2.37353,5.13148,-1.97031,-6.57893,7.51586,-6.95393,-0.484329,-9.49327,-1.01881,-7.0366,-8.66984,0.829802,-2.64987,-1.27115,7.43553,-7.9374,-2.69786,-0.191055,-1.84528,5.68497,-6.06644,-8.28733,-8.50589,-3.35438,7.65349,-3.00581,-6.79325,-1.56527,0.291536,5.54722,6.03899,1.80617,8.78267,5.58139,2.03605,7.64877,-2.87669,2.3435,-4.32215,-1.29609,-6.08353,-6.91966,5.62007,3.90264,-4.31743,-9.23245,0.0653263,-2.0591,5.50834,2.09465,-2.5379,-8.00689,3.2386,7.65341,-4.14067,-8.94841,-9.2836,-0.649235,-9.75467,-9.392,-4.6355,3.9918,3.44601,-2.45624,-8.362,-3.38885,-4.06907,9.25021,-2.88548,-6.58218,-3.35937,-2.36519,6.47226,9.64108,-5.26044,5.65413,-2.53731
-5.2544,-5.31691,-3.97095,-9.81804,-7.41752,7.68837,-8.31766,-1.01881,6.22749,-7.26729,3.9164,2.09681,9.14881,-3.58959,9.26601,-7.32754,3.12402,-1.92829,-9.80968,4.15135,-5.38316,9.57699,4.03574,9.5328,-2.65504,-4.88031,7.19279,8.33943,-3.76269,6.29795,7.30649,-4.55816,-1.46911,9.75797,-3.44545,8.80637,-2.2627,4.59247,-1.28952,8.97026,7.57246,0.923182,-1.68045,0.589116,-3.06955,-0.642029,0.0517296,3.07694,-1.48003,-5.72158,-5.48291,3.04063,-5.55255,2.84134,7.64811,-7.50771,-5.18032,9.38735,3.90448,5.80795,-5.97681,-5.7625,-5.16177,5.3363,-5.5982,1.79146,-9.93713,-5.66194,-4.25479,3.93828,8.89847,-4.29673,-0.905466,-9.09336,7.06548,3.77447,6.38069
-7.96779,-3.61472,-5.40742,-0.0704247,4.775,7.44825,2.87855,-7.0366,-7.26729,0.437576,-7.20112,0.892339,7.55686,4.89862,0.835923,3.30323,-3.66916,-8.65689,9.71238,-3.542,7.50194,2.5004,-2.0658,-2.76952,4.0006,-2.90629,8.58003,-9.15791,-7.7894,-9.71686,-6.08687,4.79965,5.78713,4.29663,4.13036,0.787269,1.89674,-2.76574,4.24652,-6.60218,-5.84234,-0.110007,9.21018,6.21403,-3.83558,2.49275,-2.6657,2.50187,-7.3871,-4.83327,-6.34503,8.33532,3.08052,-0.599462,-5.26872,1.25564,-7.20192,-3.61838,-4.56896,6.63785,-5.94784,9.83644,-8.35361,8.12161,0.130758,-8.79673,2.38371,-1.49567,0.535924,-4.52761,6.5206,-9.99422,-7.12012,0.281792,8.88124,4.27471,-1.20808
-3.04559,8.44292,-9.42756,-0.912353,5.92014,-1.60226,7.41196,-8.66984,3.9164,-7.20112,-5.92473,-6.04145,3.23315,5.96768,-8.47931,-6.66696,8.90851,-5.56753,4.15515,1.00458,0.400556,7.28627,3.56147,-2.84097,0.843411,2.98911,-3.56698,-8.27953,2.14826,4.70824,4.59201,-9.10149,-5.29095,-5.43148,6.41064,2.08168,-1.96142,0.68579,-8.63815,-5.32616,5.00575,-7.60144,0.959229,7.37132,-3.26555,-1.12939,-7.30064,3.68214,3.73089,7.12216,6.85615,-2.8148,-6.93755,-5.19759,-3.47,9.96746,-1.82919,-5.80088,6.81535,-5.2449,-3.47296,-8.36499,6.72987,8.94759,-9.36165,-4.92512,7.31957,-1.61532,4.81487,-0.804887,-2.47751,-4.61509,8.83359,-2.29096,9.55151,-9.63317,-8.50729
2.09796,0.142407,-8.91016,-3.82281,-5.22321,1.30806,4.01557,0.829802,2.09681,0.892339,-6.04145,-4.76228,5.07565,-5.8223,-3.59595,0.658011,-4.38923,-2.47416,3.53418,-1.55089,9.60477,-0.933964,-5.8324,7.36136,-9.97094,9.53619,-8.41122,-8.76149,-1.17795,5.44514,2.97308,4.81039,-3.84254,-9.57996,1.26192,0.101361,6.05133,2.85583,8.75578,8.18739,5.53378,-9.61381,7.47517,-5.06568,-1.30208,-8.70051,-3.99213,7.84442,2.2182,0.783502,9.88532,2.43651,-4.80996,-8.2108,0.247549,-0.889973,8.04589,4.58238,1.25469,-6.83947,-6.20965,2.20532,-9.15599,-9.6302,-4.29694,0.874027,-9.69266,2.2967,-1.03396,5.58187,1.66951,7.63794,-1.85027,-9.97456,-7.83335,-4.29824,-6.04664
-8.96104,1.22399,1.41218,-9.80384,7.90091,-3.98477,-7.11622,-2.64987,9.14881,7.55686,3.23315,5.07565,-9.33458,-4.24767,-9.29535,7.06015,3.16566,-6.44383,-5.60904,3.51473,-5.51784,3.64095,-8.84681,8.37952,5.94149,-5.96618,-9.90958,-3.14571,3.11811,-6.84449,-3.44805,1.70348,-9.04592,0.222669,-6.4352,4.50173,4.94894,-8.22127,-1.8554,5.23264,-6.23961,-9.13579,-2.46621,-6.34783,-6.59941,5.30899,9.40312,6.74589,-1.82951,6.38675,-7.40338,7.20997,3.59151,7.23665,5.45074,-2.00628,-8.30069,-9.77521,5.02028,5.29877,-8.20767,-3.54454,-5.13575,-8.86671,-9.88719,7.37106,7.10679,-8.09267,-4.76016,-4.51564,8.46354,-3.66462,7.589,-3.33387,-8.10024,8.0343,-3.85095
-5.46696,1.46415,-9.82281,0.881839,6.63241,-1.54253,-7.49466,-1.27115,-3.58959,4.89862,5.96768,-5.8223,-4.24767,-6.04581,6.07391,-9.44222,2.03506,3.4203,0.752857,4.57803,2.25319,6.7471,-1.59859,-6.77664,2.42299,3.02724,6.90969,3.35015,9.21243,8.61903,-6.26216,9.10867,-9.28612,0.58006,0.167535,-3.10651,1.19511,-5.8209,-7.17966,-8.5556,-0.351796,7.20256,8.31307,-7.61318,-0.0279346,-5.66672,9.71934,3.18281,9.8964,-5.52373,9.35378,3.91714,3.17686,0.645099,3.48128,2.12529,6.4268,8.192,-5.04064,-4.3213,-4.02042,8.96897,-1.78595,-0.583805,-4.88838,-0.695034,-7.45658,2.93113,0.394896,-7.65224,7.55457,8.79986,-2.53676,6.76803,-5.18425,-7.35543,3.86951
-5.30188,-1.55478,9.8192,6.94537,1.4204,1.18346,9.22547,7.43553,9.26601,0.835923,-8.47931,-3.59595,-9.29535,6.07391,8.54351,3.87773,4.0167,-0.232578,-8.43498,-8.28683,-6.16783,8.19202,3.45859,-3.35726,9.45703,-1.84333,5.85468,-8.69638,7.17786,-5.58705,6.85123,5.91369,-4.67659,5.33317,-4.21568,9.39956,3.91017,-1.77615,-3.8428,-2.86777,3.35854,-0.741317,-7.73103,-1.24098,-5.98792,-1.42103,3.84235,-3.70357,0.517729,-6.34975,-2.88352,7.00573,-2.90517,-0.441922,-4.14078,9.29831,-5.51876,4.38044,6.61076,-3.06684,1.74086,4.67575,-3.09435,3.67422,-5.21778,-0.137699,-3.46894,3.42183,-2.55907,8.71579,-2.63356,9.07969,-2.17685,1.33975,4.82673,-9.82367,-4.19321
5.16956,-4.54451,1.81188,-6.99668,-7.10608,2.16177,6.09662,-7.9374,-7.32754,3.30323,-6.66696,0.658011,7.06015,-9.44222,3.87773,-0.154655,3.68621,-6.36145,6.29228,5.32353,-7.02167,-1.61604,1.66767,2.43469,-7.07007,-8.84619,6.58804,7.98854,-4.05432,-5.24602,-3.71796,8.00197,-5.88697,-3.77362,0.550845,8.92843,-9.8418,-4.72469,6.27678,3.60978,-1.28078,1.79349,-5.50852,0.205827,-1.76811,-0.527983,2.68266,4.05963,9.51324,5.62029,-3.7245,-9.03434,8.91812,-2.87908,5.05696,-6.41735,5.7312,-3.66805,2.31659,3.94195,9.96091,-3.14945,-7.5694,3.93882,-6.54627,-0.752173,8.15269,-0.581915,-8.19319,6.51656,2.88681,5.70227,1.33235,7.20968,5.24435,-3.39958,-6.30795
-0.638036,3.50556,-0.288266,4.21919,7.05575,0.923785,1.31254,-2.69786,3.12402,-3.66916,8.90851,-4.38923,3.16566,2.03506,4.0167,3.68621,-5.98914,-5.77153,-1.58037,-2.1996,4.5964,-8.49153,-8.00573,4.74736,4.03356,-8.16658,-9.38157,-0.0496065,-8.16434,-6.88901,-0.0366751,9.5452,2.22393,-8.76926,6.03387,7.18236,8.10118,4.31205,-0.882846,4.01869,-6.68702,-3.94918,-6.50103,5.09259,8.81349,6.35324,-1.52746,-5.32159,1.87205,1.20018,-6.61983,-9.66814,-5.84325,-2.36097,3.51656,5.41658,7.41296,0.368677,-2.1546,-6.19475,-9.78346,8.53084,7.7257,-4.79505,2.1953,-1.93178,7.96752,7.0787,5.20054,-1.25431,4.66913,-1.65185,-1.45294,1.43757,1.18107,0.875593,-4.81991
-5.90234,3.65267,-9.96549,-1.69254,3.99045,-7.71477,6.57334,-0.191055,-1.92829,-8.65689,-5.56753,-2.47416,-6.44383,3.4203,-0.232578,-6.36145,-5.77153,5.89603,1.47882,-4.39382,8.08282,-0.591134,3.78254,-3.11472,2.24786,1.82683,1.08849,3.94049,-1.42899,-5.12226,9.97778,5.57055,-0.78096,5.58237,2.82776,-4.27964,-5.96589,0.815925,4.27173,6.03949,-3.47586,9.66473,2.66106,6.67661,-1.25611,2.00353,-2.23727,7.54451,-2.87115,-0.910829,0.48448,-4.03675,-7.16304,3.53994,-6.6441,-9.79573,9.43267,-4.02283,3.80927,1.64762,-6.28289,-9.80107,-9.59203,4.78605,-6.02686,8.91678,-7.26443,3.06576,9.38314,3.01214,-2.57782,-8.59045,0.834492,1.83874,-6.29041,-1.34253,-8.81876
-3.24637,-8.30712,-3.51411,6.96275,1.46292,1.01121,-6.54995,-1.84528,-9.80968,9.71238,4.15515,3.53418,-5.60904,0.752857,-8.43498,6.29228,-1.58037,1.47882,0.954304,4.46635,-8.15656,7.59574,-3.13642,-3.4442,-1.29384,9.24803,1.86116,-0.140442,5.49034,-6.85257,-5.34376,7.55166,-4.37916,-1.60848,-9.35644,-1.87221,9.50973,-5.85047,-2.7703,-3.12489,3.83389,-5.13418,2.92772,7.48079,0.154692,3.78576,-4.49461,3.88385,-6.12088,-3.61482,0.0270246,-1.08524,-8.55281,7.30203,-2.0642,-9.71606,5.9892,-2.08425,-2.30477,-6.11641,1.77371,-3.79048,1.44463,6.17926,1.57713,-5.64962,3.7859,-5.4068,5.57296,-2.19602,1.43425,-1.17344,5.42893,6.49313,3.59511,-9.64488,-5.44698
-9.68914,4.56791,3.32012,-7.22697,8.72011,-2.38121,7.6856,5.68497,4.15135,-3.542,1.00458,-1.55089,3.51473,4.57803,-8.28683,5.32353,-2.1996,-4.39382,4.46635,9.50266,2.48511,-4.41018,2.58619,4.63813,9.18554,4.66631,0.597736,-1.33442,-1.32741,-9.49467,-6.77427,-9.20436,-1.87095,-7.00905,9.86202,3.34987,2.38104,3.7362,-0.537252,-9.85848,4.13012,-9.88089,-9.22542,-4.01197,-6.82666,-7.71375,6.60011,0.551906,-8.38557,-6.56806,7.70484,2.65489,-8.6824,4.88122,-6.75167,-4.55937,-6.5784,1.20111,0.244115,3.08882,-1.04149,-4.99061,-9.14029,6.37911,8.67302,-6.31878,-2.93853,5.30101,-3.5981,-5.35868,-3.84552,-7.48666,-7.0182,-0.0517808,-9.91338,-3.13336,0.155521
9.64395,9.47548,-9.97281,-3.76927,1.33325,-8.0717,7.49413,-6.06644,-5.38316,7.50194,0.400556,9.60477,-5.51784,2.25319,-6.16783,-7.02167,4.5964,8.08282,-8.15656,2.48511,3.21726,-2.43219,7.59464,-6.26979,0.283476,-1.29398,-3.87753,0.402718,-1.51955,4.75091,-2.36167,-9.15859,1.31539,1.72224,7.2243,9.63162,6.4167,-0.166143,2.96007,-2.41935,-7.50006,7.91276,-5.69149,-4.78785,-0.6793,-3.79791,8.63831,2.33012,0.909114,4.04128,9.78641,-4.79072,-6.29798,-2.01179,6.44067,3.74043,0.502382,0.953646,8.25939,0.417241,1.15445,-7.20668,8.02854,6.2292,-5.85969,5.31489,-2.72717,-0.319362,-4.49039,1.06331,-0.195944,-8.0427,5.20884,1.41198,8.9543,5.83255,-5.82726
5.89141,2.23478,1.20272,-3.44196,9.45167,7.64104,-9.15045,-8.28733,9.57699,2.5004,7.28627,-0.933964,3.64095,6.7471,8.19202,-1.61604,-8.49153,-0.591134,7.59574,-4.41018,-2.43219,6.54647,5.71574,-4.63367,9.24144,3.56551,2.81366,-5.45081,-7.35001,-7.41744,-7.61655,4.61442,3.1506,-5.499,0.286946,4.03021,-3.47323,6.87421,-1.21116,2.69108,-3.27979,-6.83181,-0.756587,9.36968,-2.30525,-8.33641,3.46285,-6.52128,-6.94426,-8.65988,2.37305,-4.23945,-2.60281,-8.18044,-6.30458,3.35443,7.10635,-6.36239,-6.54518,8.60624,-7.03319,-3.29838,0.415653,3.94825,8.88602,4.46588,-3.94786,2.73929,-9.69734,-5.66537,-8.69761,2.82276,-5.64076,7.07371,-9.907,5.65283,0.938535
-8.74758,3.82681,-1.65688,-0.0458091,-2.37032,-1.72319,9.59318,-8.50589,4.03574,-2.0658,3.56147,-5.8324,-8.84681,-1.59859,3.45859,1.66767,-8.00573,3.78254,-3.13642,2.58619,7.59464,5.71574,-8.10584,-2.92286,-3.70909,-4.52999,-8.59589,9.96371,-4.90226,-6.4198,0.677873,2.40296,-0.596681,-6.51025,0.108958,-6.88489,6.37255,-8.90832,-3.24452,9.75501,-6.15607,6.48038,7.33792,-8.23348,-5.31536,8.93808,1.0935,3.76417,-4.32977,-3.85722,8.69147,0.186237,-4.14617,-0.302614,-2.32011,2.61711,-2.96609,-5.32534,3.70175,7.80988,3.29198,0.851255,5.35001,9.34658,5.60115,1.78219,8.77713,6.43155,1.53757,-4.02126,-2.74326,-1.77088,-6.7326,4.53579,7.47,4.75976,6.5427
1.3978,9.1471,-7.37629,-9.90986,2.13193,-9.46618,8.80926,-3.35438,9.5328,-2.76952,-2.84097,7.36136,8.37952,-6.77664,-3.35726,2.43469,4.74736,-3.11472,-3.4442,4.63813,-6.26979,-4.63367,-2.92286,1.75597,-8.79393,-0.903271,8.95277,6.01591,-0.702452,-7.49858,-9.32801,-6.6936,-4.952,-2.98644,-3.13655,-2.84871,-5.12864,-0.337097,3.06724,-2.64683,1.85157,-6.15856,6.38676,5.58645,7.77292,6.97317,5.63862,8.24545,9.54451,-3.53934,0.367502,1.16732,-6.95511,4.05606,-0.192863,9.26026,2.4851,-5.70022,-2.57045,3.42734,7.2667,0.643477,-0.315365,-5.91484,9.19154,-3.1937,7.47672,-8.27106,2.93514,-6.58471,-8.28013,2.97494,-7.40346,-2.40556,9.88565,9.87145,-8.64262
-4.45858,2.01728,-5.95143,6.88387,-2.15479,1.72732,-7.25493,7.65349,-2.65504,4.0006,0.843411,-9.97094,5.94149,2.42299,9.45703,-7.07007,4.03356,2.24786,-1.29384,9.18554,0.283476,9.24144,-3.70909,-8.79393,-7.51408,-4.89372,4.82864,-6.42349,2.7343,3.16272,6.22781,-8.53213,7.71251,-9.50287,3.96723,7.58315,8.1479,7.7278,-2.70047,-3.77576,-2.88904,-5.56443,-5.12644,-6.40432,-3.70234,5.93415,-0.249975,-7.30827,-3.46797,-9.44222,7.2601,5.70373,-7.22448,4.54599,-5.69542,-3.84328,0.978044,-4.84437,9.32249,5.60604,-6.84486,0.597153,1.66295,5.28737,-9.8301,-4.00094,1.70212,9.59838,-8.57229,5.36433,4.70857,4.32656,-8.19708,8.93827,5.27411,1.9201,-1.43438
4.90368,-8.92043,9.43037,9.60563,-3.45565,-2.88173,5.55975,-3.00581,-4.88031,-2.90629,2.98911,9.53619,-5.96618,3.02724,-1.84333,-8.84619,-8.16658,1.82683,9.24803,4.66631,-1.29398,3.56551,-4.52999,-0.903271,-4.89372,-5.32914,-4.73283,-2.90387,0.977673,-1.08029,-9.91549,5.14938,-6.73237,0.252434,-0.97191,3.53909,-0.539495,5.99004,-5.86976,8.81613,3.32513,-8.3313,-8.0662,7.40675,2.11879,2.95676,-6.24986,1.66147,4.85397,-1.0362,-3.35227,3.1065,-0.547088,0.704067,-8.42191,-8.16713,-6.74145,-6.99776,8.16008,-5.93968,-9.66369,-8.90986,4.90189,5.15828,-3.15331,-5.30336,8.66149,-8.7617,9.3372,-5.31353,-5.5582,4.51822,-7.23802,-6.9291,-1.93459,1.12111,4.86914
2.7867,-7.77548,3.04385,-7.98685,-7.96995,-3.19208,4.44699,-6.79325,7.19279,8.58003,-3.56698,-8.41122,-9.90958,6.90969,5.85468,6.58804,-9.38157,1.08849,1.86116,0.597736,-3.87753,2.81366,-8.59589,8.95277,4.82864,-4.73283,-5.29858,2.19248,7.09005,2.01362,6.77443,-0.0884692,-1.28247,-4.06544,1.01848,-7.3964,3.56133,-0.70307,-7.78637,2.61478,-2.90245,8.18137,-0.428369,6.72409,-7.03187,-6.67397,4.92457,-7.29997,9.36401,2.30853,6.66735,7.65278,-4.99812,4.58981,-5.76649,-9.4385,-0.238524,5.90204,1.30696,-8.94716,-1.4619,-1.9289,0.585904,-3.63145,-9.09387,2.23212,2.61093,7.07926,9.03387,1.30746,8.4155,3.4903,7.53248,-1.3018,-4.12599,7.81167,0.99623
-7.55527,1.69575,7.05259,1.13663,2.49172,5.98507,1.26162,-1.56527,8.33943,-9.15791,-8.27953,-8.76149,-3.14571,3.35015,-8.69638,7.98854,-0.0496065,3.94049,-0.140442,-1.33442,0.402718,-5.45081,9.96371,6.01591,-6.42349,-2.90387,2.19248,-5.97457,3.6038,1.49202,9.12396,-1.08853,4.77328,-3.36652,-4.10587,3.52819,-2.85455,-7.01074,1.48089,-1.31241,-8.83718,-3.21392,9.74474,3.13712,8.44769,3.26246,-8.42782,-4.05533,2.00951,-9.07162,-2.65802,1.00294,4.85267,3.78654,-5.77988,7.00904,-1.60482,3.47001,6.90328,-2.91333,-4.13022,-6.78243,-2.80785,4.64443,8.19606,-8.44264,4.40483,3.40047,5.72102,-0.940746,-3.28639,-1.90171,-0.367062,-6.70815,-9.9006,8.53614,-9.6585
7.39398,4.57704,9.77833,9.67372,-1.06172,4.23301,-8.99508,0.291536,-3.76269,-7.7894,2.14826,-1.17795,3.11811,9.21243,7.17786,-4.05432,-8.16434,-1.42899,5.49034,-1.32741,-1.51955,-7.35001,-4.90226,-0.702452,2.7343,0.977673,7.09005,3.6038,-3.07072,-1.25017,-8.07304,-8.45759,1.59138,-2.71796,-7.66177,5.2918,8.06818,0.292477,9.18939,-5.57348,8.09725,0.145051,-5.73927,-9.81716,-4.28563,6.03962,-8.17501,-4.29023,6.64632,-1.32524,3.24953,-5.92507,3.99141,0.366656,-8.0865,-5.28592,4.8253,2.46639,-1.26993,8.65543,-2.45128,-3.52452,-4.82291,0.722196,3.61755,-1.022,6.18329,-5.53815,-6.88634,-7.94564,0.407962,-0.468901,6.26596,-8.318,-7.60867,-7.65115,2.66964
-0.245202,-9.18287,-4.98533,5.96715,9.18353,-5.97263,3.15214,5.54722,6.29795,-9.71686,4.70824,5.44514,-6.84449,8.61903,-5.58705,-5.24602,-6.88901,-5.12226,-6.85257,-9.49467,4.75091,-7.41744,-6.4198,-7.49858,3.16272,-1.08029,2.01362,1.49202,-1.25017,6.43608,0.341374,5.76372,3.30236,4.28132,-4.17182,7.13832,2.24305,1.92021,6.31079,-8.1958,0.597477,4.90657,6.25555,4.67586,-1.32747,0.184843,7.97795,3.20928,8.15909,-3.16142,5.33072,-0.101872,-6.39821,-4.02119,3.2661,6.70638,-5.37897,-7.86677,-1.64167,-5.59038,-5.17022,-1.4795,-4.47718,2.89375,0.942656,6.21505,1.23203,-2.11586,-4.85416,0.82647,-0.955061,-1.07166,-4.27383,-4.50488,-0.684234,-4.29628,7.39589
-8.53104,-8.71376,-6.93483,-5.88837,-4.41823,2.52051,-2.44199,6.03899,7.30649,-6.08687,4.59201,2.97308,-3.44805,-6.26216,6.85123,-3.71796,-0.0366751,9.97778,-5.34376,-6.77427,-2.36167,-7.61655,0.677873,-9.32801,6.22781,-9.91549,6.77443,9.12396,-8.07304,0.341374,-6.09181,0.133584,3.439,-4.22826,-4.1792,5.47178,7.26874,-8.51606,8.40966,0.750836,4.63358,-5.58944,-6.72328,-1.29941,-4.11118,-2.95363,3.45369,-9.29239,1.11235,5.89457,2.97681,-1.48337,6.07879,-3.04003,4.32574,-5.00152,2.17858,-6.83771,5.60276,0.796445,1.80343,-5.40755,2.41071,7.38757,1.99305,7.98297,6.36063,-0.198824,-6.15362,0.288345,-6.10649,-7.03896,-7.9064,0.948517,-1.33625,0.924909,6.7526
2.96276,-0.341597,-5.03262,-6.07516,8.56048,-4.82993,8.65723,1.80617,-4.55816,4.79965,-9.10149,4.81039,1.70348,9.10867,5.91369,8.00197,9.5452,5.57055,7.55166,-9.20436,-9.15859,4.61442,2.40296,-6.6936,-8.53213,5.14938,-0.0884692,-1.08853,-8.45759,5.76372,0.133584,-1.42447,7.85876,-6.92193,5.05284,-4.2333,-1.76278,9.65639,7.59168,-2.74216,0.812254,1.95492,8.96428,8.73266,-6.435,-6.09071,2.38954,9.17649,-5.85795,-2.73648,4.19318,-5.71246,0.568066,5.63132,8.39355,6.19207,-8.17161,-9.28782,-0.617038,-7.28652,1.81932,8.13977,3.46907,-8.48671,-8.43032,-0.16037,9.00892,-0.480552,0.534118,9.45477,-2.36337,-2.37147,0.369921,-3.43504,0.143943,-4.14877,2.42193
2.86801,-5.02342,1.67271,-5.32847,-6.65475,-5.5354,3.71454,8.78267,-1.46911,5.78713,-5.29095,-3.84254,-9.04592,-9.28612,-4.67659,-5.88697,2.22393,-0.78096,-4.37916,-1.87095,1.31539,3.1506,-0.596681,-4.952,7.71251,-6.73237,-1.28247,4.77328,1.59138,3.30236,3.439,7.85876,7.0309,-8.89083,-6.69234,2.28786,0.912731,1.50632,9.88909,-0.309205,2.21827,-3.35177,-4.01046,-1.64313,1.01429,2.66969,-8.63508,-2.09088,-7.28317,-5.66593,-4.7132,-8.01059,-5.39317,-5.07462,-7.16758,-5.11293,4.53068,-5.44074,-7.89316,5.58912,-2.52363,-2.36136,4.03629,6.74364,3.77657,1.94638,2.35825,3.54438,-0.844437,-4.80571,2.7309,-9.13044,-7.44069,0.96768,-7.21247,8.9296,-0.97998
-7.95312,0.451457,-6.1837,1.29174,7.27929,0.438966,7.64487,5.58139,9.75797,4.29663,-5.43148,-9.57996,0.222669,0.58006,5.33317,-3.77362,-8.76926,5.58237,-1.60848,-7.00905,1.72224,-5.499,-6.51025,-2.98644,-9.50287,0.252434,-4.06544,-3.36652,-2.71796,4.28132,-4.22826,-6.92193,-8.89083,-9.22947,0.903524,9.25787,7.2767,4.91308,-9.00137,-2.08727,2.43766,9.89655,-9.22594,-6.91396,-1.4384,5.24054,-5.708,-7.90835,3.88001,-1.25422,-9.96391,-7.79389,-3.06935,-5.46336,8.71174,3.06396,9.55755,-0.719837,-6.5526,1.54539,8.62689,3.25188,9.981,3.04327,-9.57448,5.90928,-6.7733,2.41069,-2.3191,9.69771,-7.90544,9.31403,5.76423,5.62829,-5.38279,-6.21654,-8.65725
2.57089,5.24309,-9.69751,-1.00788,7.41039,8.5299,1.80574,2.03605,-3.44545,4.13036,6.41064,1.26192,-6.4352,0.167535,-4.21568,0.550845,6.03387,2.82776,-9.35644,9.86202,7.2243,0.286946,0.108958,-3.13655,3.96723,-0.97191,1.01848,-4.10587,-7.66177,-4.17182,-4.1792,5.05284,-6.69234,0.903524,-5.53182,-0.847265,8.65811,9.15348,6.27144,7.05655,-7.16032,-6.20082,-1.12871,3.97557,7.21431,0.437768,-4.64637,-5.47524,-3.56724,9.27387,6.90172,5.63827,0.873068,8.63435,9.33694,2.2043,-6.17459,-1.50644,-9.84102,-1.06508,-9.56704,-9.60613,1.71349,-0.416838,-7.98572,2.00174,-4.27238,1.36696,-2.08895,-5.96365,-6.55705,-4.03363,5.80956,-6.2129,7.07891,5.17395,7.33206
0.229191,-7.98661,-6.11453,-3.73474,1.53905,7.40268,-8.26797,7.64877,8.80637,0.787269,2.08168,0.101361,4.50173,-3.10651,9.39956,8.92843,7.18236,-4.27964,-1.87221,3.34987,9.63162,4.03021,-6.88489,-2.84871,7.58315,3.53909,-7.3964,3.52819,5.2918,7.13832,5.47178,-4.2333,2.28786,9.25787,-0.847265,-5.04459,5.68634,-3.14231,6.66181,-8.35613,-7.13288,1.64804,0.933705,-4.90795,-0.0510966,-9.37968,-8.59469,-4.60436,7.79476,-3.55866,0.236807,-8.21436,3.06592,2.8506,6.52359,-1.29343,-1.20283,9.40196,-5.29563,4.85878,5.86803,6.18462,2.18104,-6.3564,1.54509,4.29887,6.6313,4.86767,-6.26729,-2.09818,5.69896,-0.0926645,-5.25045,4.31662,-2.21024,-6.56164,9.42564
-2.92917,-2.07898,0.236929,5.2928,-1.09389,6.5285,1.45467,-2.87669,-2.2627,1.89674,-1.96142,6.05133,4.94894,1.19511,3.91017,-9.8418,8.10118,-5.96589,9.50973,2.38104,6.4167,-3.47323,6.37255,-5.12864,8.1479,-0.539495,3.56133,-2.85455,8.06818,2.24305,7.26874,-1.76278,0.912731,7.2767,8.65811,5.68634,-3.01278,-6.01038,-0.362077,-1.02628,6.6052,6.93491,6.98955,-4.18043,-8.50749,6.06233,-6.29356,-0.741793,-1.06401,5.52347,-5.99992,7.57501,-8.60836,2.76437,5.75636,1.71703,9.46989,-5.64353,-2.18711,4.61821,0.212884,-1.14966,1.95014,8.51528,1.60756,-8.3404,2.66065,2.42705,3.99742,-9.54322,2.70695,8.75054,6.88108,4.23959,2.74529,3.31875,-1.98101
3.03139,6.15386,4.43059,-4.78373,-7.14115,-7.30094,-9.72094,2.3435,4.59247,-2.76574,0.68579,2.85583,-8.22127,-5.8209,-1.77615,-4.72469,4.31205,0.815925,-5.85047,3.7362,-0.166143,6.87421,-8.90832,-0.337097,7.7278,5.99004,-0.70307,-7.01074,0.292477,1.92021,-8.51606,9.65639,1.50632,4.91308,9.15348,-3.14231,-6.01038,-0.639902,7.2674,-2.79304,3.25695,7.58849,-2.00354,7.77278,-7.30177,-7.33686,6.26333,3.80344,-1.41132,9.73602,-8.0374,2.3068,-1.04314,-6.64504,6.94582,-1.31282,-4.19558,6.62547,1.61025,4.58843,-6.1855,4.8932,-6.92544,2.72224,-3.40877,1.92929,-2.39138,4.071,9.57064,4.89916,-0.213601,-0.0382347,-1.86533,1.00526,4.92844,9.47998,-4.83088
3.52687,-3.71683,-6.93773,3.88605,-2.42756,-1.31701,5.07177,-4.32215,-1.28952,4.24652,-8.63815,8.75578,-1.8554,-7.17966,-3.8428,6.27678,-0.882846,4.27173,-2.7703,-0.537252,2.96007,-1.21116,-3.24452,3.06724,-2.70047,-5.86976,-7.78637,1.48089,9.18939,6.31079,8.40966,7.59168,9.88909,-9.00137,6.27144,6.66181,-0.362077,7.2674,4.30247,1.25822,4.08967,0.144589,-4.44769,-5.25928,7.65838,1.85823,-3.58069,-7.88609,5.97074,1.97448,4.42918,2.75925,7.19424,-4.17775,-3.33183,6.76136,-7.00482,-4.54442,9.63973,-2.94983,9.94331,-1.33071,5.51324,-1.4064,0.192674,2.45868,-7.25166,3.70017,-2.27777,7.13228,-1.6305,-3.77229,1.86744,-2.20106,6.77441,3.63146,2.00123
5.87435,-4.23448,7.26747,5.3521,-6.63742,-2.2004,7.55297,-1.29609,8.97026,-6.60218,-5.32616,8.18739,5.23264,-8.5556,-2.86777,3.60978,4.01869,6.03949,-3.12489,-9.85848,-2.41935,2.69108,9.75501,-2.64683,-3.77576,8.81613,2.61478,-1.31241,-5.57348,-8.1958,0.750836,-2.74216,-0.309205,-2.08727,7.05655,-8.35613,-1.02628,-2.79304,1.25822,8.72781,6.66507,-1.01511,-8.94081,3.14397,5.72682,-4.25574,-1.20889,4.5124,-3.63159,0.462179,7.24671,3.03239,-8.524,0.0955704,1.41274,0.395762,-6.92951,0.0130248,-2.02192,9.82748,3.90811,-8.91684,-4.85677,2.1972,4.22251,6.81287,2.62467,-6.91576,7.65506,-9.90483,-3.58654,-5.50456,-7.81433,6.17389,-0.796864,-0.114076,3.89122
6.48506,7.5662,4.67414,7.46522,-8.73934,-3.02173,6.33742,-6.08353,7.57246,-5.84234,5.00575,5.53378,-6.23961,-0.351796,3.35854,-1.28078,-6.68702,-3.47586,3.83389,4.13012,-7.50006,-3.27979,-6.15607,1.85157,-2.88904,3.32513,-2.90245,-8.83718,8.09725,0.597477,4.63358,0.812254,2.21827,2.43766,-7.16032,-7.13288,6.6052,3.25695,4.08967,6.66507,0.565948,3.85551,0.2239,-9.86704,4.0433,3.53816,-8.76246,-4.17087,5.2955,9.06725,6.00736,-1.98528,6.02371,-0.710266,8.83776,-9.83532,6.24037,-7.97612,-4.95413,4.85782,7.26985,-9.16912,5.06475,1.24026,-3.92831,-3.9498,1.70988,9.35967,-0.158475,7.54902,-6.93845,6.63487,-1.55791,-7.1012,2.94523,-1.10382,-0.434277
-4.68046,2.06698,-8.79069,-4.14491,8.74045,3.33132,-2.35991,-6.91966,0.923182,-0.110007,-7.60144,-9.61381,-9.13579,7.20256,-0.741317,1.79349,-3.94918,9.66473,-5.13418,-9.88089,7.91276,-6.83181,6.48038,-6.15856,-5.56443,-8.3313,8.18137,-3.21392,0.145051,4.90657,-5.58944,1.95492,-3.35177,9.89655,-6.20082,1.64804,6.93491,7.58849,0.144589,-1.01511,3.85551,1.68793,6.41543,0.65484,6.38399,-1.06813,-9.50294,2.40525,-4.30919,-3.9876,-6.68624,-6.37507,7.4123,-4.84706,-1.00302,-5.51303,-5.23153,0.592931,-7.9638,-0.731552,-2.26979,-7.29072,-3.82991,7.6206,0.476433,-5.02709,0.383593,8.51048,-2.22746,4.68514,0.767166,3.78315,8.03715,4.85957,-5.2409,-5.53193,2.93689
3.13741,-1.01227,-1.93623,1.65146,-3.40526,-6.67951,-6.63634,5.62007,-1.68045,9.21018,0.959229,7.47517,-2.46621,8.31307,-7.73103,-5.50852,-6.50103,2.66106,2.92772,-9.22542,-5.69149,-0.756587,7.33792,6.38676,-5.12644,-8.0662,-0.428369,9.74474,-5.73927,6.25555,-6.72328,8.96428,-4.01046,-9.22594,-1.12871,0.933705,6.98955,-2.00354,-4.44769,-8.94081,0.2239,6.41543,-2.08616,9.74635,-0.482945,-7.2389,-1.20702,4.6618,4.32678,2.86755,-4.91622,3.19683,3.59723,-8.518,5.02176,-6.23042,1.94155,-5.72791,-6.01445,2.98653,-4.28677,-9.60794,0.540554,5.07986,-4.37468,-4.05145,-6.8944,-2.84169,9.25682,0.265395,1.27061,1.88078,-0.0823021,-0.521728,-4.8627,-3.1625,-4.84136
-6.12615,-4.59869,6.98434,3.81429,-2.15382,-0.157331,-1.502,3.90264,0.589116,6.21403,7.37132,-5.06568,-6.34783,-7.61318,-1.24098,0.205827,5.09259,6.67661,7.48079,-4.01197,-4.78785,9.36968,-8.23348,5.58645,-6.40432,7.40675,6.72409,3.13712,-9.81716,4.67586,-1.29941,8.73266,-1.64313,-6.91396,3.97557,-4.90795,-4.18043,7.77278,-5.25928,3.14397,-9.86704,0.65484,9.74635,-4.94068,9.00997,-9.84346,-4.46234,6.59745,7.90978,7.73687,-7.84388,-2.50778,5.61564,-7.79154,0.276626,-8.04745,1.90496,4.13891,9.39552,-9.00543,-0.0662927,1.36198,3.33254,-8.81586,-0.33569,-7.32922,2.35841,-6.69582,-8.00158,-8.11285,5.07632,-2.35586,-8.22948,6.53272,2.0988,-8.39835,-1.14097
2.89768,3.91513,2.16145,4.80993,-6.74819,3.12656,8.02843,-4.31743,-3.06955,-3.83558,-3.26555,-1.30208,-6.59941,-0.0279346,-5.98792,-1.76811,8.81349,-1.25611,0.154692,-6.82666,-0.6793,-2.30525,-5.31536,7.77292,-3.70234,2.11879,-7.03187,8.44769,-4.28563,-1.32747,-4.11118,-6.435,1.01429,-1.4384,7.21431,-0.0510966,-8.50749,-7.30177,7.65838,5.72682,4.0433,6.38399,-0.482945,9.00997,2.7941,0.563674,0.461497,4.01523,-9.03792,-7.48,-5.50248,-8.84564,-5.43769,-9.35152,5.9799,9.38198,4.28929,-0.584635,-5.78881,-9.03451,9.97891,-1.49329,4.15016,-9.56269,-2.93944,-0.685533,8.54717,-2.9132,-5.35938,-2.0521,7.44788,-6.76781,-6.39276,1.55547,-7.46717,9.72119,2.78903
6.64152,-5.16022,0.0722634,-0.863735,9.93707,1.91777,-8.51122,-9.23245,-0.642029,2.49275,-1.12939,-8.70051,5.30899,-5.66672,-1.42103,-0.527983,6.35324,2.00353,3.78576,-7.71375,-3.79791,-8.33641,8.93808,6.97317,5.93415,2.95676,-6.67397,3.26246,6.03962,0.184843,-2.95363,-6.09071,2.66969,5.24054,0.437768,-9.37968,6.06233,-7.33686,1.85823,-4.25574,3.53816,-1.06813,-7.2389,-9.84346,0.563674,-2.78957,-6.69786,-8.02416,3.78234,-8.53692,3.91656,-1.71076,-1.20619,5.60838,-9.16928,6.2247,-0.902293,-6.20617,3.07298,0.0804521,7.70089,-9.2936,-9.1133,-9.96866,0.115475,-9.25111,8.74595,-5.68795,-7.07282,9.21214,-9.04356,-5.07658,1.38902,8.93168,0.289944,7.23119,-2.34785
1.83542,-3.98768,-5.9666,1.5321,0.45189,8.43839,9.05773,0.0653263,0.0517296,-2.6657,-7.30064,-3.99213,9.40312,9.71934,3.84235,2.68266,-1.52746,-2.23727,-4.49461,6.60011,8.63831,3.46285,1.0935,5.63862,-0.249975,-6.24986,4.92457,-8.42782,-8.17501,7.97795,3.45369,2.38954,-8.63508,-5.708,-4.64637,-8.59469,-6.29356,6.26333,-3.58069,-1.20889,-8.76246,-9.50294,-1.20702,-4.46234,0.461497,-6.69786,-0.551503,8.10737,8.34718,7.81769,3.721,-0.201581,-7.78348,-3.26374,8.10243,-9.41685,-5.7139,1.78751,-9.85007,-0.801923,-6.72588,1.62798,-6.16068,3.73699,8.26075,-1.69276,1.78521,0.309517,1.3782,2.60623,0.296244,-1.03804,-3.95065,2.32984,4.1076,-1.02912,4.56453
8.66789,1.86178,-8.80728,0.359205,9.51193,4.3802,6.9072,-2.0591,3.07694,2.50187,3.68214,7.84442,6.74589,3.18281,-3.70357,4.05963,-5.32159,7.54451,3.88385,0.551906,2.33012,-6.52128,3.76417,8.24545,-7.30827,1.66147,-7.29997,-4.05533,-4.29023,3.20928,-9.29239,9.17649,-2.09088,-7.90835,-5.47524,-4.60436,-0.741793,3.80344,-7.88609,4.5124,-4.17087,2.40525,4.6618,6.59745,4.01523,-8.02416,8.10737,3.19202,-3.19657,5.84486,-5.4548,1.37838,9.0816,8.77618,-1.39692,7.86198,-7.38114,-5.61493,6.2666,-0.433948,-5.31091,9.27368,-9.93915,-2.35144,4.07668,3.36962,4.19937,-8.96106,-1.64265,9.12975,-7.22591,2.10682,-5.85764,8.14021,-7.68037,6.1722,7.6331
3.08636,8.61592,-4.66498,4.0716,9.792,1.88235,-8.48522,5.50834,-1.48003,-7.3871,3.73089,2.2182,-1.82951,9.8964,0.517729,9.51324,1.87205,-2.87115,-6.12088,-8.38557,0.909114,-6.94426,-4.32977,9.54451,-3.46797,4.85397,9.36401,2.00951,6.64632,8.15909,1.11235,-5.85795,-7.28317,3.88001,-3.56724,7.79476,-1.06401,-1.41132,5.97074,-3.63159,5.2955,-4.30919,4.32678,7.90978,-9.03792,3.78234,8.34718,-3.19657,-3.62958,-1.11586,8.23696,-7.50188,4.62319,6.01496,-1.92671,3.9654,-3.04971,0.971715,-9.29366,7.21567,3.60931,8.06323,0.865307,3.10987,9.26629,-6.35339,-5.84761,7.90794,4.32454,-7.42161,-7.22699,-1.59051,3.68065,6.38221,4.62882,-9.8877,0.481931
5.1177,0.939592,-4.49264,-5.81994,8.28334,2.84566,-1.53427,2.09465,-5.72158,-4.83327,7.12216,0.783502,6.38675,-5.52373,-6.34975,5.62029,1.20018,-0.910829,-3.61482,-6.56806,4.04128,-8.65988,-3.85722,-3.53934,-9.44222,-1.0362,2.30853,-9.07162,-1.32524,-3.16142,5.89457,-2.73648,-5.66593,-1.25422,9.27387,-3.55866,5.52347,9.73602,1.97448,0.462179,9.06725,-3.9876,2.86755,7.73687,-7.48,-8.53692,7.81769,5.84486,-1.11586,-6.66202,9.98082,-8.48968,7.67626,-7.64273,0.860361,3.1139,-9.17783,1.1668,-6.68681,-0.463065,-2.79511,2.29877,2.26007,2.89099,1.91557,-6.90842,4.48271,-8.17724,6.63013,-2.99575,8.44073,7.62159,-5.69354,-6.71851,-7.19155,-5.64369,4.59684
-6.76921,-4.26651,-7.88085,-0.400047,-0.166684,8.7492,-4.45807,-2.5379,-5.48291,-6.34503,6.85615,9.88532,-7.40338,9.35378,-2.88352,-3.7245,-6.61983,0.48448,0.0270246,7.70484,9.78641,2.37305,8.69147,0.367502,7.2601,-3.35227,6.66735,-2.65802,3.24953,5.33072,2.97681,4.19318,-4.7132,-9.96391,6.90172,0.236807,-5.99992,-8.0374,4.42918,7.24671,6.00736,-6.68624,-4.91622,-7.84388,-5.50248,3.91656,3.721,-5.4548,8.23696,9.98082,-0.573051,-7.83638,6.84365,-9.39152,-3.48651,8.17244,5.02511,2.78783,6.61961,6.37666,2.91599,-6.02829,0.25594,-7.85153,-6.50148,-1.71245,4.19134,6.39452,-7.22813,-2.99724,-6.78544,3.15551,-6.55937,-2.42391,-7.86558,5.69817,-5.45695
6.55757,-7.33602,6.09154,0.615468,5.42986,9.68334,-0.607411,-8.00689,3.04063,8.33532,-2.8148,2.43651,7.20997,3.91714,7.00573,-9.03434,-9.66814,-4.03675,-1.08524,2.65489,-4.79072,-4.23945,0.186237,1.16732,5.70373,3.1065,7.65278,1.00294,-5.92507,-0.101872,-1.48337,-5.71246,-8.01059,-7.79389,5.63827,-8.21436,7.57501,2.3068,2.75925,3.03239,-1.98528,-6.37507,3.19683,-2.50778,-8.84564,-1.71076,-0.201581,1.37838,-7.50188,-8.48968,-7.83638,-8.63262,4.27007,-0.76316,2.77934,-6.73571,-2.30517,-8.66554,0.836956,-8.2567,-5.69038,4.7595,3.81069,-7.6149,5.14049,6.41488,-1.22634,6.31197,8.07426,3.6438,-1.9446,2.492,-0.855557,3.77919,-0.488769,9.17865,-0.148043
-4.10649,-4.76786,-9.13894,2.63172,-8.94225,6.17604,-8.05239,3.2386,-5.55255,3.08052,-6.93755,-4.80996,3.59151,3.17686,-2.90517,8.91812,-5.84325,-7.16304,-8.55281,-8.6824,-6.29798,-2.60281,-4.14617,-6.95511,-7.22448,-0.547088,-4.99812,4.85267,3.99141,-6.39821,6.07879,0.568066,-5.39317,-3.06935,0.873068,3.06592,-8.60836,-1.04314,7.19424,-8.524,6.02371,7.4123,3.59723,5.61564,-5.43769,-1.20619,-7.78348,9.0816,4.62319,7.67626,6.84365,4.27007,4.06499,-0.213659,-7.35818,2.68183,4.73389,1.4435,-1.73167,6.5359,-6.43599,-9.70579,-9.99773,2.57141,-5.53433,-2.98673,-0.975531,-1.95052,8.41209,-4.66028,-6.55524,-2.62225,-1.41864,-5.74356,-9.87088,3.99355,0.0925525
4.26651,6.07222,7.84839,-5.58695,-5.48606,4.005,7.6961,7.65341,2.84134,-0.599462,-5.19759,-8.2108,7.23665,0.645099,-0.441922,-2.87908,-2.36097,3.53994,7.30203,4.88122,-2.01179,-8.18044,-0.302614,4.05606,4.54599,0.704067,4.58981,3.78654,0.366656,-4.02119,-3.04003,5.63132,-5.07462,-5.46336,8.63435,2.8506,2.76437,-6.64504,-4.17775,0.0955704,-0.710266,-4.84706,-8.518,-7.79154,-9.35152,5.60838,-3.26374,8.77618,6.01496,-7.64273,-9.39152,-0.76316,-0.213659,-0.179027,2.50542,-2.62491,9.63995,7.76847,-0.227889,2.32754,-9.79142,-5.55336,-0.582435,-7.08366,-9.83558,-2.31127,5.64484,-6.85086,0.813201,-2.89941,-2.89476,-4.8969,-8.51422,4.43606,1.04828,-6.70431,-3.17035
6.46059,9.40598,7.02283,-6.83526,-6.57805,-3.49729,-3.08245,-4.14067,7.64811,-5.26872,-3.47,0.247549,5.45074,3.48128,-4.14078,5.05696,3.51656,-6.6441,-2.0642,-6.75167,6.44067,-6.30458,-2.32011,-0.192863,-5.69542,-8.42191,-5.76649,-5.77988,-8.0865,3.2661,4.32574,8.39355,-7.16758,8.71174,9.33694,6.52359,5.75636,6.94582,-3.33183,1.41274,8.83776,-1.00302,5.02176,0.276626,5.9799,-9.16928,8.10243,-1.39692,-1.92671,0.860361,-3.48651,2.77934,-7.35818,2.50542,8.64902,8.42385,-8.94837,-2.18238,8.72489,-1.28069,2.9272,-6.56327,-6.06132,3.87593,-9.50385,-1.27733,-7.87098,9.49332,-4.87233,9.66798,-5.28414,9.28968,6.93437,9.48644,-0.333917,8.76664,-6.52334
8.65257,-9.71912,8.98511,-5.35534,0.401671,-1.85101,4.80544,-8.94841,-7.50771,1.25564,9.96746,-0.889973,-2.00628,2.12529,9.29831,-6.41735,5.41658,-9.79573,-9.71606,-4.55937,3.74043,3.35443,2.61711,9.26026,-3.84328,-8.16713,-9.4385,7.00904,-5.28592,6.70638,-5.00152,6.19207,-5.11293,3.06396,2.2043,-1.29343,1.71703,-1.31282,6.76136,0.395762,-9.83532,-5.51303,-6.23042,-8.04745,9.38198,6.2247,-9.41685,7.86198,3.9654,3.1139,8.17244,-6.73571,2.68183,-2.62491,8.42385,1.50685,8.86261,-9.40284,-4.03129,7.41512,8.48195,5.66804,0.701575,-5.87608,5.02156,-3.93559,6.31546,5.25627,-8.73866,-5.23834,3.00116,-7.55976,5.52255,4.92737,2.36269,1.53985,3.26488
2.73316,0.342718,5.15189,3.39519,-6.64369,-1.55394,-5.90728,-9.2836,-5.18032,-7.20192,-1.82919,8.04589,-8.30069,6.4268,-5.51876,5.7312,7.41296,9.43267,5.9892,-6.5784,0.502382,7.10635,-2.96609,2.4851,0.978044,-6.74145,-0.238524,-1.60482,4.8253,-5.37897,2.17858,-8.17161,4.53068,9.55755,-6.17459,-1.20283,9.46989,-4.19558,-7.00482,-6.92951,6.24037,-5.23153,1.94155,1.90496,4.28929,-0.902293,-5.7139,-7.38114,-3.04971,-9.17783,5.02511,-2.30517,4.73389,9.63995,-8.94837,8.86261,-9.35878,-7.40175,-9.91822,-0.34544,-4.25848,4.86518,-8.75743,-6.07113,9.73677,-6.61459,0.232155,-9.11027,-1.36876,4.90796,-4.92296,6.63373,-1.35719,-1.27231,-5.11512,-5.09135,1.50037
-4.00888,7.95118,-3.20051,1.21485,-3.11754,-4.64214,-2.06741,-0.649235,9.38735,-3.61838,-5.80088,4.58238,-9.77521,8.192,4.38044,-3.66805,0.368677,-4.02283,-2.08425,1.20111,0.953646,-6.36239,-5.32534,-5.70022,-4.84437,-6.99776,5.90204,3.47001,2.46639,-7.86677,-6.83771,-9.28782,-5.44074,-0.719837,-1.50644,9.40196,-5.64353,6.62547,-4.54442,0.0130248,-7.97612,0.592931,-5.72791,4.13891,-0.584635,-6.20617,1.78751,-5.61493,0.971715,1.1668,2.78783,-8.66554,1.4435,7.76847,-2.18238,-9.40284,-7.40175,2.06313,-0.977989,9.95384,-5.19404,2.95973,0.778279,6.61372,2.76222,2.49348,4.40677,-4.56213,2.73155,-7.1464,-3.55706,1.23963,-4.54291,-4.68222,-7.26693,-5.67326,-1.26447
5.53298,-9.21851,4.16989,1.7133,-8.40546,-8.53044,5.23685,-9.75467,3.90448,-4.56896,6.81535,1.25469,5.02028,-5.04064,6.61076,2.31659,-2.1546,3.80927,-2.30477,0.244115,8.25939,-6.54518,3.70175,-2.57045,9.32249,8.16008,1.30696,6.90328,-1.26993,-1.64167,5.60276,-0.617038,-7.89316,-6.5526,-9.84102,-5.29563,-2.18711,1.61025,9.63973,-2.02192,-4.95413,-7.9638,-6.01445,9.39552,-5.78881,3.07298,-9.85007,6.2666,-9.29366,-6.68681,6.61961,0.836956,-1.73167,-0.227889,8.72489,-4.03129,-9.91822,-0.977989,7.66215,-9.03567,5.21066,2.78816,8.67004,-3.7734,0.738669,-3.7057,8.96317,-9.47637,3.09872,-4.19504,7.05468,0.436238,-6.79811,1.06285,5.58027,-7.22596,2.07552
-7.74844,2.66797,-2.82706,-2.65034,-7.14246,-9.01425,8.69657,-9.392,5.80795,6.63785,-5.2449,-6.83947,5.29877,-4.3213,-3.06684,3.94195,-6.19475,1.64762,-6.11641,3.08882,0.417241,8.60624,7.80988,3.42734,5.60604,-5.93968,-8.94716,-2.91333,8.65543,-5.59038,0.796445,-7.28652,5.58912,1.54539,-1.06508,4.85878,4.61821,4.58843,-2.94983,9.82748,4.85782,-0.731552,2.98653,-9.00543,-9.03451,0.0804521,-0.801923,-0.433948,7.21567,-0.463065,6.37666,-8.2567,6.5359,2.32754,-1.28069,7.41512,-0.34544,9.95384,-9.03567,6.68295,-4.54376,-4.06643,-8.70542,3.28809,9.06328,7.63278,-6.45529,2.50487,-2.23407,1.28789,7.24393,0.92417,1.81156,9.52385,6.55889,-1.90335,-3.58763
8.07871,3.83696,-8.16394,7.00651,6.74829,1.49659,6.82191,-4.6355,-5.97681,-5.94784,-3.47296,-6.20965,-8.20767,-4.02042,1.74086,9.96091,-9.78346,-6.28289,1.77371,-1.04149,1.15445,-7.03319,3.29198,7.2667,-6.84486,-9.66369,-1.4619,-4.13022,-2.45128,-5.17022,1.80343,1.81932,-2.52363,8.62689,-9.56704,5.86803,0.212884,-6.1855,9.94331,3.90811,7.26985,-2.26979,-4.28677,-0.0662927,9.97891,7.70089,-6.72588,-5.31091,3.60931,-2.79511,2.91599,-5.69038,-6.43599,-9.79142,2.9272,8.48195,-4.25848,-5.19404,5.21066,-4.54376,-3.14132,-7.23111,9.76217,2.80324,2.56812,-7.83615,-8.28183,4.45148,2.48831,9.30301,-8.11492,8.29439,5.59333,-7.39391,-0.288407,-0.536909,4.08656
