-9.00165,-8.37664,4.31594,-3.37359,1.12936,-1.61193,5.08059,5.02976,9.54768,2.62992,9.4698,-7.92234,3.44153,1.87436,-8.92717,-4.14135,9.9334,1.79748,5.66054,5.29102,8.24749,1.79611,-0.0150711,5.51928,3.61834,7.28533,-4.36907,-7.59219,-8.58044,-9.37264,-5.42481,1.83091,-2.21629,1.71453,-5.94489,-2.86233,3.07224,-2.92314,-1.17132,6.27451,-0.123331,-3.59302,6.1753,1.58725,-8.45908,6.75302,-0.0599658,8.34599,1.97167,-8.58775,1.40971,0.341268,-9.25197,-4.65417,3.15245,9.58139,3.2117,-4.42878,2.55201,8.74755,6.42871,2.13213,-1.06735,-2.80861,2.57053,-1.73559,0.363419,-8.438,-3.54904,-7.333,-4.35539,-8.69708,-4.60521,0.999456,-2.74916,-7.688,4.69898,3.52614
-8.37664,-8.74451,6.12138,-9.58538,2.76555,-8.70182,-8.72528,9.83176,-8.09833,4.51771,5.52833,-3.20493,6.18094,0.976949,-0.266461,2.93895,7.79051,7.53644,1.02992,-4.0999,-7.7793,-1.01567,6.56817,-6.82998,-8.15866,-5.71291,8.99243,-1.81343,-6.75229,8.5854,9.62123,7.06645,-8.56518,5.27515,6.74311,-0.116189,-7.28324,-7.55853,9.39881,-2.05783,9.86241,4.86195,9.22514,-2.6078,9.52923,-3.81671,-6.83031,-1.94502,2.35006,-9.58879,-7.29261,9.52446,9.41144,0.0952537,-2.54364,-0.679256,-5.26374,-1.9071,-6.64418,2.17226,9.37921,-3.67246,7.02468,4.7297,-0.921476,3.24364,-8.97261,5.5602,-7.31506,-9.45828,9.17529,-8.36328,8.70989,6.29125,-8.65924,2.05409,-7.00911,-1.14531
4.31594,6.12138,-7.39826,-6.37643,9.61103,8.7358,0.32549,7.68141,2.631,-1.27909,-8.47434,4.57871,0.136804,5.46242,-1.69984,7.47676,-7.63204,-5.35134,-6.04354,-4.65279,-8.6695,9.36356,1.2679,-4.21169,0.772188,-4.32649,-9.51985,-8.41522,-0.617325,8.04325,6.82376,5.96628,-3.6879,5.97204,2.16802,-2.73734,-9.24365,8.64164,-1.40316,-3.6872,-8.16925,-5.66905,-5.96875,4.55309,9.9772,-3.53304,-9.76139,-1.15345,9.67455,-8.12268,0.574325,8.78805,2.80442,4.0349,-5.40606,1.56423,5.02914,-1.98913,-3.14826,6.25039,-4.51748,-0.472476,2.26745,-5.93896,7.94003,-0.940096,7.14623,8.64511,-1.08621,-3.69673,7.4354,9.86313,0.707799,-6.14323,-6.99627,2.57569,6.80597,-1.75038
-3.37359,-9.58538,-6.37643,6.98754,9.84841,-4.57537,-7.12451,-4.41059,6.40601,9.93426,-7.47285,5.70617,-8.78224,5.54997,8.69459,9.60247,-3.18665,6.05559,8.57735,3.32967,9.02839,4.04548,-5.87238,7.53386,-6.38182,4.34808,6.94437,-9.14443,-5.22963,-7.84451,3.09287,-4.21515,8.2743,-9.91305,-8.49243,2.50923,3.06098,-9.37964,-3.59104,8.50879,0.360277,4.63774,8.43935,-4.91924,-1.91872,3.79464,0.632272,-9.43419,4.36081,6.64909,6.09786,8.65776,-4.79096,7.60553,8.58455,-5.72149,8.42392,3.25207,1.65798,-3.75022,-5.95926,4.59236,-1.6404,-8.96763,0.239759,-0.30014,9.68103,6.8663,-2.1318,-3.68783,-1.22035,-8.84155,-7.48139,8.51625,-0.946429,2.14714,6.58846,6.19298
1.12936,2.76555,9.61103,9.84841,4.34221,-0.645062,-3.22727,3.6861,-5.08387,-7.65554,-5.64868,9.66932,0.90906,0.624881,-6.6769,7.99566,-7.57965,2.74267,1.26967,7.28699,-5.10551,-6.56903,8.70651,4.6597,5.60828,3.46824,-3.90736,3.9448,-0.300858,-4.501,-4.20517,2.12372,-6.61111,-5.62068,-4.81411,-4.88789,9.17661,6.25268,-4.70425,3.66205,-3.34437,-8.96695,-9.45026,1.47832,-9.56825,2.89981,-4.21638,3.05188,0.369668,6.04994,-2.37089,0.262667,-0.0638834,-4.04977,-9.64489,2.78464,1.22343,3.12997,-2.86845,-7.50117,-1.61207,1.67002,-7.45767,6.95081,9.43348,-5.5649,-7.75181,-8.88977,-4.20472,-7.07742,-3.8006,1.6718,0.161646,-8.19783,-5.02317,-8.18616,3.57045,-4.76819
-1.61193,-8.70182,8.7358,-4.57537,-0.645062,-2.45886,-8.02492,8.31105,-4.20268,-0.743258,5.08194,9.61756,-7.49885,-5.75888,3.01629,5.95452,-8.02756,2.26501,-4.61057,-5.42746,-4.91734,-4.58626,-5.66032,-7.02605,1.71583,9.72553,-1.14175,7.11202,6.90448,0.127518,-1.61989,-4.72747,3.38388,-0.739058,-9.66939,9.24249,4.25942,-7.66027,2.9242,2.21264,2.02181,-9.99381,2.5493,-0.709378,-9.61871,3.83461,6.72567,9.71113,7.33895,-8.49111,-9.55202,-4.29277,2.4669,7.55256,-6.43011,-0.765274,4.84682,6.21551,-6.37976,4.29497,-9.22956,-7.98034,-2.91854,-1.77453,-2.07501,-4.44023,6.50923,-9.06407,5.97385,1.32134,-9.42345,1.2734,-6.79209,6.45739,4.65598,3.69385,-0.0496492,-5.74835
5.08059,-8.72528,0.32549,-7.12451,-3.22727,-8.02492,6.79043,-9.27456,5.86793,5.97874,4.35615,-7.71599,3.59103,-2.66259,-2.88099,7.23606,8.74639,-5.83641,5.63107,4.78399,7.08682,-3.76783,5.2633,-0.24148,8.61802,2.317,-4.85716,-3.89643,-4.7955,9.33581,-9.88128,5.84395,-4.01791,2.20851,7.01033,0.297203,-9.83773,-6.90662,2.10314,9.28739,8.62867,6.35483,-4.57834,8.98488,9.88047,-3.08928,-6.2643,5.804,-8.43938,-8.39387,-2.55333,1.78907,0.616307,0.705718,-3.31917,4.85515,3.30991,-1.25098,5.44165,-2.36385,-8.19582,2.32616,-3.88611,-4.41582,3.74349,5.21669,6.51912,-2.40068,-1.0433,-4.16734,8.12335,3.07679,-6.15615,8.84284,3.08479,4.4397,8.37295,2.84418
5.02976,9.83176,7.68141,-4.41059,3.6861,8.31105,-9.27456,-0.0417901,-3.77819,4.63835,-5.4055,-4.7956,7.34377,4.01234,8.73911,1.03029,8.44758,-2.45194,4.74414,-4.86943,9.54955,-2.78705,-7.41239,-8.72887,-9.51385,3.3552,-6.3204,5.6011,6.13921,9.82072,1.10609,-2.32403,-0.401823,8.59419,-2.53067,-1.00385,-4.94558,-2.82831,-3.91188,6.15915,9.58864,-5.84457,-0.54571,-5.95381,5.39684,-8.99175,2.91126,2.8499,-6.98397,2.41336,5.14105,7.89212,2.54177,0.471885,-7.4706,2.53381,7.3284,-1.62232,-0.430839,1.5165,-0.626709,-4.32674,0.0707126,2.88779,-1.07323,0.34668,7.67419,1.36931,7.94525,0.308439,0.220631,-5.64667,-6.77717,-9.87717,3.03992,7.7612,-3.95929,-4.40738
9.54768,-8.09833,2.631,6.40601,-5.08387,-4.20268,5.86793,-3.77819,-5.36361,-6.69068,1.01132,0.55192,4.76044,-2.27987,1.75628,-5.52103,3.32305,5.58329,-8.92831,-1.61029,2.78839,-2.82041,-4.75676,6.3115,8.00372,0.240409,0.316787,1.44894,5.2096,9.07924,-2.96259,4.65949,-6.64764,2.69504,-1.94491,2.91261,-1.88024,2.02957,-4.8058,-8.08728,0.194321,-6.47437,8.95438,4.37344,-2.74634,-4.81996,-4.78143,6.77387,-8.9355,-3.76122,8.46229,3.865,-0.558242,6.91074,-9.08803,-7.02048,-5.19628,3.2252,7.62137,-6.18749,-5.36974,2.21686,3.30595,4.83575,-5.6381,1.50723,-4.85863,7.7903,4.14548,-8.54983,7.31481,1.04095,7.97859,9.05624,9.02662,-0.485847,4.43838,0.194046
2.62992,4.51771,-1.27909,9.93426,-7.65554,-0.743258,5.97874,4.63835,-6.69068,-8.94142,3.75022,-3.39338,3.77488,-4.52408,4.24916,-3.04737,-8.34867,-4.33243,-5.17648,-2.16444,-2.06962,-9.11045,2.71392,-4.64748,-0.38238,-1.62047,2.37581,4.27021,-3.99185,-1.246,5.29557,1.26924,1.71902,-0.51215,9.13383,6.52122,-3.17059,7.77782,-1.88654,-6.02564,5.47558,8.48798,-2.87162,-0.761549,-2.574,0.861523,-0.10291,8.50598,-8.40104,6.45519,6.76887,8.66094,3.02576,5.21981,9.69126,-6.74642,1.63352,9.40783,8.96787,3.79766,8.07546,4.44023,-3.9656,-3.33853,8.63052,-0.379438,-9.40726,-5.60667,-8.74156,2.12162,7.06902,-9.0505,-8.99465,4.58286,-8.3067,5.84774,-4.78544,2.65288
9.4698,5.52833,-8.47434,-7.47285,-5.64868,5.08194,4.35615,-5.4055,1.01132,3.75022,-8.22976,9.21183,-3.67617,1.40991,6.4324,3.60176,-7.98697,3.32088,-4.74072,2.56333,-7.95391,-1.99864,8.81271,-2.49286,-7.24565,8.84262,7.20855,6.36261,-7.86675,-4.21095,5.68917,-2.18676,-2.3686,5.28361,-7.7354,-0.376878,1.763,5.20504,5.54444,2.40395,9.82803,6.43635,4.34146,9.55543,1.52249,-4.34209,2.61105,-7.29091,0.653056,3.61039,-1.45174,-7.50519,-5.45599,0.19559,3.31433,7.95529,0.49064,-6.85308,4.30984,0.114452,3.98101,1.89475,-3.33574,1.51473,5.98813,-9.96675,0.219414,-6.1764,8.01933,-0.761321,-3.54984,-0.440633,-0.124593,-3.39537,-4.56009,0.0704457,-0.185395,-4.83246
-7.92234,-3.20493,4.57871,5.70617,9.66932,9.61756,-7.71599,-4.7956,0.55192,-3.39338,9.21183,-5.59611,3.31493,-5.12034,5.58772,-8.59166,0.378341,2.57938,2.04296,-5.08654,5.59821,0.540583,3.14245,-5.17116,-2.23677,-1.73022,-2.71728,-2.16891,-4.02412,-4.54091,0.922525,-9.226,2.95773,-6.17692,-7.59331,4.70373,-4.07633,0.596863,-4.70972,7.88714,-1.38317,-3.69273,9.55549,1.88927,-1.04964,-2.94933,-0.179121,0.538813,-5.55937,4.21808,8.24977,7.2381,-5.1312,-1.54608,-7.39469,1.07119,9.54433,2.7976,5.21239,5.36085,4.4308,-3.17305,-7.74613,-7.94389,-1.75504,7.36114,2.53781,1.60384,-8.67636,-9.3148,-4.08936,6.39474,4.98985,4.41519,-8.89796,8.67097,-6.18828,-5.01233
3.44153,6.18094,0.136804,-8.78224,0.90906,-7.49885,3.59103,7.34377,4.76044,3.77488,-3.67617,3.31493,6.53198,-8.75843,-0.904574,8.34113,2.94739,5.1671,-4.57736,-0.79025,7.2782,-3.81237,1.22947,6.59159,-9.11804,-8.95164,-2.93082,4.38498,8.53018,-5.47581,6.25008,8.98874,2.28085,1.71425,5.76055,3.98923,-9.09496,6.56641,6.70022,1.01646,-2.49982,-2.72381,-4.52088,-6.02664,-3.3212,4.58788,3.79762,3.81022,-4.0375,-1.07752,7.7513,-2.95788,1.5709,-4.01366,-6.0447,2.97755,-5.6516,-8.85564,-0.465065,-3.40976,0.517928,-1.31145,4.10233,-2.6739,7.82024,-5.16051,-6.16979,-6.19127,-4.03544,-0.907332,6.87534,-3.1812,7.79577,-5.77181,1.58668,-7.26918,3.18961,6.55867
1.87436,0.976949,5.46242,5.54997,0.624881,-5.75888,-2.66259,4.01234,-2.27987,-4.52408,1.40991,-5.12034,-8.75843,6.19876,-2.98741,-8.57678,-8.16184,-8.40172,-6.58044,-6.05901,-1.66725,-8.96232,-5.67397,-3.07444,4.04939,0.950941,1.53016,8.9187,0.597956,-7.74811,1.36759,0.443049,1.04752,9.79475,4.62566,2.75978,-2.12457,9.36161,-6.72976,0.0725461,-8.63892,-7.93326,1.06275,6.30536,7.00869,-1.51991,-8.02275,2.91174,0.661077,-3.73348,9.67749,6.92927,-8.00022,-7.38219,-0.881801,-6.96627,-4.15766,5.26549,6.21781,-9.34137,5.87797,-4.05446,-6.64015,1.28215,-8.25837,-1.93628,-0.12906,3.45642,-6.31774,-4.76582,-1.67095,-4.999,-2.5756,-3.08525,-1.50978,9.91947,5.33053,7.57915
-8.92717,-0.266461,-1.69984,8.69459,-6.6769,3.01629,-2.88099,8.73911,1.75628,4.24916,6.4324,5.58772,-0.904574,-2.98741,-7.33723,1.85248,-7.87497,-0.50431,6.01678,9.43499,-3.62919,1.57699,3.55387,-8.82412,0.609617,-2.80567,0.573214,9.38051,7.24314,3.92265,8.43011,-1.10138,-9.60287,-8.12016,2.57755,7.48882,5.22041,8.96581,6.68277,-2.01847,-4.95061,-4.68708,-0.700082,8.57729,3.55007,1.00488,6.47314,1.71469,-4.63204,-7.5577,1.36414,7.49208,-0.393047,-1.99266,8.17627,-9.60061,6.7816,7.63038,3.81424,-6.06744,8.62922,3.59956,-1.30775,-7.00281,-9.65712,-8.35953,-0.459176,-5.19056,1.17813,-4.99321,-1.13004,7.81882,-0.0175491,1.12493,-3.64141,-0.907497,-8.92111,8.17902
-4.14135,2.93895,7.47676,9.60247,7.99566,5.95452,7.23606,1.03029,-5.52103,-3.04737,3.60176,-8.59166,8.34113,-8.57678,1.85248,-9.11165,-8.69035,-6.69221,3.4012,2.73779,-3.61043,-8.24883,7.57556,-8.44708,3.72193,-4.81106,-6.78979,-0.593319,9.18485,6.56252,-9.30213,-1.63422,-6.03,2.51868,9.04597,-2.49176,0.0160698,9.23062,1.81283,-3.61849,-4.77633,-1.45681,-4.30466,-1.67737,-5.62087,-9.72497,-0.385641,1.67621,-0.645124,-1.1356,-0.379632,5.58396,6.29245,-9.01809,8.17374,-0.507521,-8.57038,-1.75415,7.55536,-6.67214,-5.37503,-4.4026,1.87012,2.08725,-5.1775,9.15293,0.764723,-1.7688,5.51396,1.84961,4.30701,4.44169,-7.00949,7.20628,1.17206,-7.06083,-6.95873,0.735836
9.9334,7.79051,-7.63204,-3.18665,-7.57965,-8.02756,8.74639,8.44758,3.32305,-8.34867,-7.98697,0.378341,2.94739,-8.16184,-7.87497,-8.69035,3.88652,-0.719355,-8.3199,7.62278,0.529603,3.60033,7.05771,2.29742,3.11293,4.40326,-8.04884,2.24543,9.27839,7.1214,0.652408,0.362843,-4.98016,-0.0571204,-2.8766,2.04235,1.55458,0.464432,-5.89969,-4.63224,8.22179,0.392309,-5.41545,-4.24931,0.296401,5.38764,-0.689334,1.83586,1.83343,4.98178,2.44389,8.10168,-4.04998,-3.2623,1.04927,7.54371,-6.8774,-9.43506,9.18972,4.00321,-1.17693,-1.13908,-1.74136,9.30359,8.48248,7.61736,6.91268,-7.46802,7.22347,8.1231,-3.35877,-5.18138,1.23057,-1.32666,-6.54533,-1.09156,1.6777,7.77092
1.79748,7.53644,-5.35134,6.05559,2.74267,2.26501,-5.83641,-2.45194,5.58329,-4.33243,3.32088,2.57938,5.1671,-8.40172,-0.50431,-6.69221,-0.719355,9.29102,-3.88722,7.06406,-7.28134,9.85316,-6.86713,-8.37732,-3.49588,7.50529,-1.3296,5.75155,-9.70728,9.2876,0.876105,-8.17955,-1.90394,0.92983,-4.57125,5.43088,3.81958,-0.520631,4.71346,7.03751,-0.920153,-7.29305,-7.78641,2.5056,-3.99763,2.83075,0.721696,9.35424,-0.040446,0.676425,-4.02432,-5.37479,6.18815,-8.34662,-3.21334,-1.69598,-5.44482,5.23375,6.1686,1.12353,-7.94917,8.13381,0.210587,-4.77247,-2.72043,2.47746,8.87982,7.09807,6.99899,-2.57784,9.23263,6.52636,-4.14701,-0.0416459,-4.43163,-4.58478,-6.3192,9.32436
5.66054,1.02992,-6.04354,8.57735,1.26967,-4.61057,5.63107,4.74414,-8.92831,-5.17648,-4.74072,2.04296,-4.57736,-6.58044,6.01678,3.4012,-8.3199,-3.88722,2.09896,-4.87609,-0.626362,3.3114,-0.412089,-3.17222,3.96068,8.03891,2.37255,-8.29488,9.67289,-1.4111,9.76264,-2.68159,-2.7309,-2.64227,-1.1292,6.00205,2.62794,1.38294,2.74221,-5.62675,0.780327,-0.658361,2.82061,5.95941,-1.6781,5.26314,-6.41991,-4.43209,-7.05418,-0.361495,-9.30709,-1.62986,-5.90438,9.06448,-9.34953,6.78179,-5.71078,-4.38081,5.59789,5.00959,9.11438,-5.62057,3.27189,8.00995,-7.19724,5.20421,6.98852,-1.58073,0.910695,-1.18637,-6.60487,6.73254,-3.46427,8.0591,6.26101,9.51884,-2.75462,0.572137
5.29102,-4.0999,-4.65279,3.32967,7.28699,-5.42746,4.78399,-4.86943,-1.61029,-2.16444,2.56333,-5.08654,-0.79025,-6.05901,9.43499,2.73779,7.62278,7.06406,-4.87609,6.65294,-5.71742,-1.95223,4.88452,2.46558,1.77214,8.0984,0.646503,0.864414,7.84986,6.5531,-3.64838,-3.30111,5.60414,-7.00416,-2.30372,6.04115,9.36349,-5.23714,4.65397,6.87774,-5.04974,8.96855,-4.39254,-9.28029,3.97893,-3.44141,6.38499,-8.93627,8.95323,3.36017,-3.20845,2.22947,7.02198,0.147102,-4.31093,-2.16863,7.4871,-8.39415,-9.87014,-7.0512,2.80036,6.35668,-0.419724,1.0285,6.66068,5.88085,3.42999,-7.82116,-3.18283,-3.32574,-1.50127,4.30723,-4.09617,-2.19096,-0.596922,-3.55952,9.82698,3.39299
8.24749,-7.7793,-8.6695,9.02839,-5.10551,-4.91734,7.08682,9.54955,2.78839,-2.06962,-7.95391,5.59821,7.2782,-1.66725,-3.62919,-3.61043,0.529603,-7.28134,-0.626362,-5.71742,5.83019,-7.38695,0.430069,1.75292,-8.48995,-9.52063,6.24154,-8.04465,9.17928,-1.43279,2.26063,6.06929,2.19712,-3.37293,7.22075,-4.5787,6.87572,-9.12843,-9.15524,-8.63283,3.4235,6.2505,8.72163,-5.24088,3.29438,-8.44563,-8.8625,-4.03249,5.48151,5.86468,3.85403,-3.14399,-2.28084,-2.78871,8.87754,6.85076,7.70156,0.296129,-0.933147,5.57075,2.29975,-8.08565,5.36883,1.33883,8.46266,7.82628,8.72573,7.20058,0.090494,-7.16487,9.98258,-0.196234,-9.45261,-4.83183,4.7677,-4.44617,6.70646,-4.01974
1.79611,-1.01567,9.36356,4.04548,-6.56903,-4.58626,-3.76783,-2.78705,-2.82041,-9.11045,-1.99864,0.540583,-3.81237,-8.96232,1.57699,-8.24883,3.60033,9.85316,3.3114,-1.95223,-7.38695,0.122051,-4.35608,-7.79509,-1.91213,4.82501,4.14674,-1.71069,-7.32169,-5.65028,-7.22026,8.95273,9.06112,-9.75446,-9.12485,-7.6827,8.9427,6.97974,-4.97245,-9.04697,-6.31297,-1.1953,9.86795,-7.21762,-6.13224,-9.75293,8.98632,1.40986,-6.31327,-7.31673,9.61872,-7.79433,1.98881,4.48452,-3.83411,0.116326,1.9856,-0.197362,7.48393,-3.79067,8.92285,1.43135,5.3435,3.63235,1.56149,-3.26025,7.49673,-8.2277,-1.30204,8.51165,-3.4708,-5.30465,-1.39655,-9.04101,7.08578,8.77367,-4.47782,3.58881
-0.0150711,6.56817,1.2679,-5.87238,8.70651,-5.66032,5.2633,-7.41239,-4.75676,2.71392,8.81271,3.14245,1.22947,-5.67397,3.55387,7.57556,7.05771,-6.86713,-0.412089,4.88452,0.430069,-4.35608,-9.43932,3.84943,9.8009,1.18533,-6.33183,-4.44508,-6.25406,-7.40887,2.1421,8.89968,5.61231,-5.79497,3.84265,-6.94764,7.76117,1.36536,0.820471,-7.65446,8.43191,4.73918,-9.51298,6.74212,7.56958,2.74796,1.76299,7.21001,7.49358,8.69231,-4.56005,-1.79986,-0.884876,-4.01334,-4.92033,8.92871,4.38802,4.18189,-1.34935,0.976771,0.649959,7.16278,0.357266,-0.223542,-5.9039,-7.45093,-6.40218,-0.971306,8.46686,5.48892,7.42917,-3.67066,5.65708,-4.66048,6.2808,-2.09699,-0.875126,-6.86721
5.51928,-6.82998,-4.21169,7.53386,4.6597,-7.02605,-0.24148,-8.72887,6.3115,-4.64748,-2.49286,-5.17116,6.59159,-3.07444,-8.82412,-8.44708,2.29742,-8.37732,-3.17222,2.46558,1.75292,-7.79509,3.84943,-3.2956,9.28966,-2.04416,1.31982,7.33059,-6.63019,6.25368,-9.95175,2.39775,6.15744,-5.36961,9.73085,2.28562,0.447619,9.10892,6.69581,-0.95041,3.55854,8.35744,2.99814,-9.54964,-2.31216,-6.85774,-5.23895,2.88336,5.74445,7.56767,6.85048,-9.59802,-4.77298,-0.205019,1.17113,-6.19284,-3.91454,-9.05464,-7.37282,8.61261,-5.27942,-0.488327,-2.9806,2.15624,-7.87573,-9.23347,0.412744,3.01502,-7.95536,-9.53788,-2.64894,-7.66376,-7.61876,-6.51869,-9.61421,4.7383,8.09097,-4.87605
3.61834,-8.15866,0.772188,-6.38182,5.60828,1.71583,8.61802,-9.51385,8.00372,-0.38238,-7.24565,-2.23677,-9.11804,4.04939,0.609617,3.72193,3.11293,-3.49588,3.96068,1.77214,-8.48995,-1.91213,9.8009,9.28966,-6.72118,-6.84501,1.87178,3.35944,2.85953,-1.64441,5.55767,4.32616,-1.22177,-9.98184,1.77676,-5.74706,9.39451,0.265747,5.9572,4.22294,9.68033,5.79701,9.83935,-7.0982,-9.0245,-0.00114452,4.51827,0.102773,2.79476,-1.85863,7.68821,6.67449,9.45807,-4.81037,-6.31048,8.02053,-6.953,8.4786,-3.33432,3.99849,-1.61144,-4.7985,-3.74646,-1.47481,1.2737,-2.57243,-2.64209,-9.55992,-5.99957,-4.04931,-4.83375,-4.13148,-8.40549,-5.73738,2.59218,4.57748,9.88895,1.45414
7.28533,-5.71291,-4.32649,4.34808,3.46824,9.72553,2.317,3.3552,0.240409,-1.62047,8.84262,-1.73022,-8.95164,0.950941,-2.80567,-4.81106,4.40326,7.50529,8.03891,8.0984,-9.52063,4.82501,1.18533,-2.04416,-6.84501,7.40963,5.99674,-2.08513,-0.463331,5.39539,-7.20278,1.66084,7.95948,-8.27647,-7.27782,0.171445,6.47845,4.20888,6.89683,2.14686,0.562809,8.79853,3.98306,3.81715,5.12112,9.01656,-7.94843,4.92801,-3.97234,1.35038,4.4168,-7.83295,3.33774,4.97581,-9.42112,-5.76583,-1.40347,2.78923,0.399592,0.727616,-1.60689,-6.93107,4.35615,-6.22396,-7.19031,9.93786,4.51339,9.90207,-7.28175,0.645216,8.89803,-0.607647,-5.91009,5.00914,-0.871623,-2.2785,6.87437,1.4286
-4.36907,8.99243,-9.51985,6.94437,-3.90736,-1.14175,-4.85716,-6.3204,0.316787,2.37581,7.20855,-2.71728,-2.93082,1.53016,0.573214,-6.78979,-8.04884,-1.3296,2.37255,0.646503,6.24154,4.14674,-6.33183,1.31982,1.87178,5.99674,7.00944,-5.02377,-3.08127,2.84897,-2.77813,4.30183,-7.00759,-2.21148,-5.15604,0.000368404,1.20632,1.12636,8.48002,2.96495,0.817371,-5.57665,2.83964,-3.60698,8.82397,-5.06998,-2.52249,8.84992,-0.161844,9.48643,2.52272,-2.32946,4.03888,2.56271,8.41584,-6.75073,-8.78605,0.431899,8.29088,9.37783,-0.052504,-0.313384,-7.0263,-7.66188,-2.63735,7.15436,3.28617,6.38187,7.09468,-8.95136,-2.57891,3.59445,-0.297552,-8.06931,-1.91272,-5.09247,1.71731,-4.06903
-7.59219,-1.81343,-8.41522,-9.14443,3.9448,7.11202,-3.89643,5.6011,1.44894,4.27021,6.36261,-2.16891,4.38498,8.9187,9.38051,-0.593319,2.24543,5.75155,-8.29488,0.864414,-8.04465,-1.71069,-4.44508,7.33059,3.35944,-2.08513,-5.02377,6.18697,5.069,-9.70916,-9.01891,0.41706,-5.58551,-6.70073,-5.75472,-6.01362,-8.59297,-0.335635,5.67321,5.83834,4.01502,6.84844,-9.49687,7.9406,2.18661,8.30602,-9.97576,8.33877,-0.964545,-1.08551,5.43529,-2.21859,-2.60331,-1.72067,-3.24674,-5.56213,-7.32096,8.74143,5.36732,-7.99225,-9.74185,-4.38148,-1.31521,9.9949,6.14234,-6.62582,-1.84968,-8.98968,1.59915,-3.39293,7.18523,0.783386,8.57408,4.03014,-2.40392,7.79374,-9.38873,-8.97971
-8.58044,-6.75229,-0.617325,-5.22963,-0.300858,6.90448,-4.7955,6.13921,5.2096,-3.99185,-7.86675,-4.02412,8.53018,0.597956,7.24314,9.18485,9.27839,-9.70728,9.67289,7.84986,9.17928,-7.32169,-6.25406,-6.63019,2.85953,-0.463331,-3.08127,5.069,8.27553,8.65054,-1.83197,-5.62795,-6.3477,-0.808555,-4.58931,0.633305,-5.68031,-6.62351,7.54021,6.94582,5.07836,-9.41591,-5.83423,0.517909,-8.76359,9.90014,-4.13929,8.61321,-8.57881,-2.61501,4.24719,-0.295809,6.6878,4.43623,9.68533,-0.393368,7.2453,-2.26527,-4.31615,-4.44835,-1.67402,-4.43252,-1.05319,-8.45846,9.8012,7.10023,2.6639,-7.54014,4.34444,-0.88944,-2.61989,-5.34211,-0.253916,8.62719,-8.40296,-5.2277,-2.11857,3.36545
-9.37264,8.5854,8.04325,-7.84451,-4.501,0.127518,9.33581,9.82072,9.07924,-1.246,-4.21095,-4.54091,-5.47581,-7.74811,3.92265,6.56252,7.1214,9.2876,-1.4111,6.5531,-1.43279,-5.65028,-7.40887,6.25368,-1.64441,5.39539,2.84897,-9.70916,8.65054,-4.67925,-5.53172,1.91368,-7.55109,-4.06099,4.27024,-0.0286039,6.38902,-1.45684,4.4728,4.53247,-7.89959,-0.851753,3.15805,4.06338,9.98883,-4.37936,-2.29653,-1.97862,-2.48698,0.722144,8.93233,-5.81618,-3.24998,9.54297,-7.74406,-9.23151,-8.7064,9.75994,-3.98073,-9.13091,0.435538,6.26337,2.53671,1.29326,8.23127,-0.218425,6.56958,-7.21611,-0.865938,6.84716,0.526602,0.382928,2.37866,5.91401,4.53979,4.38207,3.51143,-7.75985
-5.42481,9.62123,6.82376,3.09287,-4.20517,-1.61989,-9.88128,1.10609,-2.96259,5.29557,5.68917,0.922525,6.25008,1.36759,8.43011,-9.30213,0.652408,0.876105,9.76264,-3.64838,2.26063,-7.22026,2.1421,-9.95175,5.55767,-7.20278,-2.77813,-9.01891,-1.83197,-5.53172,-9.41877,-9.43024,-2.98283,-6.65468,5.37491,9.39816,-6.03223,-5.12909,-7.29327,-6.21634,2.47336,-4.83937,9.98236,0.101663,2.55674,8.63621,-2.54454,-3.82217,-8.95101,0.931469,7.40789,-7.09759,3.97213,-1.07854,4.85413,8.99852,-5.28852,1.27611,2.62689,-4.63508,5.60856,-9.21549,-5.855,-8.72409,-9.19145,1.7183,-2.42532,-2.42359,-6.70406,2.6017,1.39045,-2.33501,-7.46413,-4.0185,-9.08846,-8.90023,9.78582,5.20682
1.83091,7.06645,5.96628,-4.21515,2.12372,-4.72747,5.84395,-2.32403,4.65949,1.26924,-2.18676,-9.226,8.98874,0.443049,-1.10138,-1.63422,0.362843,-8.17955,-2.68159,-3.30111,6.06929,8.95273,8.89968,2.39775,4.32616,1.66084,4.30183,0.41706,-5.62795,1.91368,-9.43024,-5.75032,-0.651568,-3.46976,-4.61498,4.21107,0.00369175,7.22094,8.63666,6.15172,-1.29131,8.05944,7.99559,-1.74128,-7.52575,1.89508,-7.2253,6.17709,7.57736,3.14705,4.84803,3.05571,5.62178,-5.82872,6.26188,1.30523,-5.94368,-8.80002,1.9246,4.33812,-2.14703,-3.27673,-9.93332,9.11599,9.33972,-1.22314,5.93804,-0.452734,3.11026,-3.91118,4.33557,-2.97185,2.53664,3.73871,6.0405,-3.61515,-8.94773,2.23245
-2.21629,-8.56518,-3.6879,8.2743,-6.61111,3.38388,-4.01791,-0.401823,-6.64764,1.71902,-2.3686,2.95773,2.28085,1.04752,-9.60287,-6.03,-4.98016,-1.90394,-2.7309,5.60414,2.19712,9.06112,5.61231,6.15744,-1.22177,7.95948,-7.00759,-5.58551,-6.3477,-7.55109,-2.98283,-0.651568,4.66339,1.39297,-2.10006,-0.653516,5.66655,5.94732,-0.357947,4.18889,-5.58857,-7.90968,-8.39081,-5.14033,3.36214,-0.15024,5.27534,-3.91437,0.605098,-2.08602,3.44773,-4.22278,-4.56956,6.26052,-8.78865,9.25827,5.94994,-3.11258,6.36443,-6.48931,-9.30307,1.024,-7.77529,8.25111,8.60359,8.12802,0.616189,-0.515626,6.63589,0.0372241,-9.37781,3.91484,-0.848086,-5.12933,9.7868,2.01271,-9.5657,-2.12875
1.71453,5.27515,5.97204,-9.91305,-5.62068,-0.739058,2.20851,8.59419,2.69504,-0.51215,5.28361,-6.17692,1.71425,9.79475,-8.12016,2.51868,-0.0571204,0.92983,-2.64227,-7.00416,-3.37293,-9.75446,-5.79497,-5.36961,-9.98184,-8.27647,-2.21148,-6.70073,-0.808555,-4.06099,-6.65468,-3.46976,1.39297,-4.5997,0.737651,4.39452,7.53134,1.634,8.14714,8.44552,6.88762,-8.48163,-4.29032,1.10569,7.30203,-8.2292,-0.204203,5.73663,7.34755,9.25432,-5.95043,8.522,-8.52163,-9.09957,0.517681,6.05596,8.38577,-5.70806,-1.8101,-3.67639,-0.482895,-2.35868,8.44418,8.44934,-8.91782,5.50245,7.76808,-2.87757,-5.61542,-1.76842,-5.38333,9.38455,-7.67042,-6.04177,-2.206,-0.482242,8.64275,8.45867
-5.94489,6.74311,2.16802,-8.49243,-4.81411,-9.66939,7.01033,-2.53067,-1.94491,9.13383,-7.7354,-7.59331,5.76055,4.62566,2.57755,9.04597,-2.8766,-4.57125,-1.1292,-2.30372,7.22075,-9.12485,3.84265,9.73085,1.77676,-7.27782,-5.15604,-5.75472,-4.58931,4.27024,5.37491,-4.61498,-2.10006,0.737651,-7.87327,-4.85645,4.58884,-7.13872,-4.62399,6.27466,2.46715,-3.24538,-5.18804,-0.474911,-6.15246,-8.14544,-2.458,-2.87875,5.0838,-3.17124,-9.52111,6.18551,4.90309,1.05776,-3.16559,-5.75873,8.41391,8.79268,-4.0106,4.48304,1.82479,0.738361,9.44755,5.1597,6.14608,1.4452,2.10818,9.68803,-5.10823,-2.58747,-3.62514,-7.51315,1.74846,-1.9258,-5.32435,9.54493,-0.590663,-9.0958
-2.86233,-0.116189,-2.73734,2.50923,-4.88789,9.24249,0.297203,-1.00385,2.91261,6.52122,-0.376878,4.70373,3.98923,2.75978,7.48882,-2.49176,2.04235,5.43088,6.00205,6.04115,-4.5787,-7.6827,-6.94764,2.28562,-5.74706,0.171445,0.000368404,-6.01362,0.633305,-0.0286039,9.39816,4.21107,-0.653516,4.39452,-4.85645,1.83193,-8.20158,-5.30578,-6.90634,-9.46857,-8.09725,-4.57413,-5.67271,0.435862,-2.20389,9.62663,4.0517,-6.22239,3.55951,2.3078,-5.47332,8.17149,4.06914,-3.94139,-7.89367,1.50391,-6.40234,-6.44543,-7.77953,-4.50363,8.07424,-8.97394,1.94725,-4.74334,3.95678,1.50552,-8.44968,6.81571,3.12948,5.51955,-4.39959,-4.17061,9.5971,-3.88571,-2.08561,6.73534,-1.92525,0.401348
3.07224,-7.28324,-9.24365,3.06098,9.17661,4.25942,-9.83773,-4.94558,-1.88024,-3.17059,1.763,-4.07633,-9.09496,-2.12457,5.22041,0.0160698,1.55458,3.81958,2.62794,9.36349,6.87572,8.9427,7.76117,0.447619,9.39451,6.47845,1.20632,-8.59297,-5.68031,6.38902,-6.03223,0.00369175,5.66655,7.53134,4.58884,-8.20158,-4.8825,-8.76216,4.11661,-0.047905,0.365758,7.01252,0.0881587,8.644,2.90229,-1.55294,-7.21868,8.53299,-0.977133,-1.29777,-7.2422,8.98171,6.9014,-8.30824,0.0389362,1.40586,-8.88497,-4.14114,9.0149,-3.99557,4.09901,2.49671,-5.4773,4.73484,8.8678,8.165,-1.27809,2.58252,-2.38133,-2.70265,-2.78328,5.72229,4.84208,-2.5487,-5.58429,4.36387,7.37533,-1.74273
-2.92314,-7.55853,8.64164,-9.37964,6.25268,-7.66027,-6.90662,-2.82831,2.02957,7.77782,5.20504,0.596863,6.56641,9.36161,8.96581,9.23062,0.464432,-0.520631,1.38294,-5.23714,-9.12843,6.97974,1.36536,9.10892,0.265747,4.20888,1.12636,-0.335635,-6.62351,-1.45684,-5.12909,7.22094,5.94732,1.634,-7.13872,-5.30578,-8.76216,2.0744,-5.30009,-7.42523,-9.37603,2.39781,-0.286369,-6.84277,-7.67294,6.07745,-6.50007,-4.90269,3.67097,3.92304,-6.61845,2.95132,-2.44329,1.76271,1.20003,-4.14907,-2.06487,2.39571,5.99914,0.318879,-2.27302,-5.45443,7.21511,1.77933,-3.2351,-7.5537,6.02214,-6.45287,8.01102,0.737896,-1.22381,-2.7165,8.55392,9.16182,-3.06701,-2.38309,9.83438,6.77727
-1.17132,9.39881,-1.40316,-3.59104,-4.70425,2.9242,2.10314,-3.91188,-4.8058,-1.88654,5.54444,-4.70972,6.70022,-6.72976,6.68277,1.81283,-5.89969,4.71346,2.74221,4.65397,-9.15524,-4.97245,0.820471,6.69581,5.9572,6.89683,8.48002,5.67321,7.54021,4.4728,-7.29327,8.63666,-0.357947,8.14714,-4.62399,-6.90634,4.11661,-5.30009,8.77181,-7.18218,-1.58318,-5.62751,8.78672,6.68681,-6.67014,-2.38388,5.38319,0.283581,-3.21562,9.27103,-5.53503,2.26551,-6.6264,0.555665,2.84414,-0.894226,-3.96729,9.3939,8.37789,-8.23289,-8.03425,-0.751488,2.1399,-4.04017,8.69163,9.74716,-9.68738,-0.0709177,-8.70414,5.26637,-4.10528,-6.53485,7.51395,-7.4587,0.490439,1.76342,5.8612,-3.91152
6.27451,-2.05783,-3.6872,8.50879,3.66205,2.21264,9.28739,6.15915,-8.08728,-6.02564,2.40395,7.88714,1.01646,0.0725461,-2.01847,-3.61849,-4.63224,7.03751,-5.62675,6.87774,-8.63283,-9.04697,-7.65446,-0.95041,4.22294,2.14686,2.96495,5.83834,6.94582,4.53247,-6.21634,6.15172,4.18889,8.44552,6.27466,-9.46857,-0.047905,-7.42523,-7.18218,7.30663,6.04416,4.10413,6.94699,-9.68836,8.90806,-6.44417,-0.0853678,-5.89252,-6.26833,-0.601382,-9.88496,-8.38377,4.46567,5.697,-5.55665,0.843205,3.09387,9.94687,-6.21448,9.64861,-2.89445,3.88059,3.97611,6.82219,-6.01198,-9.75547,-3.95393,-0.423964,-0.227707,-6.60541,2.46772,-9.44649,6.66747,-2.09349,-8.38207,5.44638,-1.26992,1.91545
-0.123331,9.86241,-8.16925,0.360277,-3.34437,2.02181,8.62867,9.58864,0.194321,5.47558,9.82803,-1.38317,-2.49982,-8.63892,-4.95061,-4.77633,8.22179,-0.920153,0.780327,-5.04974,3.4235,-6.31297,8.43191,3.55854,9.68033,0.562809,0.817371,4.01502,5.07836,-7.89959,2.47336,-1.29131,-5.58857,6.88762,2.46715,-8.09725,0.365758,-9.37603,-1.58318,6.04416,-7.22602,-4.17832,-4.82246,-9.83734,8.66749,-8.24487,-1.43509,-3.8058,4.69349,5.97211,0.361041,-4.14072,-8.8434,-3.08099,-5.73876,-1.27605,2.92266,8.89423,-7.75212,5.97202,-5.40539,-4.80838,-6.36175,-4.90726,5.52774,6.26661,5.64723,-5.66973,8.46954,0.422086,-4.61005,5.96989,2.61681,6.66598,-4.75108,7.22457,-4.72709,-1.91307
-3.59302,4.86195,-5.66905,4.63774,-8.96695,-9.99381,6.35483,-5.84457,-6.47437,8.48798,6.43635,-3.69273,-2.72381,-7.93326,-4.68708,-1.45681,0.392309,-7.29305,-0.658361,8.96855,6.2505,-1.1953,4.73918,8.35744,5.79701,8.79853,-5.57665,6.84844,-9.41591,-0.851753,-4.83937,8.05944,-7.90968,-8.48163,-3.24538,-4.57413,7.01252,2.39781,-5.62751,4.10413,-4.17832,6.35926,8.23562,2.38386,-3.99643,1.7448,7.6985,5.98731,-6.04259,5.56743,-6.70434,2.03897,1.32769,-2.91997,3.00647,-5.13823,-6.92543,3.90696,-9.81496,9.93299,-7.28152,-1.63066,3.97401,-7.05873,1.72993,5.2977,0.812344,4.7374,-4.25924,8.91205,6.56532,-3.96591,0.371599,9.94591,2.16363,8.24693,5.44561,7.6326
6.1753,9.22514,-5.96875,8.43935,-9.45026,2.5493,-4.57834,-0.54571,8.95438,-2.87162,4.34146,9.55549,-4.52088,1.06275,-0.700082,-4.30466,-5.41545,-7.78641,2.82061,-4.39254,8.72163,9.86795,-9.51298,2.99814,9.83935,3.98306,2.83964,-9.49687,-5.83423,3.15805,9.98236,7.99559,-8.39081,-4.29032,-5.18804,-5.67271,0.0881587,-0.286369,8.78672,6.94699,-4.82246,8.23562,-3.72318,3.41146,8.71007,3.0522,-6.73219,9.50588,0.770689,-7.48771,-4.28817,6.19884,-6.1019,-3.22376,-4.25096,-2.60823,0.0501679,-4.86602,6.87005,0.566325,-4.7193,3.42704,-6.06612,-8.95971,8.73478,6.46744,2.55711,4.73176,3.3357,-8.43098,-4.80317,-9.70004,-0.428149,-6.72401,8.00589,7.96911,4.6711,8.10207
1.58725,-2.6078,4.55309,-4.91924,1.47832,-0.709378,8.98488,-5.95381,4.37344,-0.761549,9.55543,1.88927,-6.02664,6.30536,8.57729,-1.67737,-4.24931,2.5056,5.95941,-9.28029,-5.24088,-7.21762,6.74212,-9.54964,-7.0982,3.81715,-3.60698,7.9406,0.517909,4.06338,0.101663,-1.74128,-5.14033,1.10569,-0.474911,0.435862,8.644,-6.84277,6.68681,-9.68836,-9.83734,2.38386,3.41146,-3.18824,-7.98747,6.65997,0.848402,-4.5773,-1.25448,4.17668,-4.30475,3.40118,-5.68548,-1.47428,-4.63306,-1.23783,-7.21411,-4.83109,7.5759,-9.16355,1.19628,4.87047,-2.39578,6.2249,8.89277,-9.65147,-9.97749,4.50856,-6.73398,-8.79216,4.23657,9.83037,0.353355,-8.05016,-6.76943,-7.00741,-6.42345,-7.70537
-8.45908,9.52923,9.9772,-1.91872,-9.56825,-9.61871,9.88047,5.39684,-2.74634,-2.574,1.52249,-1.04964,-3.3212,7.00869,3.55007,-5.62087,0.296401,-3.99763,-1.6781,3.97893,3.29438,-6.13224,7.56958,-2.31216,-9.0245,5.12112,8.82397,2.18661,-8.76359,9.98883,2.55674,-7.52575,3.36214,7.30203,-6.15246,-2.20389,2.90229,-7.67294,-6.67014,8.90806,8.66749,-3.99643,8.71007,-7.98747,-0.52406,-0.730744,-6.49137,-6.20611,3.20068,6.92249,-1.78055,-3.56384,9.06927,-9.09883,8.81807,-1.59962,-2.46837,6.681,-4.21127,-8.75643,0.745972,-9.02459,-8.92613,4.76095,-4.92018,-9.08049,-7.19385,0.201715,1.57058,4.52058,6.64446,-3.19485,-4.645,-4.36759,7.10566,4.33311,-4.92711,6.01193
6.75302,-3.81671,-3.53304,3.79464,2.89981,3.83461,-3.08928,-8.99175,-4.81996,0.861523,-4.34209,-2.94933,4.58788,-1.51991,1.00488,-9.72497,5.38764,2.83075,5.26314,-3.44141,-8.44563,-9.75293,2.74796,-6.85774,-0.00114452,9.01656,-5.06998,8.30602,9.90014,-4.37936,8.63621,1.89508,-0.15024,-8.2292,-8.14544,9.62663,-1.55294,6.07745,-2.38388,-6.44417,-8.24487,1.7448,3.0522,6.65997,-0.730744,6.36783,-4.53713,-0.147079,-1.99149,-8.68177,2.58137,3.7265,2.032,-6.8958,7.83361,-6.54765,-4.8005,-7.0729,2.45386,4.12395,-0.413852,2.63039,6.00535,-4.80634,6.26864,2.68684,-0.504251,-3.96768,9.56226,7.10987,-6.42401,-7.95005,-1.85319,4.53601,-4.53244,5.20035,-5.00963,4.74532
-0.0599658,-6.83031,-9.76139,0.632272,-4.21638,6.72567,-6.2643,2.91126,-4.78143,-0.10291,2.61105,-0.179121,3.79762,-8.02275,6.47314,-0.385641,-0.689334,0.721696,-6.41991,6.38499,-8.8625,8.98632,1.76299,-5.23895,4.51827,-7.94843,-2.52249,-9.97576,-4.13929,-2.29653,-2.54454,-7.2253,5.27534,-0.204203,-2.458,4.0517,-7.21868,-6.50007,5.38319,-0.0853678,-1.43509,7.6985,-6.73219,0.848402,-6.49137,-4.53713,9.21518,-2.44197,-2.49338,5.41589,2.37046,-6.36758,-4.68441,-6.84717,-9.66831,-1.42186,-4.84396,-2.88269,3.62657,-9.01467,-8.73397,8.91595,3.71388,3.62252,4.82915,-2.64197,4.6902,9.19939,-2.6197,2.03224,6.32115,3.90879,-4.33324,-7.58366,7.39969,-6.42575,8.99171,4.54576
8.34599,-1.94502,-1.15345,-9.43419,3.05188,9.71113,5.804,2.8499,6.77387,8.50598,-7.29091,0.538813,3.81022,2.91174,1.71469,1.67621,1.83586,9.35424,-4.43209,-8.93627,-4.03249,1.40986,7.21001,2.88336,0.102773,4.92801,8.84992,8.33877,8.61321,-1.97862,-3.82217,6.17709,-3.91437,5.73663,-2.87875,-6.22239,8.53299,-4.90269,0.283581,-5.89252,-3.8058,5.98731,9.50588,-4.5773,-6.20611,-0.147079,-2.44197,-8.88933,8.47932,5.20721,8.34635,-2.54143,-2.7461,6.49082,6.49085,9.0366,8.7214,7.70575,-5.84996,-7.41605,-6.48788,2.41678,-0.938707,-8.8725,1.01402,-1.06477,-0.512718,6.34671,6.64036,5.0861,-4.00203,-3.44613,0.714776,-6.89601,3.7025,-4.97427,-8.2745,-6.60651
1.97167,2.35006,9.67455,4.36081,0.369668,7.33895,-8.43938,-6.98397,-8.9355,-8.40104,0.653056,-5.55937,-4.0375,0.661077,-4.63204,-0.645124,1.83343,-0.040446,-7.05418,8.95323,5.48151,-6.31327,7.49358,5.74445,2.79476,-3.97234,-0.161844,-0.964545,-8.57881,-2.48698,-8.95101,7.57736,0.605098,7.34755,5.0838,3.55951,-0.977133,3.67097,-3.21562,-6.26833,4.69349,-6.04259,0.770689,-1.25448,3.20068,-1.99149,-2.49338,8.47932,0.850733,0.706166,4.40269,5.96552,-2.33695,-8.3858,8.47037,0.414303,-3.47376,-6.13241,-0.342677,3.08802,-1.8198,-0.407798,0.982965,2.4499,0.845676,-5.92032,-9.09033,-4.48618,3.58453,7.06221,-8.75415,5.58166,-3.41761,-2.02746,4.07853,4.50462,-6.40882,0.34834
-8.58775,-9.58879,-8.12268,6.64909,6.04994,-8.49111,-8.39387,2.41336,-3.76122,6.45519,3.61039,4.21808,-1.07752,-3.73348,-7.5577,-1.1356,4.98178,0.676425,-0.361495,3.36017,5.86468,-7.31673,8.69231,7.56767,-1.85863,1.35038,9.48643,-1.08551,-2.61501,0.722144,0.931469,3.14705,-2.08602,9.25432,-3.17124,2.3078,-1.29777,3.92304,9.27103,-0.601382,5.97211,5.56743,-7.48771,4.17668,6.92249,-8.68177,5.41589,5.20721,0.706166,1.82475,-8.87473,-3.36801,4.87824,4.07724,6.0742,2.2164,-1.44238,-5.53621,-5.38038,8.31172,-8.80445,-8.11197,-4.93649,5.42694,-0.895784,-8.95703,5.90091,-3.33865,7.02272,-4.3962,-5.4883,-3.23442,2.5374,0.199605,-5.56866,7.78635,8.66376,6.2835
1.40971,-7.29261,0.574325,6.09786,-2.37089,-9.55202,-2.55333,5.14105,8.46229,6.76887,-1.45174,8.24977,7.7513,9.67749,1.36414,-0.379632,2.44389,-4.02432,-9.30709,-3.20845,3.85403,9.61872,-4.56005,6.85048,7.68821,4.4168,2.52272,5.43529,4.24719,8.93233,7.40789,4.84803,3.44773,-5.95043,-9.52111,-5.47332,-7.2422,-6.61845,-5.53503,-9.88496,0.361041,-6.70434,-4.28817,-4.30475,-1.78055,2.58137,2.37046,8.34635,4.40269,-8.87473,-4.82696,-4.60994,1.80634,5.60406,3.66694,-9.59353,5.0305,-3.20527,0.982082,9.71763,8.27819,9.76311,-8.87759,-4.28458,7.11204,-2.32093,3.78355,5.26284,-8.96775,-5.55616,7.73079,-8.82605,-4.42333,1.53431,-9.78499,-6.05917,9.41938,-5.55243
0.341268,9.52446,8.78805,8.65776,0.262667,-4.29277,1.78907,7.89212,3.865,8.66094,-7.50519,7.2381,-2.95788,6.92927,7.49208,5.58396,8.10168,-5.37479,-1.62986,2.22947,-3.14399,-7.79433,-1.79986,-9.59802,6.67449,-7.83295,-2.32946,-2.21859,-0.295809,-5.81618,-7.09759,3.05571,-4.22278,8.522,6.18551,8.17149,8.98171,2.95132,2.26551,-8.38377,-4.14072,2.03897,6.19884,3.40118,-3.56384,3.7265,-6.36758,-2.54143,5.96552,-3.36801,-4.60994,4.56414,-2.23676,9.08681,-4.6718,5.38674,4.07233,9.11622,2.33807,1.96866,-9.77046,-0.000457524,-6.61406,-6.33711,-3.20537,-3.04413,6.92881,1.02201,-4.95649,9.24433,6.55417,-8.50341,0.659895,3.75343,8.91449,8.04805,-5.419,-7.38546
-9.25197,9.41144,2.80442,-4.79096,-0.0638834,2.4669,0.616307,2.54177,-0.558242,3.02576,-5.45599,-5.1312,1.5709,-8.00022,-0.393047,6.29245,-4.04998,6.18815,-5.90438,7.02198,-2.28084,1.98881,-0.884876,-4.77298,9.45807,3.33774,4.03888,-2.60331,6.6878,-3.24998,3.97213,5.62178,-4.56956,-8.52163,4.90309,4.06914,6.9014,-2.44329,-6.6264,4.46567,-8.8434,1.32769,-6.1019,-5.68548,9.06927,2.032,-4.68441,-2.7461,-2.33695,4.87824,1.80634,-2.23676,-7.47005,-0.817592,-0.832716,8.76088,9.01986,1.92825,-1.21012,3.42562,5.2367,-6.94596,9.84725,8.17319,4.82768,-3.79159,-2.61581,-7.44126,5.27832,-2.01498,5.23021,9.94015,-3.63018,3.04645,-7.03701,6.18426,3.92613,1.36081
-4.65417,0.0952537,4.0349,7.60553,-4.04977,7.55256,0.705718,0.471885,6.91074,5.21981,0.19559,-1.54608,-4.01366,-7.38219,-1.99266,-9.01809,-3.2623,-8.34662,9.06448,0.147102,-2.78871,4.48452,-4.01334,-0.205019,-4.81037,4.97581,2.56271,-1.72067,4.43623,9.54297,-1.07854,-5.82872,6.26052,-9.09957,1.05776,-3.94139,-8.30824,1.76271,0.555665,5.697,-3.08099,-2.91997,-3.22376,-1.47428,-9.09883,-6.8958,-6.84717,6.49082,-8.3858,4.07724,5.60406,9.08681,-0.817592,-4.56432,3.43702,-9.10603,-9.62096,-2.61993,5.27835,-6.9607,7.61168,-7.9696,-2.7759,8.42236,3.1149,-0.806543,-0.86018,0.527447,-3.59351,-9.50314,3.66216,7.45049,3.0979,2.44617,-0.920671,-7.29933,-4.46291,4.66611
3.15245,-2.54364,-5.40606,8.58455,-9.64489,-6.43011,-3.31917,-7.4706,-9.08803,9.69126,3.31433,-7.39469,-6.0447,-0.881801,8.17627,8.17374,1.04927,-3.21334,-9.34953,-4.31093,8.87754,-3.83411,-4.92033,1.17113,-6.31048,-9.42112,8.41584,-3.24674,9.68533,-7.74406,4.85413,6.26188,-8.78865,0.517681,-3.16559,-7.89367,0.0389362,1.20003,2.84414,-5.55665,-5.73876,3.00647,-4.25096,-4.63306,8.81807,7.83361,-9.66831,6.49085,8.47037,6.0742,3.66694,-4.6718,-0.832716,3.43702,-2.65521,1.52044,-3.65219,2.03644,1.18862,7.91292,-2.25636,5.11469,0.601105,-9.49494,4.43764,-6.71623,2.67891,2.39574,4.3997,-3.24501,9.52247,9.4802,-6.79944,1.87867,-3.05897,-4.03571,-7.87429,7.4323
9.58139,-0.679256,1.56423,-5.72149,2.78464,-0.765274,4.85515,2.53381,-7.02048,-6.74642,7.95529,1.07119,2.97755,-6.96627,-9.60061,-0.507521,7.54371,-1.69598,6.78179,-2.16863,6.85076,0.116326,8.92871,-6.19284,8.02053,-5.76583,-6.75073,-5.56213,-0.393368,-9.23151,8.99852,1.30523,9.25827,6.05596,-5.75873,1.50391,1.40586,-4.14907,-0.894226,0.843205,-1.27605,-5.13823,-2.60823,-1.23783,-1.59962,-6.54765,-1.42186,9.0366,0.414303,2.2164,-9.59353,5.38674,8.76088,-9.10603,1.52044,4.64652,0.744493,1.94393,-2.4735,2.90379,-6.73173,4.18102,5.52703,6.2909,3.26382,-9.90705,4.06907,1.69375,8.65674,3.50937,1.39924,-5.81297,7.98878,0.634605,-1.47025,0.400271,-3.81557,-6.06105
3.2117,-5.26374,5.02914,8.42392,1.22343,4.84682,3.30991,7.3284,-5.19628,1.63352,0.49064,9.54433,-5.6516,-4.15766,6.7816,-8.57038,-6.8774,-5.44482,-5.71078,7.4871,7.70156,1.9856,4.38802,-3.91454,-6.953,-1.40347,-8.78605,-7.32096,7.2453,-8.7064,-5.28852,-5.94368,5.94994,8.38577,8.41391,-6.40234,-8.88497,-2.06487,-3.96729,3.09387,2.92266,-6.92543,0.0501679,-7.21411,-2.46837,-4.8005,-4.84396,8.7214,-3.47376,-1.44238,5.0305,4.07233,9.01986,-9.62096,-3.65219,0.744493,9.27946,-5.76658,6.95986,6.1398,7.18489,1.09333,-1.43486,3.5266,-7.07991,2.79374,6.89762,-0.955237,9.1211,1.63664,5.64122,6.10831,-7.70944,6.63617,2.94081,9.59126,-9.82803,9.53959
-4.42878,-1.9071,-1.98913,3.25207,3.12997,6.21551,-1.25098,-1.62232,3.2252,9.40783,-6.85308,2.7976,-8.85564,5.26549,7.63038,-1.75415,-9.43506,5.23375,-4.38081,-8.39415,0.296129,-0.197362,4.18189,-9.05464,8.4786,2.78923,0.431899,8.74143,-2.26527,9.75994,1.27611,-8.80002,-3.11258,-5.70806,8.79268,-6.44543,-4.14114,2.39571,9.3939,9.94687,8.89423,3.90696,-4.86602,-4.83109,6.681,-7.0729,-2.88269,7.70575,-6.13241,-5.53621,-3.20527,9.11622,1.92825,-2.61993,2.03644,1.94393,-5.76658,-4.60567,-6.99087,-9.17801,7.17645,5.48447,-8.15806,-0.936647,-3.12831,0.0486396,-7.32088,9.55495,8.89602,-3.5533,4.57042,4.83681,2.54211,-2.99927,-2.07472,-9.33856,7.88672,-1.65611
2.55201,-6.64418,-3.14826,1.65798,-2.86845,-6.37976,5.44165,-0.430839,7.62137,8.96787,4.30984,5.21239,-0.465065,6.21781,3.81424,7.55536,9.18972,6.1686,5.59789,-9.87014,-0.933147,7.48393,-1.34935,-7.37282,-3.33432,0.399592,8.29088,5.36732,-4.31615,-3.98073,2.62689,1.9246,6.36443,-1.8101,-4.0106,-7.77953,9.0149,5.99914,8.37789,-6.21448,-7.75212,-9.81496,6.87005,7.5759,-4.21127,2.45386,3.62657,-5.84996,-0.342677,-5.38038,0.982082,2.33807,-1.21012,5.27835,1.18862,-2.4735,6.95986,-6.99087,-9.27983,9.26506,6.07395,8.3648,-0.770867,-8.81802,2.39667,1.31795,7.16911,6.37358,-4.24144,1.9921,-7.51648,-5.95411,3.52084,3.92089,-4.94877,9.89488,5.34199,1.1497
8.74755,2.17226,6.25039,-3.75022,-7.50117,4.29497,-2.36385,1.5165,-6.18749,3.79766,0.114452,5.36085,-3.40976,-9.34137,-6.06744,-6.67214,4.00321,1.12353,5.00959,-7.0512,5.57075,-3.79067,0.976771,8.61261,3.99849,0.727616,9.37783,-7.99225,-4.44835,-9.13091,-4.63508,4.33812,-6.48931,-3.67639,4.48304,-4.50363,-3.99557,0.318879,-8.23289,9.64861,5.97202,9.93299,0.566325,-9.16355,-8.75643,4.12395,-9.01467,-7.41605,3.08802,8.31172,9.71763,1.96866,3.42562,-6.9607,7.91292,2.90379,6.1398,-9.17801,9.26506,-2.6145,9.96503,3.39283,7.25244,3.07673,9.65598,9.28762,-5.47602,3.0863,-9.97744,5.99911,-8.7207,-5.42019,0.758715,3.74181,4.83651,7.71507,-3.25157,4.797
