-5.88122,2.59525,-5.93586,3.40932,4.61146,4.16477,1.87362,-6.01206,-7.15762,5.33652,3.79073,-3.23574,0.588185,3.45311,1.99089,3.05483,-5.69366,8.17027,7.28171,-6.28009,5.08325,3.67162,1.09192,1.03381,0.594973,-1.87704,-0.762921,-5.88563,-4.87543,1.29467,0.0628371,-8.13301,-5.66421,-1.17804,-6.47402,0.267336,1.01858,9.47933,4.43794,-6.33111,5.69496,-1.26897,8.45319,1.12497,-3.84974,-7.93799,-4.04367,-9.36932,-7.71883,5.80943,3.42458,7.01979,0.0200647,-2.87684,9.94465,4.16548,2.66963,-9.67226,-6.18936,7.7061,-0.564744,5.07663,0.155488,4.51588,4.73425,-0.231486,-3.8296,1.22284,-1.32814,5.17067,2.66216,3.10873,2.74392,-4.68284,4.02877,3.10699,8.40865,6.91375,-2.19013
2.59525,3.46669,9.76055,2.18288,7.75642,4.75362,-6.0535,1.25978,-0.794655,-6.89062,-4.54253,9.56192,6.43563,3.77053,1.51812,9.82715,8.95226,4.19381,6.8091,-6.66014,-8.42964,-4.51062,-6.75769,-6.12821,0.230542,4.68528,4.45829,-8.52684,8.95964,1.34065,-6.66954,-3.30091,2.41973,-7.56188,-3.77719,9.9583,-0.43597,-5.51173,0.611677,-2.01912,1.7325,4.8362,-7.93692,-0.475789,-7.34523,-8.45756,-3.7644,-0.272607,7.17184,-8.88518,7.60493,-1.40541,2.30361,9.89677,-8.37251,-4.13557,-6.65411,2.52635,-0.957777,-7.76902,-3.47435,-5.1855,9.86094,-5.97617,0.567039,-4.24078,2.66409,-6.32577,-3.72762,-7.01006,9.10782,2.87593,-8.64223,1.67855,3.25439,2.68697,8.70023,2.14967,-9.47416
-5.93586,9.76055,3.87974,-4.7419,-3.7092,-3.95924,-4.47326,0.797112,1.15804,9.84953,-0.202298,9.20272,8.57118,-1.06636,-3.32736,-6.61878,8.67924,-0.485069,6.31841,-4.32359,-5.07977,2.44491,9.37065,5.4147,-7.90427,-6.69571,6.30876,5.37464,7.26532,2.63763,-6.19844,-7.44433,-0.206382,-9.77318,-3.40081,6.70981,-6.43018,-7.7278,6.07539,-1.05947,-7.03155,9.53732,7.83278,4.20166,1.5672,4.82956,-7.69757,0.536021,9.07434,-6.9771,8.23286,0.720487,5.56339,6.50197,3.4578,1.51854,-1.14208,7.84127,1.75097,2.36603,-0.904735,2.85245,-0.731128,2.8385,1.30287,0.615972,1.41318,-6.78871,-6.28295,1.85067,-5.16708,7.67087,4.5127,7.21351,-2.37912,4.69314,4.36138,-0.310825,1.10889
3.40932,2.18288,-4.7419,7.9711,5.98975,-1.57233,-4.67886,4.19594,5.00041,5.64783,6.53477,7.06806,0.26213,-5.84649,-3.92932,1.41455,-2.79715,-1.92587,-1.32693,-3.35103,7.58976,-9.42525,-3.77428,-3.52626,-2.64907,1.0346,8.65068,-0.0938115,-1.16729,-2.65758,-8.84383,-1.40263,8.09555,-2.17676,7.90142,-7.97088,4.638,-0.914146,-6.51176,4.60278,3.73034,-3.02847,-8.49523,3.62448,-0.263684,9.94828,-3.98004,3.46719,2.63654,8.19492,8.47728,0.446834,-7.97949,3.68196,8.61725,-3.00887,-9.12226,-0.457943,-6.71683,7.01135,-7.6978,-8.9752,6.22775,-0.3751,8.9586,0.988059,5.64256,2.49641,-6.18682,5.33145,-1.42664,7.88183,-4.75005,-9.25098,5.86476,0.250447,0.00154226,-8.22782,7.21789
4.61146,7.75642,-3.7092,5.98975,2.42115,-0.593504,6.37518,-5.44095,9.8185,-1.83705,5.95238,7.72921,-2.68037,4.78789,4.98925,8.14256,-5.48056,7.31295,4.40628,-3.07439,-8.52481,7.55415,7.964,5.57971,4.37075,-3.27074,1.74025,5.92763,0.236836,-9.24913,-2.52223,-0.0247518,4.5795,5.9052,-5.40262,-9.30989,-3.03939,-5.62528,-9.51059,-8.79048,-8.68148,-0.601884,2.16815,7.99363,9.3197,-6.20373,-3.17517,-9.9948,7.84946,7.89877,3.73888,2.08941,-5.26078,1.90056,5.60659,7.66975,7.19844,-4.64385,-7.89153,1.88794,3.50845,-6.31316,1.15053,5.45008,-5.09665,-7.78779,-6.75961,-9.92286,-6.97635,7.79181,8.35397,-0.213623,-4.73596,-4.97055,0.264677,-0.779362,-1.49641,-1.42068,3.28919
4.16477,4.75362,-3.95924,-1.57233,-0.593504,-2.06184,-0.600377,4.53565,-4.01248,-0.410674,3.7981,3.38574,5.02427,7.79565,7.28922,7.03912,-5.42479,9.32874,1.61931,-3.42858,8.26829,-4.56885,0.892927,-1.43218,1.98339,-9.53135,-9.73079,-2.69231,6.3105,-0.303678,-9.80703,3.89041,1.90721,-8.35597,4.88308,-7.78279,5.0873,-2.64575,-3.46492,-2.07791,-5.01607,2.97803,4.7149,-5.07241,-9.49519,-4.34328,8.40763,-4.69265,-5.76576,3.75727,1.16945,1.71604,-5.77476,8.69851,-3.72059,-3.87997,-2.84425,-6.94557,4.45263,-0.727399,-7.67785,-2.72545,5.83167,-6.76313,4.67796,2.52758,8.04959,0.300409,8.27177,-5.57911,3.13026,-4.42797,4.01187,8.50195,-6.95765,1.65822,9.43295,-1.99304,-2.08425
1.87362,-6.0535,-4.47326,-4.67886,6.37518,-0.600377,5.53951,4.34115,-9.38616,9.64969,-3.1136,2.76575,9.17786,-7.94793,0.272912,-6.2083,5.11439,4.83805,5.1352,4.12328,9.08893,2.23276,7.36338,0.634149,8.95162,-5.76112,9.83375,-4.44066,8.9318,4.49191,5.66396,-5.10127,2.12514,-9.15774,-6.353,-1.46908,-9.62074,9.22599,2.47722,0.319102,7.84829,6.03089,-0.175248,-1.8822,6.18965,-3.59732,8.32457,-1.33958,-9.88499,-2.01434,4.27807,6.06607,1.84295,7.37739,3.71625,-8.40182,3.19718,8.98062,-2.10633,4.55558,2.32387,1.34822,-2.27452,-6.22715,-2.09216,-6.70867,-6.20307,3.01431,0.3155,0.86783,2.58145,4.78885,-5.58122,2.54215,0.274599,-9.65882,4.82282,8.17087,7.85939
-6.01206,1.25978,0.797112,4.19594,-5.44095,4.53565,4.34115,-2.46686,6.68464,1.07931,-0.582942,6.5939,-2.49291,0.870817,8.72661,3.96444,-6.82684,7.75001,-5.47427,0.830836,7.78325,8.73474,7.48236,-1.81607,9.79128,-2.81033,1.82064,-3.50359,-5.36788,5.06097,9.73689,-3.56731,4.39843,-8.81435,-0.0753447,0.44376,-4.09243,-8.55443,-4.9836,-1.63815,-1.11661,6.73895,-9.3214,7.03839,6.01508,3.0028,-7.55848,-4.5661,3.45561,-3.9624,3.96848,-2.08804,9.43722,-6.10343,6.51909,-9.62481,-9.74482,-5.47263,-1.40599,-0.697741,4.90296,-9.60525,-0.130843,5.21484,-3.20716,8.8079,5.05862,8.36597,7.63289,6.55775,-6.18855,4.71752,8.69151,5.05801,4.2629,-6.18317,-7.13294,-6.15358,-7.28822
-7.15762,-0.794655,1.15804,5.00041,9.8185,-4.01248,-9.38616,6.68464,-4.56477,0.274865,-1.30897,1.81252,-6.95427,7.89607,6.90256,8.96233,1.43121,7.14708,-0.0566997,-1.33305,1.2419,6.2861,-1.72359,-7.06568,6.70325,-5.60775,6.30808,-8.47028,4.23362,3.53431,9.72623,-1.26518,-7.31803,-1.34405,7.16587,9.68613,-2.76061,-6.49453,-6.76703,-8.8684,0.0966055,-6.84343,-0.794853,7.49794,8.55623,-2.29734,-6.12142,3.44952,-6.71314,2.94015,0.561386,-3.30499,-7.08852,8.61621,-7.57338,3.79497,-3.34385,-4.61576,-6.75243,4.04483,3.45581,8.35433,-3.94497,-3.81578,8.01434,-7.5382,6.10499,7.18532,-1.10299,5.50415,9.70729,-8.63185,-9.97668,6.3566,-1.26513,9.08173,8.81503,-6.58021,1.27792
5.33652,-6.89062,9.84953,5.64783,-1.83705,-0.410674,9.64969,1.07931,0.274865,1.42422,5.23706,-7.60384,5.78912,1.12006,-9.47131,5.26745,2.15772,-2.36776,-4.2653,-9.44668,-6.69592,0.492506,-2.74636,1.88769,-7.06479,9.85634,-3.56541,-3.26745,-9.33058,-4.18862,-7.62508,-8.87034,7.09591,-5.98068,-2.90793,4.89437,-1.40638,-3.90356,4.87359,-8.34039,3.36979,3.91314,1.95515,-9.92425,8.7347,-7.92406,-2.75023,-4.61939,7.70662,-2.88195,-6.65429,7.90055,9.26651,3.07348,7.77827,-0.0800292,-2.75336,-2.91812,9.93224,-6.29874,2.56967,6.54243,4.66007,-5.06193,-0.629929,5.37423,9.82479,6.44167,3.98556,-7.59581,-8.79334,6.21846,-1.20225,-2.10996,6.88923,0.590084,2.1893,-5.54184,8.11568
3.79073,-4.54253,-0.202298,6.53477,5.95238,3.7981,-3.1136,-0.582942,-1.30897,5.23706,1.77825,-8.20625,0.872401,8.03655,-4.49008,6.06397,-7.70566,4.67308,8.97695,6.00998,5.22054,0.800587,9.09054,6.73832,7.10247,-8.1285,-8.31921,-2.38943,-9.15554,1.80156,-8.33043,-5.84768,-9.95761,8.77747,-7.44428,7.46606,-8.74956,0.456881,-9.79566,-0.487438,-2.34095,9.2532,3.44377,9.3658,7.15572,5.85485,-3.52337,7.68299,-0.0460119,5.96872,1.76275,4.94433,3.21728,-8.15555,0.203393,-2.38052,1.81705,2.71211,7.81834,-2.8461,-5.69444,9.97664,-6.46631,4.47869,-3.96528,4.26625,2.51729,7.98163,6.3279,-8.58833,6.32242,-9.31334,-7.14079,-3.92186,-8.24452,9.42012,-4.11098,0.543773,-3.90787
-3.23574,9.56192,9.20272,7.06806,7.72921,3.38574,2.76575,6.5939,1.81252,-7.60384,-8.20625,-1.14436,4.72772,5.00695,-0.845232,-2.29724,-2.01429,6.81868,2.79355,-2.52339,3.69815,-9.34356,8.96334,-9.19246,3.91853,9.1513,2.104,8.95069,-6.42105,-7.13205,-0.926917,9.44274,7.58207,5.23243,7.89348,-2.35909,2.90058,-7.50642,1.95291,-6.19156,-6.40257,8.21356,-7.45297,0.532407,-4.01554,7.368,5.48932,4.53672,7.06242,7.30773,5.11616,-0.528851,-7.05604,-9.00164,6.54187,6.09887,-4.91097,-6.19637,-0.730349,-0.166082,4.44669,-6.2147,5.86258,-9.87297,-7.43159,-0.861323,2.75876,5.29942,-1.59724,-7.38418,7.29119,-1.53407,5.48939,-8.63383,7.11288,-5.48385,2.56466,-1.01604,-8.15745
0.588185,6.43563,8.57118,0.26213,-2.68037,5.02427,9.17786,-2.49291,-6.95427,5.78912,0.872401,4.72772,8.88262,1.63227,5.47832,5.43423,-9.22143,-8.78416,-1.94946,7.90918,-1.58735,4.05006,0.994412,4.32634,-5.75638,-9.07549,-7.77999,6.1611,7.64671,8.69855,-4.1015,-0.293246,0.649969,-6.92384,-4.30811,2.77828,-7.45728,-8.1213,-4.58036,-2.7263,8.03427,2.74866,5.24592,-9.535,7.98216,9.63711,-9.98104,7.69747,4.83309,-9.94474,-4.2485,6.14775,8.58196,-2.21092,5.84321,-2.57812,-8.29374,-7.74106,0.834417,3.54295,4.05072,6.79284,-2.1102,5.80504,3.67113,3.91394,-7.69677,-5.96452,-8.29187,8.98218,8.26853,-8.74908,-4.32479,-3.78532,8.61745,8.8498,-7.31602,5.96081,-2.68784
3.45311,3.77053,-1.06636,-5.84649,4.78789,7.79565,-7.94793,0.870817,7.89607,1.12006,8.03655,5.00695,1.63227,-6.32752,-9.01705,-0.0137233,-0.775105,-9.79601,-8.26231,-8.30114,-7.78505,-4.66321,-8.81082,-0.88968,7.78532,1.0848,-6.85454,-6.74605,-9.20263,1.13418,5.86441,-2.1397,3.54313,-2.56493,3.16803,-6.42062,-2.67189,9.27867,9.83226,7.66161,-9.36619,5.66739,-0.784163,-8.8261,7.97852,8.21999,-5.13192,-2.87298,1.84844,2.01822,2.62277,-8.2665,-4.27138,-7.00438,2.59094,1.88281,-5.2917,2.11034,9.69449,7.44698,-2.75934,9.24742,-0.455044,4.78153,1.83953,-8.76846,-6.55531,-2.21748,-6.68918,1.56025,-2.25768,1.69743,6.12442,-6.66438,-9.76464,-4.68863,-6.93122,-6.21596,7.65845
1.99089,1.51812,-3.32736,-3.92932,4.98925,7.28922,0.272912,8.72661,6.90256,-9.47131,-4.49008,-0.845232,5.47832,-9.01705,5.48421,1.6997,1.01281,9.22085,-1.66184,9.05506,-8.84128,-7.68267,-8.54931,-3.30734,-2.46901,6.87124,3.5191,5.8913,9.10514,0.162506,0.592232,9.05845,3.3808,9.64722,-4.08893,2.7298,-6.90656,1.47265,-8.88613,9.61678,-4.36365,-1.56274,8.24907,3.79728,0.148388,-2.03637,-8.91904,1.71381,-1.434,8.52319,7.89277,5.1316,-1.50867,-3.87123,-7.3074,7.65637,-8.13715,4.56131,-5.78375,7.58383,-5.30212,9.37942,1.36717,4.92114,-9.16283,9.04832,7.72817,9.44634,-4.7636,-9.33569,-1.14023,-3.85778,5.54721,-0.653888,5.85739,-7.39567,9.36207,6.10369,8.14166
3.05483,9.82715,-6.61878,1.41455,8.14256,7.03912,-6.2083,3.96444,8.96233,5.26745,6.06397,-2.29724,5.43423,-0.0137233,1.6997,9.16357,-9.36331,-0.36287,-7.72493,2.18047,4.73825,5.36256,-9.29349,8.83427,-8.80948,3.59557,-3.10852,-7.19035,2.23883,6.00229,-3.71771,-3.75635,7.80828,-9.02246,-5.26355,1.7146,0.694115,8.49782,-1.84536,-2.76515,-8.37552,6.58772,-3.68769,6.26554,-4.0109,1.02044,5.66957,1.86954,4.32201,5.9349,0.117828,-3.91062,9.04182,9.88879,6.74465,-1.2063,-0.474159,-8.59733,-5.31675,-1.5162,5.86165,-7.00408,0.302297,-9.75311,6.21982,-3.7462,-6.00569,7.04292,-6.9081,7.63776,3.11587,-1.01492,4.94233,2.49457,-7.11043,-7.22171,-9.49326,2.61352,0.353266
-5.69366,8.95226,8.67924,-2.79715,-5.48056,-5.42479,5.11439,-6.82684,1.43121,2.15772,-7.70566,-2.01429,-9.22143,-0.775105,1.01281,-9.36331,-4.15237,3.18877,2.35087,7.76272,1.53029,1.6872,0.803877,3.90363,-9.71234,1.50871,-6.29909,6.22021,2.73707,7.10407,2.16795,6.58197,6.1292,-0.974685,-6.37198,7.51744,-6.38258,2.6799,-6.02095,-3.39409,6.75682,2.251,-1.5608,-5.07217,2.6832,-7.84675,5.65598,1.0222,-7.67821,2.53964,-2.48446,-2.47175,-0.776488,-3.96109,4.04774,-8.69967,-6.50827,0.415014,-9.97199,7.8111,-4.04386,-6.60085,5.9106,4.34683,-0.339549,7.86707,1.64002,6.25075,8.65992,6.89778,4.2742,-4.76347,8.12407,-6.36668,-9.28403,-2.51415,1.01996,-7.86516,9.38414
8.17027,4.19381,-0.485069,-1.92587,7.31295,9.32874,4.83805,7.75001,7.14708,-2.36776,4.67308,6.81868,-8.78416,-9.79601,9.22085,-0.36287,3.18877,2.30589,2.73099,4.40701,-7.58475,-1.0039,-0.518243,5.12204,-8.33463,0.908235,8.22158,-9.36995,-2.20821,0.166809,-2.28492,0.778398,0.7938,-0.479039,2.31944,-4.74241,-3.85528,-0.747303,7.62278,-3.02677,-5.67649,8.83089,6.15894,6.78282,5.11898,-9.85418,2.46764,0.0360345,8.31955,-9.18103,0.362149,8.79736,9.74301,-8.28852,-6.85196,-8.10951,6.29049,-0.136394,-4.37061,-1.35137,2.1759,4.49661,-0.026173,-2.30764,-7.66956,-8.97264,2.79932,-8.15173,-6.94411,-9.29513,-8.32577,-4.75975,6.64591,-8.53407,9.50706,3.85888,-8.14319,3.57647,8.98782
7.28171,6.8091,6.31841,-1.32693,4.40628,1.61931,5.1352,-5.47427,-0.0566997,-4.2653,8.97695,2.79355,-1.94946,-8.26231,-1.66184,-7.72493,2.35087,2.73099,8.72566,4.09584,6.88336,4.03244,-6.60346,-7.92707,-7.27073,-2.75902,6.66778,-3.9236,0.922024,-7.4824,-2.04739,-9.66909,1.89635,-9.82886,7.90918,2.47224,5.39256,3.35131,2.71875,3.66516,3.23864,-1.09117,4.76174,-7.66302,0.119505,4.68849,-0.240606,-4.90012,1.77811,3.94806,3.53045,-9.61623,6.10807,1.33681,1.75714,-0.145203,6.1325,1.74323,-3.51951,-4.82313,8.57888,-3.75526,2.60369,-2.9208,7.16043,-7.80492,-6.57853,-0.479977,6.23354,0.675356,0.906744,3.91406,-9.37021,4.87237,3.33784,-5.65757,5.59833,6.68753,8.55285
-6.28009,-6.66014,-4.32359,-3.35103,-3.07439,-3.42858,4.12328,0.830836,-1.33305,-9.44668,6.00998,-2.52339,7.90918,-8.30114,9.05506,2.18047,7.76272,4.40701,4.09584,5.66301,-0.072681,0.702818,0.482961,-2.28341,-9.86776,-5.87987,-4.90068,-4.93127,3.10237,0.577242,8.98271,-5.88344,-3.58571,5.73824,-6.903,9.42568,-7.01582,-2.84545,4.50736,2.71766,7.6133,0.691511,-5.12879,5.48649,5.70754,-2.27433,-4.03859,-6.18765,-7.65292,-1.50943,-9.71076,4.28361,0.606117,-0.815253,-2.08359,-2.27305,-6.10378,-0.830614,8.44836,1.82097,-4.7293,6.22971,9.74497,-3.06164,9.40994,6.90954,-3.53659,9.3729,9.43037,4.83819,-3.84121,6.85015,-9.91721,-7.16292,2.09011,0.161978,8.34807,9.28189,-4.69738
5.08325,-8.42964,-5.07977,7.58976,-8.52481,8.26829,9.08893,7.78325,1.2419,-6.69592,5.22054,3.69815,-1.58735,-7.78505,-8.84128,4.73825,1.53029,-7.58475,6.88336,-0.072681,4.78992,-3.15192,9.62392,1.74961,-5.44923,4.27505,8.0966,3.08,3.6656,-5.52894,3.42346,9.53747,-0.8187,-8.6482,5.9666,-6.89987,-8.34738,-1.16955,5.22222,-8.49901,-5.52699,-2.56163,-7.07855,6.88202,-0.717224,3.09399,1.32294,3.57611,9.05767,-4.24956,2.5812,-1.2106,-3.72583,-5.00601,-0.21822,8.41359,8.32693,4.41813,5.01719,-5.04654,-9.6728,-7.95848,-3.09839,8.13899,-2.36791,-8.70538,-0.417957,8.02801,-9.00899,2.60072,1.72849,-9.48858,-2.43881,-0.244366,-3.46863,3.48032,2.11306,-8.33897,7.36381
3.67162,-4.51062,2.44491,-9.42525,7.55415,-4.56885,2.23276,8.73474,6.2861,0.492506,0.800587,-9.34356,4.05006,-4.66321,-7.68267,5.36256,1.6872,-1.0039,4.03244,0.702818,-3.15192,-1.50321,-9.46759,-0.961802,-5.9941,8.05964,-9.7972,-7.73832,-6.23564,0.324114,-2.56408,5.16103,9.91988,5.62386,-7.25297,1.66439,-4.37563,2.46481,-0.49344,-6.33521,4.60815,2.7647,-8.94704,-3.34267,-6.82873,-7.24902,1.87283,5.86049,-5.99139,2.47264,-2.54189,0.986436,4.37627,-2.04739,-6.35467,4.69633,-7.62403,-7.7256,8.00093,0.960959,4.9432,-6.14518,0.134873,5.18228,-9.7183,-7.39747,-4.69676,6.43514,-7.82252,-0.543243,0.56054,-4.0003,8.94972,-4.85332,4.82891,-0.264679,-6.5321,-5.96487,-1.75437
1.09192,-6.75769,9.37065,-3.77428,7.964,0.892927,7.36338,7.48236,-1.72359,-2.74636,9.09054,8.96334,0.994412,-8.81082,-8.54931,-9.29349,0.803877,-0.518243,-6.60346,0.482961,9.62392,-9.46759,1.76693,-8.17229,-5.80114,-3.31245,-1.52611,7.35153,3.21891,0.900222,-0.54505,-2.94735,-2.48583,7.8332,-1.97975,-3.26773,4.15177,7.45181,-1.24266,7.13636,-7.18699,9.18752,-3.14047,-6.27823,-3.40127,6.0948,-3.70422,8.83583,5.35163,-4.99171,-0.938726,-2.23864,-2.68075,-0.780704,-2.13887,2.07697,7.80097,2.86806,-6.25473,2.31602,6.44472,-0.382463,-9.59018,-1.94121,-4.62907,6.2022,5.5215,-6.96316,-3.99496,7.27071,-5.08107,-2.50095,5.997,-6.14529,-4.81183,-9.17498,9.03695,-5.75081,3.317
1.03381,-6.12821,5.4147,-3.52626,5.57971,-1.43218,0.634149,-1.81607,-7.06568,1.88769,6.73832,-9.19246,4.32634,-0.88968,-3.30734,8.83427,3.90363,5.12204,-7.92707,-2.28341,1.74961,-0.961802,-8.17229,6.67207,6.21793,9.76624,-0.813215,2.9419,-3.7477,0.357813,4.26934,-3.25663,-3.23348,-9.67543,-5.64823,0.444169,3.5896,-8.58754,-3.83989,2.99217,-7.59396,-9.704,-4.54274,5.68491,-2.99679,3.37645,5.60369,-5.28828,-7.79985,-7.17786,9.48789,-3.63512,-3.40128,9.95732,-0.85362,5.06234,-4.49248,-8.68884,0.0987657,6.95172,-1.99758,-7.55308,-9.3453,-3.57328,-0.759959,0.0705251,-5.05688,2.9992,7.47333,-4.47219,-4.90243,9.17324,1.34831,-3.44239,3.48922,-0.736889,-4.24062,2.8658,6.87071
0.594973,0.230542,-7.90427,-2.64907,4.37075,1.98339,8.95162,9.79128,6.70325,-7.06479,7.10247,3.91853,-5.75638,7.78532,-2.46901,-8.80948,-9.71234,-8.33463,-7.27073,-9.86776,-5.44923,-5.9941,-5.80114,6.21793,2.52448,-8.53697,1.86561,7.69991,3.42613,-4.69568,-4.21465,3.8049,-9.07266,7.2103,-7.81424,-4.3076,6.02646,-6.57452,5.59677,-4.83971,4.41268,-2.65772,9.56004,-0.788915,-3.64253,-5.12706,9.05455,2.75302,-5.85093,-8.48938,3.49565,-1.09886,4.8565,3.61929,-1.25396,-0.983115,-5.63746,6.99912,0.523036,8.37669,-8.85825,-3.79033,1.11399,-2.12971,8.52538,-4.2538,5.09298,3.37512,-5.56654,7.6985,4.9243,3.06995,-6.52456,-1.1737,-8.94604,-7.55597,6.90051,1.13103,9.05148
-1.87704,4.68528,-6.69571,1.0346,-3.27074,-9.53135,-5.76112,-2.81033,-5.60775,9.85634,-8.1285,9.1513,-9.07549,1.0848,6.87124,3.59557,1.50871,0.908235,-2.75902,-5.87987,4.27505,8.05964,-3.31245,9.76624,-8.53697,-6.425,6.95112,-3.2059,6.25342,-2.92934,8.46489,-2.95219,5.89189,-7.17975,1.26644,8.71016,5.78699,0.733528,6.36504,-0.533887,-5.28211,-7.93364,4.85514,3.02311,4.01735,4.22008,1.02411,-5.71563,-6.49984,-0.055571,4.92024,-4.46619,-5.75794,7.59638,-3.75963,5.33026,0.782298,-3.51833,4.6427,1.92869,1.97043,-2.76839,-7.98882,6.08805,-9.14666,-1.56527,-5.62029,4.8193,-6.18292,-5.96089,2.14892,4.64549,-1.46542,-6.27053,7.54853,2.8027,9.75439,2.18525,-0.964465
-0.762921,4.45829,6.30876,8.65068,1.74025,-9.73079,9.83375,1.82064,6.30808,-3.56541,-8.31921,2.104,-7.77999,-6.85454,3.5191,-3.10852,-6.29909,8.22158,6.66778,-4.90068,8.0966,-9.7972,-1.52611,-0.813215,1.86561,6.95112,5.54364,-4.07227,6.9946,1.40745,-6.31501,-1.89912,-8.76973,-4.43127,9.87707,-6.07168,3.58966,2.49289,-3.77144,5.30044,5.32234,-3.36129,8.13173,9.72898,-2.78063,8.84836,0.662537,7.83717,-3.28051,-1.58207,-1.09852,9.58107,6.81555,8.85824,-3.04074,7.96155,3.22976,-8.81782,-5.40767,-7.50302,-5.28768,4.99061,8.16529,-4.42522,-5.38528,9.84949,-0.583455,8.50639,7.62669,0.181042,8.33499,-2.87563,-1.29938,-5.12334,-2.36888,4.62657,7.10937,-7.39999,-5.37567
-5.88563,-8.52684,5.37464,-0.0938115,5.92763,-2.69231,-4.44066,-3.50359,-8.47028,-3.26745,-2.38943,8.95069,6.1611,-6.74605,5.8913,-7.19035,6.22021,-9.36995,-3.9236,-4.93127,3.08,-7.73832,7.35153,2.9419,7.69991,-3.2059,-4.07227,8.38799,5.90671,-5.46256,3.92789,-1.02743,-9.98776,-7.49249,-5.25915,0.429739,-4.74364,-6.16048,-2.72678,2.57829,-7.70099,-5.35218,9.10935,7.73505,3.35329,3.75436,1.70863,-6.46885,-3.01425,7.87489,-2.23292,3.535,-3.25205,8.11487,-6.07208,-5.45981,-3.94419,6.80136,-5.08083,-5.63981,2.78447,8.39406,4.15961,-7.51996,-0.205583,-0.881711,4.38952,-5.931,6.50031,0.246296,6.60296,-8.22215,-0.609277,0.195455,7.07147,-0.455282,-9.58482,-3.09304,-4.68562
-4.87543,8.95964,7.26532,-1.16729,0.236836,6.3105,8.9318,-5.36788,4.23362,-9.33058,-9.15554,-6.42105,7.64671,-9.20263,9.10514,2.23883,2.73707,-2.20821,0.922024,3.10237,3.6656,-6.23564,3.21891,-3.7477,3.42613,6.25342,6.9946,5.90671,2.79431,2.77976,0.19248,-0.865078,1.27655,-4.40581,6.01389,-1.27549,-2.35721,-9.20152,7.96946,-5.84715,5.52993,-4.07103,2.2691,9.56023,4.89718,-7.27644,-5.59057,1.51688,3.59951,0.343764,2.75368,9.27996,-1.08135,-3.8649,5.3038,-6.64583,-5.89758,7.15585,1.33333,8.5378,7.13641,4.13725,-5.21734,9.58781,-7.47934,-8.16888,-9.73261,3.11556,-4.9709,-8.51542,5.35927,-4.23271,6.72215,-2.82437,-7.61961,2.95153,-3.2959,7.91106,-1.35039
1.29467,1.34065,2.63763,-2.65758,-9.24913,-0.303678,4.49191,5.06097,3.53431,-4.18862,1.80156,-7.13205,8.69855,1.13418,0.162506,6.00229,7.10407,0.166809,-7.4824,0.577242,-5.52894,0.324114,0.900222,0.357813,-4.69568,-2.92934,1.40745,-5.46256,2.77976,-0.17519,0.976598,-2.56722,6.60515,0.132592,3.57537,7.25668,9.63873,-7.18528,9.98551,-9.15926,-0.8664,7.87416,6.18878,-0.49013,9.18153,-5.82237,8.01754,8.70241,8.40569,-6.61483,0.792792,8.4745,8.13714,6.82177,0.300148,1.1801,6.80347,-3.76563,6.1184,-4.0756,-5.30342,-4.39708,9.53957,-7.92147,3.36455,5.84946,5.86826,-6.25493,-0.100643,-1.98267,7.00474,0.197202,7.37423,9.77588,2.39416,0.752137,-7.94683,9.6782,5.70176
0.0628371,-6.66954,-6.19844,-8.84383,-2.52223,-9.80703,5.66396,9.73689,9.72623,-7.62508,-8.33043,-0.926917,-4.1015,5.86441,0.592232,-3.71771,2.16795,-2.28492,-2.04739,8.98271,3.42346,-2.56408,-0.54505,4.26934,-4.21465,8.46489,-6.31501,3.92789,0.19248,0.976598,-6.16479,-5.46168,9.76324,1.69059,-1.20085,-5.81544,-1.61354,-4.82181,5.74396,-7.84858,0.147408,-3.5767,0.905062,-3.80794,3.92578,-3.13153,-3.95401,-9.98582,3.2094,-2.21163,4.56985,-7.15981,-7.83126,4.14036,-5.06615,5.25371,-9.11637,3.72286,2.18667,-9.1437,-1.79458,-3.33767,-8.45959,9.3865,5.13738,0.496765,-9.68172,0.524332,7.65082,-5.13751,-2.17331,-8.14657,2.20957,-5.47959,-0.765105,-8.79598,2.73834,4.49221,-0.571907
-8.13301,-3.30091,-7.44433,-1.40263,-0.0247518,3.89041,-5.10127,-3.56731,-1.26518,-8.87034,-5.84768,9.44274,-0.293246,-2.1397,9.05845,-3.75635,6.58197,0.778398,-9.66909,-5.88344,9.53747,5.16103,-2.94735,-3.25663,3.8049,-2.95219,-1.89912,-1.02743,-0.865078,-2.56722,-5.46168,-4.68286,-9.40553,4.07327,-8.05115,4.23,8.88255,0.892308,-8.3486,-3.84788,-0.666635,3.0206,-7.73641,5.90602,-1.44479,-2.4492,-2.4619,9.77395,4.5811,5.43681,5.75161,-2.24336,5.33261,-4.43143,-4.91406,-2.9617,-7.10569,-3.57451,0.990774,-8.10854,-5.84733,-8.4746,0.0398295,-1.01071,-5.91973,3.06495,-2.21088,5.88138,6.06874,-4.27105,9.41837,-7.38785,2.5656,2.52758,7.69953,-5.01973,-5.76875,-4.40421,-2.51159
-5.66421,2.41973,-0.206382,8.09555,4.5795,1.90721,2.12514,4.39843,-7.31803,7.09591,-9.95761,7.58207,0.649969,3.54313,3.3808,7.80828,6.1292,0.7938,1.89635,-3.58571,-0.8187,9.91988,-2.48583,-3.23348,-9.07266,5.89189,-8.76973,-9.98776,1.27655,6.60515,9.76324,-9.40553,-7.24207,1.12584,-9.27401,2.83678,7.19635,-2.92482,0.936151,4.27051,1.06607,2.03546,-9.56991,5.39993,-2.67967,8.75252,5.45576,6.32881,2.94325,2.17318,5.48904,-0.571151,-0.91834,9.53731,0.858546,-7.12788,-8.94711,-8.0409,8.81526,0.33364,-4.15886,8.36615,3.78935,-7.03472,-5.99338,6.63374,4.51697,-3.0492,-0.384633,0.88937,2.0755,2.52097,4.15586,2.97952,0.748722,0.0321538,4.10113,-7.73007,-0.18163
-1.17804,-7.56188,-9.77318,-2.17676,5.9052,-8.35597,-9.15774,-8.81435,-1.34405,-5.98068,8.77747,5.23243,-6.92384,-2.56493,9.64722,-9.02246,-0.974685,-0.479039,-9.82886,5.73824,-8.6482,5.62386,7.8332,-9.67543,7.2103,-7.17975,-4.43127,-7.49249,-4.40581,0.132592,1.69059,4.07327,1.12584,-2.72184,-3.09014,-3.7515,2.04746,-8.27144,-0.548348,-4.50602,5.61192,-5.04236,6.29423,-1.86377,2.39469,7.45613,2.51991,7.83374,-0.604053,-4.21871,1.14716,5.96213,-9.34186,8.56807,-0.121703,-3.62575,0.926065,-0.381765,-8.67658,4.74812,-5.65432,-8.60164,-5.65024,5.78273,-8.10703,-9.57172,-5.11982,-3.97307,-6.89845,-9.60891,-2.71945,4.29503,-5.05594,-0.635446,8.43057,-5.0617,-2.11105,-0.930424,3.6871
-6.47402,-3.77719,-3.40081,7.90142,-5.40262,4.88308,-6.353,-0.0753447,7.16587,-2.90793,-7.44428,7.89348,-4.30811,3.16803,-4.08893,-5.26355,-6.37198,2.31944,7.90918,-6.903,5.9666,-7.25297,-1.97975,-5.64823,-7.81424,1.26644,9.87707,-5.25915,6.01389,3.57537,-1.20085,-8.05115,-9.27401,-3.09014,-5.97999,2.46558,0.474292,-9.9593,1.93968,2.7612,8.07885,-1.37606,3.95042,-8.18443,3.21641,-3.80994,7.63518,-0.977354,3.85387,7.86192,0.211924,1.25672,-2.24196,-0.237713,-0.186777,2.93816,-2.805,-2.84087,-7.94594,4.17907,-2.45459,9.9346,4.31188,-6.84791,9.77201,9.89725,-1.05489,-9.18195,-6.97843,2.13004,5.24291,0.342419,7.4683,-5.62507,-3.78799,0.724235,9.19925,7.32216,-6.28492
0.267336,9.9583,6.70981,-7.97088,-9.30989,-7.78279,-1.46908,0.44376,9.68613,4.89437,7.46606,-2.35909,2.77828,-6.42062,2.7298,1.7146,7.51744,-4.74241,2.47224,9.42568,-6.89987,1.66439,-3.26773,0.444169,-4.3076,8.71016,-6.07168,0.429739,-1.27549,7.25668,-5.81544,4.23,2.83678,-3.7515,2.46558,-1.08731,0.806497,4.75246,0.262227,-8.48467,5.89707,4.37599,-5.73222,1.70002,-5.77146,0.129435,-4.46925,-9.88781,8.80509,-9.98984,6.65087,6.67185,-6.46432,-2.90664,-1.56657,-2.67273,-7.31836,-3.26288,0.227739,-2.61202,9.16621,5.71971,-5.46406,9.21279,-5.12319,5.57197,7.9413,1.6412,4.07374,1.89691,-7.61154,-0.57177,3.1873,-1.6053,-3.7067,-6.53255,6.2951,-7.82174,-8.1472
1.01858,-0.43597,-6.43018,4.638,-3.03939,5.0873,-9.62074,-4.09243,-2.76061,-1.40638,-8.74956,2.90058,-7.45728,-2.67189,-6.90656,0.694115,-6.38258,-3.85528,5.39256,-7.01582,-8.34738,-4.37563,4.15177,3.5896,6.02646,5.78699,3.58966,-4.74364,-2.35721,9.63873,-1.61354,8.88255,7.19635,2.04746,0.474292,0.806497,-0.415572,-0.739754,7.32854,-9.55647,-3.16546,-4.54832,9.49293,0.942741,-9.26249,-7.37178,-0.924689,-7.02867,-5.62172,-1.45791,-0.569218,9.20581,-5.95189,5.9117,-2.52177,-6.80064,4.84445,-5.89127,6.93357,-2.65176,-4.33037,4.40517,-6.88273,-1.76716,8.34532,5.82821,3.39946,-5.95091,-7.91217,-8.57069,-9.25761,-7.98309,5.44423,-9.97025,-2.18903,-0.5032,8.5439,-9.50751,3.50722
9.47933,-5.51173,-7.7278,-0.914146,-5.62528,-2.64575,9.22599,-8.55443,-6.49453,-3.90356,0.456881,-7.50642,-8.1213,9.27867,1.47265,8.49782,2.6799,-0.747303,3.35131,-2.84545,-1.16955,2.46481,7.45181,-8.58754,-6.57452,0.733528,2.49289,-6.16048,-9.20152,-7.18528,-4.82181,0.892308,-2.92482,-8.27144,-9.9593,4.75246,-0.739754,-6.27113,-2.06624,1.71871,-2.99628,-5.2975,7.16007,-2.33354,9.36627,8.12207,-3.29318,-9.87272,-3.47682,-0.893509,0.287295,-8.70178,-2.92939,-6.45674,7.04481,2.15963,-6.77207,9.76387,-7.54501,-9.6115,4.36668,-4.81028,-8.92432,8.96267,7.09959,-7.39721,4.1763,1.46613,-1.99447,-6.34654,6.34833,-6.69779,0.348113,-8.17987,4.42377,-3.41588,3.89207,-0.360339,-2.18224
4.43794,0.611677,6.07539,-6.51176,-9.51059,-3.46492,2.47722,-4.9836,-6.76703,4.87359,-9.79566,1.95291,-4.58036,9.83226,-8.88613,-1.84536,-6.02095,7.62278,2.71875,4.50736,5.22222,-0.49344,-1.24266,-3.83989,5.59677,6.36504,-3.77144,-2.72678,7.96946,9.98551,5.74396,-8.3486,0.936151,-0.548348,1.93968,0.262227,7.32854,-2.06624,-2.34578,3.22935,-8.27863,-4.01727,-1.8267,3.40269,4.36426,-7.40051,-4.52978,-0.603942,-9.69426,-6.17736,-1.94114,7.7854,6.42817,9.27742,3.78113,-4.56047,-3.44648,-1.46187,8.57966,6.6951,0.904559,5.95604,-5.56717,9.9021,8.5812,1.25295,2.80467,-2.51839,-0.907001,-8.35659,-4.80412,4.93204,-0.785731,7.36189,2.07876,-6.72672,-5.17657,-0.150281,-4.89274
-6.33111,-2.01912,-1.05947,4.60278,-8.79048,-2.07791,0.319102,-1.63815,-8.8684,-8.34039,-0.487438,-6.19156,-2.7263,7.66161,9.61678,-2.76515,-3.39409,-3.02677,3.66516,2.71766,-8.49901,-6.33521,7.13636,2.99217,-4.83971,-0.533887,5.30044,2.57829,-5.84715,-9.15926,-7.84858,-3.84788,4.27051,-4.50602,2.7612,-8.48467,-9.55647,1.71871,3.22935,-2.43012,8.09689,2.34442,2.02766,-2.45968,6.40978,-8.77176,0.268199,-6.25567,-1.79848,-7.51602,-4.96272,-7.09349,-5.84071,6.30457,8.03081,4.63055,6.25239,-3.493,-9.7074,-0.0913911,4.90872,5.31288,3.65876,9.89305,0.486305,2.27595,7.47026,-0.244969,-9.55788,9.2693,-2.52669,-8.30699,6.32039,-8.25056,-5.85842,-8.49518,4.23888,3.27582,-2.72799
5.69496,1.7325,-7.03155,3.73034,-8.68148,-5.01607,7.84829,-1.11661,0.0966055,3.36979,-2.34095,-6.40257,8.03427,-9.36619,-4.36365,-8.37552,6.75682,-5.67649,3.23864,7.6133,-5.52699,4.60815,-7.18699,-7.59396,4.41268,-5.28211,5.32234,-7.70099,5.52993,-0.8664,0.147408,-0.666635,1.06607,5.61192,8.07885,5.89707,-3.16546,-2.99628,-8.27863,8.09689,-1.95401,0.351401,8.2247,2.94524,-4.69612,-6.43585,-5.74477,-6.51524,1.24661,9.82135,0.704121,5.73213,7.82276,5.49043,-1.60652,-0.925607,8.09873,-4.97413,-9.85611,3.15625,7.58872,-0.220755,-3.40443,-1.02334,3.08495,2.36474,-6.50778,9.09079,6.62054,2.29645,-8.49062,0.791956,2.60396,7.03028,8.92254,-0.0233136,8.05747,-9.82344,3.32263
-1.26897,4.8362,9.53732,-3.02847,-0.601884,2.97803,6.03089,6.73895,-6.84343,3.91314,9.2532,8.21356,2.74866,5.66739,-1.56274,6.58772,2.251,8.83089,-1.09117,0.691511,-2.56163,2.7647,9.18752,-9.704,-2.65772,-7.93364,-3.36129,-5.35218,-4.07103,7.87416,-3.5767,3.0206,2.03546,-5.04236,-1.37606,4.37599,-4.54832,-5.2975,-4.01727,2.34442,0.351401,-4.12236,4.06768,3.4215,-1.03218,8.96327,1.80522,-8.27485,0.146419,7.83507,-7.40328,7.13149,4.07544,0.10977,2.5861,-5.86457,-4.98077,-8.80268,2.82041,-9.05535,8.57087,-6.85871,3.7196,-9.02064,1.04523,-3.88825,-4.5418,-6.78925,9.83038,-8.5973,-6.89942,-2.16499,0.194237,8.01922,-1.41738,5.76995,2.2336,-8.45424,9.14927
8.45319,-7.93692,7.83278,-8.49523,2.16815,4.7149,-0.175248,-9.3214,-0.794853,1.95515,3.44377,-7.45297,5.24592,-0.784163,8.24907,-3.68769,-1.5608,6.15894,4.76174,-5.12879,-7.07855,-8.94704,-3.14047,-4.54274,9.56004,4.85514,8.13173,9.10935,2.2691,6.18878,0.905062,-7.73641,-9.56991,6.29423,3.95042,-5.73222,9.49293,7.16007,-1.8267,2.02766,8.2247,4.06768,0.759713,4.72267,-5.96466,-1.89768,-7.18158,-2.73127,5.22484,-2.31156,-3.84549,4.37656,1.40391,-2.79448,-6.00577,5.31715,2.29625,6.17702,2.36421,6.23514,-4.43219,6.80956,-4.52622,-9.78416,-2.31294,-2.61736,8.04484,8.25178,-3.92127,-7.1114,-7.73331,-8.30117,-5.35153,6.90611,4.98323,0.253272,7.7134,-8.31052,7.23278
1.12497,-0.475789,4.20166,3.62448,7.99363,-5.07241,-1.8822,7.03839,7.49794,-9.92425,9.3658,0.532407,-9.535,-8.8261,3.79728,6.26554,-5.07217,6.78282,-7.66302,5.48649,6.88202,-3.34267,-6.27823,5.68491,-0.788915,3.02311,9.72898,7.73505,9.56023,-0.49013,-3.80794,5.90602,5.39993,-1.86377,-8.18443,1.70002,0.942741,-2.33354,3.40269,-2.45968,2.94524,3.4215,4.72267,5.48842,-7.7401,6.50477,-3.96758,-1.50153,2.19011,8.28994,1.70416,2.15284,-4.17983,-9.59372,9.78723,4.63778,3.74416,-7.20016,-5.40898,-3.31105,-6.97863,1.11493,-3.15036,-1.91338,0.479562,-0.600456,-9.10884,9.81483,0.839089,3.02362,7.98931,3.073,-1.56383,6.76019,2.26537,4.12551,-5.14339,2.91598,-0.750872
-3.84974,-7.34523,1.5672,-0.263684,9.3197,-9.49519,6.18965,6.01508,8.55623,8.7347,7.15572,-4.01554,7.98216,7.97852,0.148388,-4.0109,2.6832,5.11898,0.119505,5.70754,-0.717224,-6.82873,-3.40127,-2.99679,-3.64253,4.01735,-2.78063,3.35329,4.89718,9.18153,3.92578,-1.44479,-2.67967,2.39469,3.21641,-5.77146,-9.26249,9.36627,4.36426,6.40978,-4.69612,-1.03218,-5.96466,-7.7401,-4.95535,2.82458,9.62224,3.81928,1.06411,-0.581746,-0.700228,-9.38427,7.84483,9.69071,-6.23856,-3.21641,3.16033,5.78342,5.08837,-7.33479,-9.82834,5.36432,5.1346,-2.96965,-6.41998,1.5757,4.83545,-2.00125,-1.85911,4.71099,-8.79578,6.28105,3.87274,8.94816,-9.79461,9.97063,-1.63793,-5.41189,-8.9035
-7.93799,-8.45756,4.82956,9.94828,-6.20373,-4.34328,-3.59732,3.0028,-2.29734,-7.92406,5.85485,7.368,9.63711,8.21999,-2.03637,1.02044,-7.84675,-9.85418,4.68849,-2.27433,3.09399,-7.24902,6.0948,3.37645,-5.12706,4.22008,8.84836,3.75436,-7.27644,-5.82237,-3.13153,-2.4492,8.75252,7.45613,-3.80994,0.129435,-7.37178,8.12207,-7.40051,-8.77176,-6.43585,8.96327,-1.89768,6.50477,2.82458,9.12255,5.47775,-2.65121,3.62021,-1.11657,-6.93253,9.32752,-1.39182,8.51211,-8.74915,-0.715212,7.34446,-1.51528,5.8268,-3.53343,-4.03854,-9.66677,0.860777,-7.86732,4.43948,4.32557,0.405775,-3.89941,5.82064,-7.06862,-3.15963,-0.966769,-9.99125,8.23544,6.62114,0.849435,9.019,9.85684,-8.59012
-4.04367,-3.7644,-7.69757,-3.98004,-3.17517,8.40763,8.32457,-7.55848,-6.12142,-2.75023,-3.52337,5.48932,-9.98104,-5.13192,-8.91904,5.66957,5.65598,2.46764,-0.240606,-4.03859,1.32294,1.87283,-3.70422,5.60369,9.05455,1.02411,0.662537,1.70863,-5.59057,8.01754,-3.95401,-2.4619,5.45576,2.51991,7.63518,-4.46925,-0.924689,-3.29318,-4.52978,0.268199,-5.74477,1.80522,-7.18158,-3.96758,9.62224,5.47775,-7.71953,-5.61749,-5.06782,-1.41387,0.836217,-2.34571,0.86797,7.94561,0.715068,-0.948496,3.0702,-6.40427,-4.76756,-7.59633,9.94372,1.06422,-8.82916,9.60385,9.26147,-2.22652,-0.429943,-1.25762,1.55658,9.72763,8.57494,-1.80112,5.62504,9.82591,-5.03548,6.76436,9.64668,-1.33252,6.3735
-9.36932,-0.272607,0.536021,3.46719,-9.9948,-4.69265,-1.33958,-4.5661,3.44952,-4.61939,7.68299,4.53672,7.69747,-2.87298,1.71381,1.86954,1.0222,0.0360345,-4.90012,-6.18765,3.57611,5.86049,8.83583,-5.28828,2.75302,-5.71563,7.83717,-6.46885,1.51688,8.70241,-9.98582,9.77395,6.32881,7.83374,-0.977354,-9.88781,-7.02867,-9.87272,-0.603942,-6.25567,-6.51524,-8.27485,-2.73127,-1.50153,3.81928,-2.65121,-5.61749,7.54985,-3.16274,4.28613,2.00509,3.64887,-0.222324,-4.94481,-7.20396,6.68664,-1.34874,7.13088,7.6476,8.40741,-8.23386,-4.99065,3.53065,0.599257,6.64773,-9.99747,6.44731,3.71976,1.954,5.50077,-4.41255,3.46105,4.93699,1.26893,-3.27155,0.618553,2.10157,-2.65297,-3.07194
-7.71883,7.17184,9.07434,2.63654,7.84946,-5.76576,-9.88499,3.45561,-6.71314,7.70662,-0.0460119,7.06242,4.83309,1.84844,-1.434,4.32201,-7.67821,8.31955,1.77811,-7.65292,9.05767,-5.99139,5.35163,-7.79985,-5.85093,-6.49984,-3.28051,-3.01425,3.59951,8.40569,3.2094,4.5811,2.94325,-0.604053,3.85387,8.80509,-5.62172,-3.47682,-9.69426,-1.79848,1.24661,0.146419,5.22484,2.19011,1.06411,3.62021,-5.06782,-3.16274,-5.55075,0.312743,5.34291,6.48558,9.60488,-8.1569,9.91077,-7.04964,9.62641,5.90344,2.75481,8.67414,-4.13738,-6.4909,2.11191,6.67998,-5.83519,-7.0606,5.9433,-5.68628,6.49091,-0.545727,-2.26747,-0.00248986,0.0958267,-3.26809,0.895048,4.6923,-5.47368,-4.36125,5.72041
5.80943,-8.88518,-6.9771,8.19492,7.89877,3.75727,-2.01434,-3.9624,2.94015,-2.88195,5.96872,7.30773,-9.94474,2.01822,8.52319,5.9349,2.53964,-9.18103,3.94806,-1.50943,-4.24956,2.47264,-4.99171,-7.17786,-8.48938,-0.055571,-1.58207,7.87489,0.343764,-6.61483,-2.21163,5.43681,2.17318,-4.21871,7.86192,-9.98984,-1.45791,-0.893509,-6.17736,-7.51602,9.82135,7.83507,-2.31156,8.28994,-0.581746,-1.11657,-1.41387,4.28613,0.312743,2.20935,0.397851,9.02784,9.37862,-9.53269,-1.51973,5.61743,-0.0394145,2.34157,-6.81308,4.57015,-3.0511,9.544,3.49708,4.08597,-7.91404,6.67869,4.2311,-3.64293,-8.57679,0.170878,2.55948,-7.21545,-8.08406,6.75787,-8.20911,6.01359,-2.56102,9.8077,-0.37336
3.42458,7.60493,8.23286,8.47728,3.73888,1.16945,4.27807,3.96848,0.561386,-6.65429,1.76275,5.11616,-4.2485,2.62277,7.89277,0.117828,-2.48446,0.362149,3.53045,-9.71076,2.5812,-2.54189,-0.938726,9.48789,3.49565,4.92024,-1.09852,-2.23292,2.75368,0.792792,4.56985,5.75161,5.48904,1.14716,0.211924,6.65087,-0.569218,0.287295,-1.94114,-4.96272,0.704121,-7.40328,-3.84549,1.70416,-0.700228,-6.93253,0.836217,2.00509,5.34291,0.397851,-2.29661,-7.13703,-5.79836,-1.92896,-5.17917,-9.63857,5.04293,-8.99352,-7.14713,2.95791,-3.11873,-9.13993,2.55356,9.63608,2.39725,-1.79547,5.24152,6.99328,-3.67357,-9.94041,9.07343,5.52623,-4.89988,2.69049,1.20227,4.54736,3.29056,7.78415,-6.98481
7.01979,-1.40541,0.720487,0.446834,2.08941,1.71604,6.06607,-2.08804,-3.30499,7.90055,4.94433,-0.528851,6.14775,-8.2665,5.1316,-3.91062,-2.47175,8.79736,-9.61623,4.28361,-1.2106,0.986436,-2.23864,-3.63512,-1.09886,-4.46619,9.58107,3.535,9.27996,8.4745,-7.15981,-2.24336,-0.571151,5.96213,1.25672,6.67185,9.20581,-8.70178,7.7854,-7.09349,5.73213,7.13149,4.37656,2.15284,-9.38427,9.32752,-2.34571,3.64887,6.48558,9.02784,-7.13703,4.48079,-8.65086,-9.57064,6.49952,0.0642099,-8.0034,3.66453,0.911669,8.39776,6.43341,-9.75281,-4.49812,1.90031,9.7193,5.22826,6.24249,5.11328,4.4913,1.78599,-2.05683,-1.44501,3.34754,9.85518,4.16598,8.293,8.44347,-9.49416,-5.17963
0.0200647,2.30361,5.56339,-7.97949,-5.26078,-5.77476,1.84295,9.43722,-7.08852,9.26651,3.21728,-7.05604,8.58196,-4.27138,-1.50867,9.04182,-0.776488,9.74301,6.10807,0.606117,-3.72583,4.37627,-2.68075,-3.40128,4.8565,-5.75794,6.81555,-3.25205,-1.08135,8.13714,-7.83126,5.33261,-0.91834,-9.34186,-2.24196,-6.46432,-5.95189,-2.92939,6.42817,-5.84071,7.82276,4.07544,1.40391,-4.17983,7.84483,-1.39182,0.86797,-0.222324,9.60488,9.37862,-5.79836,-8.65086,-1.06284,9.43691,-1.24532,-6.22543,9.08318,-7.11167,5.0791,3.53538,-3.12407,-4.0795,-5.54562,-1.24655,-2.7553,9.56468,8.40235,9.98888,5.42275,-2.61802,7.95664,7.19361,1.63286,4.07719,3.27035,-6.97981,-1.94563,8.29345,7.37057
-2.87684,9.89677,6.50197,3.68196,1.90056,8.69851,7.37739,-6.10343,8.61621,3.07348,-8.15555,-9.00164,-2.21092,-7.00438,-3.87123,9.88879,-3.96109,-8.28852,1.33681,-0.815253,-5.00601,-2.04739,-0.780704,9.95732,3.61929,7.59638,8.85824,8.11487,-3.8649,6.82177,4.14036,-4.43143,9.53731,8.56807,-0.237713,-2.90664,5.9117,-6.45674,9.27742,6.30457,5.49043,0.10977,-2.79448,-9.59372,9.69071,8.51211,7.94561,-4.94481,-8.1569,-9.53269,-1.92896,-9.57064,9.43691,1.60913,6.63571,-7.29039,-9.28815,3.9155,-2.08039,6.70528,-0.268367,-2.76849,-1.09826,-3.09121,2.14414,3.67612,-1.27652,3.14514,-6.62464,-4.30845,-5.97877,6.42864,-7.37329,-8.84808,-7.71188,2.33044,1.5532,3.09607,-7.41372
9.94465,-8.37251,3.4578,8.61725,5.60659,-3.72059,3.71625,6.51909,-7.57338,7.77827,0.203393,6.54187,5.84321,2.59094,-7.3074,6.74465,4.04774,-6.85196,1.75714,-2.08359,-0.21822,-6.35467,-2.13887,-0.85362,-1.25396,-3.75963,-3.04074,-6.07208,5.3038,0.300148,-5.06615,-4.91406,0.858546,-0.121703,-0.186777,-1.56657,-2.52177,7.04481,3.78113,8.03081,-1.60652,2.5861,-6.00577,9.78723,-6.23856,-8.74915,0.715068,-7.20396,9.91077,-1.51973,-5.17917,6.49952,-1.24532,6.63571,9.71022,0.498115,-0.557637,6.51816,-6.03589,-7.88951,1.29065,-6.13896,-3.86076,3.83095,1.50396,-9.24724,-7.38801,1.08409,0.924245,5.46321,-3.16803,-3.31958,-6.06284,1.66527,-5.2627,4.51258,-3.80452,-9.82299,-6.25273
4.16548,-4.13557,1.51854,-3.00887,7.66975,-3.87997,-8.40182,-9.62481,3.79497,-0.0800292,-2.38052,6.09887,-2.57812,1.88281,7.65637,-1.2063,-8.69967,-8.10951,-0.145203,-2.27305,8.41359,4.69633,2.07697,5.06234,-0.983115,5.33026,7.96155,-5.45981,-6.64583,1.1801,5.25371,-2.9617,-7.12788,-3.62575,2.93816,-2.67273,-6.80064,2.15963,-4.56047,4.63055,-0.925607,-5.86457,5.31715,4.63778,-3.21641,-0.715212,-0.948496,6.68664,-7.04964,5.61743,-9.63857,0.0642099,-6.22543,-7.29039,0.498115,1.25467,-5.56474,9.97021,2.6036,4.74192,-6.18952,-7.18439,-0.778153,4.38892,-8.29116,3.43478,-9.4903,2.42217,1.03907,-3.83173,5.62663,-3.71736,-2.99477,6.2532,3.4194,2.82417,-9.86469,-7.85185,2.78995
2.66963,-6.65411,-1.14208,-9.12226,7.19844,-2.84425,3.19718,-9.74482,-3.34385,-2.75336,1.81705,-4.91097,-8.29374,-5.2917,-8.13715,-0.474159,-6.50827,6.29049,6.1325,-6.10378,8.32693,-7.62403,7.80097,-4.49248,-5.63746,0.782298,3.22976,-3.94419,-5.89758,6.80347,-9.11637,-7.10569,-8.94711,0.926065,-2.805,-7.31836,4.84445,-6.77207,-3.44648,6.25239,8.09873,-4.98077,2.29625,3.74416,3.16033,7.34446,3.0702,-1.34874,9.62641,-0.0394145,5.04293,-8.0034,9.08318,-9.28815,-0.557637,-5.56474,-5.80346,0.165592,-5.1078,7.10067,0.234667,-2.70207,-0.0384935,-9.03465,-6.06585,3.40741,7.00762,5.30751,-9.47233,4.20213,-7.03687,8.34064,-3.13848,-0.166267,-6.25974,4.85905,3.68371,4.05026,4.5708
-9.67226,2.52635,7.84127,-0.457943,-4.64385,-6.94557,8.98062,-5.47263,-4.61576,-2.91812,2.71211,-6.19637,-7.74106,2.11034,4.56131,-8.59733,0.415014,-0.136394,1.74323,-0.830614,4.41813,-7.7256,2.86806,-8.68884,6.99912,-3.51833,-8.81782,6.80136,7.15585,-3.76563,3.72286,-3.57451,-8.0409,-0.381765,-2.84087,-3.26288,-5.89127,9.76387,-1.46187,-3.493,-4.97413,-8.80268,6.17702,-7.20016,5.78342,-1.51528,-6.40427,7.13088,5.90344,2.34157,-8.99352,3.66453,-7.11167,3.9155,6.51816,9.97021,0.165592,0.805866,9.34938,-1.18566,-9.45354,2.20253,-8.7484,-9.12935,5.94125,4.16611,-1.08279,1.69512,2.96541,7.8544,-0.848886,-4.92264,4.96933,-8.65899,5.3518,-6.71473,-4.81115,7.88229,-8.87354
-6.18936,-0.957777,1.75097,-6.71683,-7.89153,4.45263,-2.10633,-1.40599,-6.75243,9.93224,7.81834,-0.730349,0.834417,9.69449,-5.78375,-5.31675,-9.97199,-4.37061,-3.51951,8.44836,5.01719,8.00093,-6.25473,0.0987657,0.523036,4.6427,-5.40767,-5.08083,1.33333,6.1184,2.18667,0.990774,8.81526,-8.67658,-7.94594,0.227739,6.93357,-7.54501,8.57966,-9.7074,-9.85611,2.82041,2.36421,-5.40898,5.08837,5.8268,-4.76756,7.6476,2.75481,-6.81308,-7.14713,0.911669,5.0791,-2.08039,-6.03589,2.6036,-5.1078,9.34938,0.280118,5.22748,-8.83883,-5.96484,0.771571,4.92174,-5.80748,8.7279,-8.40324,-5.00359,-8.51173,-5.66414,-5.31327,-5.2923,-4.69295,-5.83713,7.05184,8.84448,-7.23131,-4.1567,-3.84128
