3.925,6.21673,-5.6654,1.83963,2.57268,9.1618,-2.76314,3.33696
6.21673,0.47,-5.78851,8.72094,-8.42158,7.44837,0.391698,9.3307
-5.6654,-5.78851,-3.08828,-1.03904,1.56377,0.467747,-0.975971,-0.335333
1.83963,8.72094,-1.03904,-9.14099,-0.633455,8.57646,-6.77641,-0.492561
2.57268,-8.42158,1.56377,-0.633455,-4.42167,4.4696,-1.50202,-6.37294
9.1618,7.44837,0.467747,8.57646,4.4696,1.12044,-2.6614,9.22027
-2.76314,0.391698,-0.975971,-6.77641,-1.50202,-2.6614,-1.56316,7.54078
3.33696,9.3307,-0.335333,-0.492561,-6.37294,9.22027,7.54078,7.62536
