9.48781,-6.98816,-6.08573,-9.28918,7.48636,5.59457,4.29896,4.67462,-1.98384,-6.78175,-1.45542,-3.347,-0.186144,-9.97092,-1.32295,-1.79189,7.93631,-7.27286,3.5067,-6.59482,9.11884,-5.23313,-2.78218,5.48959,-9.4573,0.12626,-4.35319,-0.250623,-1.36522,0.75255,-3.25492,-4.5613,8.93314,-8.67667,-6.96409,-7.73517,1.71098,0.0619171,-4.6885,4.77883,5.57575,8.31113,8.8624,0.606814,3.61154,-3.31292,-8.24096,5.46373,4.52587,-6.36452,7.31449,-5.54784,-4.59367,2.16244,5.71317,8.12423,-9.60816,-9.67845,6.76817,-5.15935,-8.77385,7.71301,6.01968,-0.828688,9.51012,8.37727,4.34175,1.34146,-7.67949,3.93542,5.73069,-3.08774,6.004,-8.35823,-3.38438,-3.95344,4.06178,-1.63346,4.55705,4.63723
-6.98816,-7.95898,-4.28084,-1.60775,-9.91668,-5.13623,0.441983,8.7138,-8.29924,-6.04589,5.80469,0.555231,-9.76753,2.42986,7.24757,1.59293,4.12966,3.89971,-8.1784,7.09733,6.34431,4.83661,-2.0178,-7.96069,-9.78079,5.51579,-8.85024,0.999979,9.62257,1.87239,-4.07051,-9.55039,4.73646,9.52644,9.30117,4.47775,4.41436,-5.1651,-1.77221,-1.78354,-3.458,-2.18181,0.114266,4.22812,6.45973,6.39597,1.3667,-0.530576,8.28966,7.13964,-6.25716,1.44525,-0.305689,-5.61587,3.21297,-9.52858,-0.970432,-2.38652,7.59842,0.25328,8.48367,-7.26985,0.9696,-1.98973,4.05557,-1.87725,-2.42886,-5.01312,-8.3019,4.9125,1.6676,-6.586,1.35781,-3.48014,-2.63552,8.5632,-3.8702,6.26111,0.00661686,-8.15296
-6.08573,-4.28084,0.212576,7.54699,-9.33593,7.62583,-7.70257,9.49646,4.13102,2.49609,-0.331997,9.9556,-3.46728,4.1766,1.00739,-1.44088,7.16114,4.27269,0.0633771,2.07599,-4.65444,8.23116,3.65005,0.390321,-3.54287,-1.02708,3.3599,-6.73711,-8.03614,-9.485,1.30416,-8.18383,3.82486,2.56711,7.34448,-8.80888,4.96135,-9.46321,7.26957,-0.189946,8.63994,-9.57496,5.39082,-0.332322,9.97435,-7.39682,-9.37679,-4.40497,7.31029,8.09869,-4.63977,-3.33769,6.20415,-6.7396,-9.05494,6.84545,2.96329,-2.53834,-3.71176,7.99764,0.842189,9.28501,7.8856,-0.0198861,-7.92179,7.1129,-1.50685,-2.16563,6.57573,-3.19124,-3.80658,0.365342,-6.0434,-7.24465,-9.79499,-6.30517,-9.97239,-8.84394,3.49385,-3.08174
-9.28918,-1.60775,7.54699,-0.465475,-0.503937,2.17668,1.08834,1.86688,-3.79321,3.99309,-9.81144,-6.31178,-5.51303,7.18086,2.08333,-2.82041,-9.59801,-1.86174,-6.79586,-6.34676,-4.96865,8.42067,-4.56476,-0.346298,4.24782,0.168402,-5.52201,-6.71123,1.04022,-5.80698,9.06655,3.3561,4.55541,2.6114,1.70577,6.0139,-6.07773,-2.9639,3.12736,-8.90018,-9.03864,6.722,3.4721,-4.04046,-7.7502,2.30248,-3.09979,1.34229,-4.92124,-6.20684,-2.63965,-8.68285,-1.62486,3.83909,-9.09427,3.65242,-6.20375,-4.42594,-3.98168,-3.04878,-2.17838,-0.202304,-7.07345,6.29223,-5.23482,-5.27919,5.78673,1.8128,4.12248,4.72956,-6.62252,6.47667,-5.95745,-9.95659,1.7724,1.89697,1.74896,-3.40206,5.24186,-4.13587
7.48636,-9.91668,-9.33593,-0.503937,7.91151,4.55333,5.65922,3.9035,-8.59761,6.7927,-2.03392,1.66001,3.13469,-5.1172,6.58735,-4.1641,8.7007,2.61126,-1.68529,-8.5052,-9.91992,5.97793,-1.52218,-2.72475,2.95442,-1.57114,-8.53548,6.21762,-9.67402,-7.01352,7.42231,1.20794,4.60342,-6.97942,0.527859,-1.17597,-5.59652,2.73849,0.448944,-6.12255,1.81991,-9.19365,-1.77487,-0.259598,1.02108,2.49568,2.77965,4.68168,0.336153,4.46428,-9.95624,-6.05015,0.739267,5.52476,8.07205,-0.0328441,1.72002,6.79478,5.33314,2.20325,1.66924,9.76469,8.20947,9.35861,-2.29899,-4.57619,8.9216,-1.61199,3.34184,-4.68209,6.32196,-0.774924,-8.23654,-1.20965,-0.0273966,-8.61909,8.41115,4.4258,5.36949,-0.218282
5.59457,-5.13623,7.62583,2.17668,4.55333,-5.90428,-7.24199,1.72428,-6.02828,-7.51837,-5.32676,2.75966,-9.06536,-5.01014,-8.35897,9.03853,5.55918,0.646331,-6.90402,2.80773,6.9095,-6.55911,0.23283,0.150021,-9.53544,-4.80942,7.70007,2.86336,7.57897,-1.31232,-6.9118,4.64611,-1.71877,-4.07755,-8.07519,-0.408552,-7.70868,2.37007,-3.40517,2.40753,-9.94196,6.05455,-3.90443,1.42526,-5.6568,2.47761,-9.28425,9.42701,1.36559,0.841976,-3.06831,-1.89677,2.4729,8.64002,-1.78042,-4.30405,-9.3854,-6.07436,6.07955,8.18345,-2.49683,6.77142,-3.28006,-1.53596,0.559953,1.77414,-9.19245,7.45229,-7.21974,2.93654,-3.7526,2.11104,8.92274,-5.47254,-7.48055,-1.44309,3.08215,0.585248,-4.54919,3.56019
4.29896,0.441983,-7.70257,1.08834,5.65922,-7.24199,7.2112,4.30734,8.50099,0.965963,-0.743164,1.26217,2.8294,1.14333,-6.05142,9.96805,6.67382,-5.24153,7.44581,6.1389,-3.27051,-7.90591,1.82387,-9.3675,-1.0962,9.99979,6.67861,3.69354,-2.44673,-9.81875,9.46593,3.54895,-5.83554,-3.51014,0.217081,9.71511,-2.67519,-0.472067,-1.18728,3.68464,-4.56336,1.95419,-3.73032,-5.40089,-8.28054,4.20995,4.98129,-3.03235,-3.28362,2.10476,-6.7037,-0.622257,7.5389,-9.38162,5.10266,2.86184,4.71137,-1.26433,1.60054,5.43901,7.54137,-2.87007,9.67686,-4.34246,0.0581236,-4.89436,-7.24267,-4.99944,-4.2559,1.95709,8.27986,-2.29298,-9.04926,6.06866,1.26169,-0.948297,-2.93,3.18337,-5.027,-9.82368
4.67462,8.7138,9.49646,1.86688,3.9035,1.72428,4.30734,-6.44411,9.03561,2.4637,-2.04627,-6.15621,-7.61593,-5.2605,7.93152,4.95285,7.57481,8.46693,-4.779,6.03694,-3.47523,-1.1916,-8.24584,6.48314,-9.79987,9.21764,0.948302,7.52975,-0.528271,-3.31591,-1.53929,-7.40877,7.31665,8.40636,9.43135,2.77259,0.181444,9.58227,-7.13127,9.39945,5.85586,-4.40104,9.04105,-4.12467,-5.60377,-0.890126,1.14963,-7.23144,-4.46781,5.75492,5.39256,-3.41114,7.11464,-6.67696,2.55429,4.95412,-7.9579,3.75099,-3.09028,7.5997,-4.53796,-2.12803,-8.18828,-3.04916,-2.85723,-8.33665,4.91504,2.25844,-3.71276,8.96102,-6.11114,5.96572,3.03077,5.16551,-3.48553,8.3139,-4.95329,-0.594726,-9.61866,0.104181
-1.98384,-8.29924,4.13102,-3.79321,-8.59761,-6.02828,8.50099,9.03561,3.8858,-8.76219,-2.40083,9.92517,0.112183,2.87832,4.34354,6.56058,2.65464,7.68837,0.722453,1.27403,3.00312,-4.21666,3.09667,0.337213,3.00102,4.87869,0.495583,-0.875402,4.76636,2.24268,-9.97539,3.31537,5.68563,-1.0711,-8.32178,5.7236,5.46456,-2.42486,7.06301,4.64318,4.1369,6.83482,-5.51393,-4.48363,-0.67304,-4.03337,-5.45521,1.36258,-8.89226,2.36987,-7.64234,5.66218,6.01807,3.30227,-2.39636,4.78892,-2.92739,-6.21514,7.7706,9.30631,-3.99477,-1.20601,6.75953,4.04462,3.48894,3.93233,-3.29895,9.98165,-4.40549,-0.740751,9.46387,1.3482,7.87587,-9.32402,-2.89821,-8.43248,9.45598,4.0294,9.41519,-2.77904
-6.78175,-6.04589,2.49609,3.99309,6.7927,-7.51837,0.965963,2.4637,-8.76219,-2.73902,2.02786,-5.87774,-3.32727,-2.40935,7.74795,9.76218,-0.490254,0.255896,9.09259,2.29159,2.25531,3.34268,9.65804,-0.485546,3.68906,6.21408,0.204313,3.20521,9.54292,1.00931,-0.0248264,5.08288,-1.06109,3.57551,6.12447,0.210966,-7.63197,5.06577,1.72773,-2.65941,-1.6755,-9.81621,-3.40899,3.17673,0.423644,7.88103,7.87568,-3.55729,-2.11994,-2.19847,3.55533,7.19879,0.289125,-6.77864,8.66112,4.97319,4.28762,-4.75665,1.49008,5.32359,4.55297,7.20876,0.433084,-6.51688,-0.726433,7.58942,4.22578,3.54707,-8.83761,5.53381,-7.09706,3.69799,-1.63742,1.12228,-5.25422,-6.94194,-1.51858,-3.60732,3.49465,-1.69211
-1.45542,5.80469,-0.331997,-9.81144,-2.03392,-5.32676,-0.743164,-2.04627,-2.40083,2.02786,8.0903,9.06218,8.07947,-2.00001,-6.47497,-7.48235,2.53521,-0.281024,8.54837,-6.09793,-4.94145,-2.79383,3.61796,5.74945,1.51023,4.02893,5.83858,2.06394,5.69596,-7.72457,7.52846,-1.45242,-2.44641,-8.59803,8.27956,8.66455,1.06496,-7.05562,2.74109,-6.35446,-5.47958,-4.17236,7.46309,0.0958755,8.11263,7.47446,-8.36501,-0.897199,6.38262,7.18006,2.88398,0.37004,9.40316,-0.294035,0.197298,-5.09171,0.856809,-1.07627,-4.40574,-9.70962,1.4802,-0.186322,-3.81668,-3.72314,-0.521536,9.15781,-0.0694447,6.75881,2.411,-9.14944,9.62255,4.48506,6.19805,-1.51454,-3.29354,6.8026,8.56732,0.0726478,0.452364,1.33688
-3.347,0.555231,9.9556,-6.31178,1.66001,2.75966,1.26217,-6.15621,9.92517,-5.87774,9.06218,-7.6397,-2.9096,1.3248,-6.25547,-5.60367,-3.93613,-2.6856,9.17709,-6.25718,0.504093,-2.49113,-2.72509,2.8166,-9.20782,-0.885499,-6.25246,5.28179,-3.91003,-7.65251,-5.1321,7.20187,6.19054,-2.7547,5.81553,5.57791,7.27387,-1.47286,-8.56989,-7.35484,-9.38754,-3.18436,-6.55472,3.15635,-4.32142,6.13656,5.8251,-0.946249,-0.145088,9.88705,-5.27451,9.96178,-6.21671,-8.36385,4.78165,9.49933,-4.05953,-3.08567,7.70464,5.59183,0.307446,-8.5388,5.95136,1.39375,7.45821,-6.17352,4.48326,-0.45097,9.33021,-5.18971,8.3101,2.04112,-1.23655,-7.20609,-7.78468,-0.719294,-4.8999,-4.28209,5.07402,2.24886
-0.186144,-9.76753,-3.46728,-5.51303,3.13469,-9.06536,2.8294,-7.61593,0.112183,-3.32727,8.07947,-2.9096,-6.83886,-3.58199,0.0849384,9.01574,9.48622,3.9482,0.820261,3.5662,6.50504,1.53407,-1.7263,-1.7445,-2.0399,2.23031,6.8734,9.57881,3.18982,-4.75124,-5.98066,5.50584,-6.9993,9.04666,-4.93983,-8.33397,-1.16642,3.89358,6.17885,1.6467,-2.27592,9.53428,4.78081,-0.189431,4.64332,-4.50089,-2.94779,-9.18103,-1.86108,-2.73258,1.80527,6.0617,-8.57305,3.12892,5.68826,-9.78447,-3.19312,-3.23253,3.15981,1.90081,6.87699,-4.46887,-0.697849,-0.650335,4.0977,4.1996,5.86519,1.91233,-5.52158,-6.51736,3.24274,-0.260604,-1.2248,2.09175,4.33623,-7.43885,-8.24402,-5.19225,2.19927,-0.0898895
-9.97092,2.42986,4.1766,7.18086,-5.1172,-5.01014,1.14333,-5.2605,2.87832,-2.40935,-2.00001,1.3248,-3.58199,-3.7992,-3.00474,-2.53105,-6.58838,4.83118,9.20216,2.37072,2.01852,-2.01076,4.18617,-5.91211,-6.59554,3.16809,-2.44591,-1.44487,-1.81808,2.22762,6.72027,3.42931,5.46321,4.47585,-1.38227,-4.51467,-9.2881,-9.50883,9.4595,8.68859,-9.46535,7.69107,4.55432,-7.46425,-7.71911,-8.22952,-2.45206,7.28195,3.28074,-5.30433,6.15891,5.76161,-3.38752,9.41814,0.89025,-2.44584,-8.76876,-7.95744,-9.76257,-5.54592,9.31151,5.49808,-2.88841,-9.37807,5.64454,-3.57409,-9.96238,0.915928,-3.64288,2.37576,-1.01946,2.83055,-6.4557,-5.41419,8.83226,-1.90958,0.381045,3.54721,7.02408,9.908
-1.32295,7.24757,1.00739,2.08333,6.58735,-8.35897,-6.05142,7.93152,4.34354,7.74795,-6.47497,-6.25547,0.0849384,-3.00474,7.41162,0.338015,3.69465,-8.76581,-0.991952,-5.30735,-3.23054,-8.16636,6.23871,-0.555528,6.94573,-6.67929,-6.97488,-0.71555,-6.30017,4.61755,6.31946,-6.98492,-2.50577,-5.44774,2.40072,-0.64452,9.2285,1.81157,-1.55138,7.10229,-3.22188,-9.02968,3.10838,-9.06437,4.89907,-0.726039,-8.19966,-4.83262,-1.07154,1.02419,-1.4165,6.96956,-0.755136,4.62441,8.70737,4.47548,-4.53772,6.98471,-7.34135,4.48228,-3.92782,-3.45015,2.3952,-6.34303,-4.65487,6.81971,-1.91327,-5.84624,-5.53249,1.14244,0.463972,-3.64502,-1.11882,-9.64761,8.98535,-9.4911,-1.7399,3.92752,1.16136,6.29949
-1.79189,1.59293,-1.44088,-2.82041,-4.1641,9.03853,9.96805,4.95285,6.56058,9.76218,-7.48235,-5.60367,9.01574,-2.53105,0.338015,8.94726,5.54362,3.92984,2.12121,-5.42409,-7.78039,9.49891,-2.23759,0.046877,-8.59736,-3.71024,-7.54992,3.9454,-6.02391,-8.88575,-6.32662,-5.29349,-8.00063,-4.77875,6.45277,-2.45827,-3.31573,1.93577,3.04143,-6.32037,0.70287,-6.21269,3.76168,5.33176,-1.72105,3.7715,3.2414,-0.0567023,0.264144,-6.12163,8.10832,7.44371,4.18422,4.48248,-1.75262,-1.57761,9.86284,7.62569,2.40368,8.72945,-5.89918,-9.72496,-4.58356,-9.8817,0.907454,6.48132,-4.90651,4.75541,-3.87989,-5.21182,6.90878,5.01338,-4.83488,-1.42065,-3.57362,-2.69057,4.68466,9.38403,0.622443,-4.73395
7.93631,4.12966,7.16114,-9.59801,8.7007,5.55918,6.67382,7.57481,2.65464,-0.490254,2.53521,-3.93613,9.48622,-6.58838,3.69465,5.54362,-9.86604,-4.35586,2.83307,-6.41888,-3.06125,5.8326,4.53905,-4.39052,4.51365,-2.40056,-2.30831,1.23662,-5.2929,-0.389815,-7.00749,6.6241,-7.85997,-6.08391,-2.92988,2.20984,9.32813,-8.17856,8.13092,2.58662,6.54425,2.91345,6.11901,6.74371,3.75874,5.85102,-5.04972,-7.1071,8.26058,-3.67388,-2.54821,5.76864,-7.32014,-1.16241,9.48432,3.7738,-3.14899,5.24161,2.91463,4.78698,-9.54981,9.90437,1.34207,-7.59312,7.53456,-3.70653,0.316097,-8.14584,1.36422,0.17807,3.75621,-6.07218,7.32923,-7.17214,-5.12649,-2.57593,1.17062,-0.493788,-9.90524,9.31662
-7.27286,3.89971,4.27269,-1.86174,2.61126,0.646331,-5.24153,8.46693,7.68837,0.255896,-0.281024,-2.6856,3.9482,4.83118,-8.76581,3.92984,-4.35586,8.63519,2.38647,2.47593,0.947778,-2.0497,-2.75357,-2.30371,2.8197,-2.20296,7.80116,2.19413,-3.88715,7.46025,8.73534,3.62025,-5.62492,6.91342,-1.39234,2.46311,0.104804,-8.78049,-0.234057,-2.37632,3.18287,-7.41867,-8.52766,3.45589,-4.99167,-2.01489,6.84252,-5.5688,1.51177,2.89407,-5.33062,-9.52122,-2.27706,-1.68533,-4.1828,-2.68616,7.241,-9.42777,0.494931,-2.66698,1.89213,4.08739,-3.90017,-4.04411,3.45962,-5.29618,-2.97078,-4.78701,-2.5066,-4.46032,-6.67345,-5.60191,-1.89654,9.60723,-1.45895,-5.04407,-0.793103,4.543,-8.08509,-7.86719
3.5067,-8.1784,0.0633771,-6.79586,-1.68529,-6.90402,7.44581,-4.779,0.722453,9.09259,8.54837,9.17709,0.820261,9.20216,-0.991952,2.12121,2.83307,2.38647,9.71852,6.82196,0.32409,-7.62327,-2.01294,3.2541,-1.761,-3.72735,-1.62224,5.13313,3.3102,-9.46086,5.73864,8.24015,-5.25788,8.16291,1.31912,7.60833,-7.71894,9.28739,-5.8376,0.790414,-5.90179,-1.70435,2.28885,2.14639,2.13665,-0.292665,-0.420973,0.0638806,6.14813,-6.4471,-1.97339,0.291369,2.2079,-4.2085,-1.88799,3.4536,-6.12051,9.50391,6.42326,7.39318,-3.5577,4.89175,6.142,4.2691,4.07558,2.98268,3.73811,0.805298,8.35113,-3.30172,6.23632,-5.79312,3.61021,8.68735,-7.98592,3.10942,-8.95866,-8.41905,-6.87476,7.04596
-6.59482,7.09733,2.07599,-6.34676,-8.5052,2.80773,6.1389,6.03694,1.27403,2.29159,-6.09793,-6.25718,3.5662,2.37072,-5.30735,-5.42409,-6.41888,2.47593,6.82196,0.11114,-7.18776,1.2862,9.66822,9.99196,-2.75572,-2.83472,0.344969,2.83341,-2.20454,-9.24186,-3.67567,0.746385,-1.32886,3.36977,7.00693,4.46236,-8.82159,-6.45378,7.62371,-0.333107,-4.83885,6.07239,5.58712,-6.22035,7.91815,0.228662,-5.65254,-7.91455,9.78815,6.86824,-6.61997,-1.66894,0.935087,-2.04416,6.32349,-2.0298,-7.96447,-4.45064,-0.965111,6.6146,7.83909,7.20451,7.66369,2.55413,-9.79315,-9.63913,-1.32998,2.27545,0.212158,9.34669,-6.574,-4.79326,2.03163,-2.54066,-3.50547,-4.5127,-5.41228,-7.36521,1.08942,-4.42313
9.11884,6.34431,-4.65444,-4.96865,-9.91992,6.9095,-3.27051,-3.47523,3.00312,2.25531,-4.94145,0.504093,6.50504,2.01852,-3.23054,-7.78039,-3.06125,0.947778,0.32409,-7.18776,-9.11691,-8.81026,-0.784415,-6.25285,4.7981,1.91137,3.01712,-6.13215,-6.17463,-1.94113,6.42601,-9.66401,0.845342,-7.80026,-7.08385,9.91987,-3.61096,0.19429,-1.53287,-2.62488,1.7169,6.78071,-4.13526,8.7451,7.73582,5.44797,-8.49596,0.268265,3.08619,0.304529,-1.29151,0.653019,-3.16192,2.45754,5.10183,-0.63888,1.0457,0.492495,-1.16489,-7.57761,-7.42994,-9.0649,6.00374,9.96781,-5.65685,-2.99618,0.509383,7.3222,-8.93761,-6.77177,0.64051,-9.89938,3.76571,-8.64482,3.81687,0.101296,-3.84656,-9.466,9.55199,5.88876
-5.23313,4.83661,8.23116,8.42067,5.97793,-6.55911,-7.90591,-1.1916,-4.21666,3.34268,-2.79383,-2.49113,1.53407,-2.01076,-8.16636,9.49891,5.8326,-2.0497,-7.62327,1.2862,-8.81026,-0.495136,-5.97555,-9.63968,7.142,4.99167,-6.01552,-4.24074,-2.46018,5.51749,3.86222,7.24547,7.89181,-8.32154,-5.72866,-4.95658,-0.408734,-1.20996,-8.20874,1.57161,-4.82501,8.7582,3.76058,-4.92768,-9.51022,7.0114,-7.81531,1.52613,2.24171,7.9647,6.82948,7.69879,-9.28345,9.85081,-7.96735,-1.7448,-2.62788,8.49467,-0.173526,-7.17742,-6.34999,-3.72963,-7.11407,4.89148,0.428693,0.803204,-1.98413,-7.09616,-6.90961,-5.76258,6.84228,-3.17422,-0.59466,2.40526,2.7434,-1.27926,4.2411,8.54093,-5.69421,-8.26529
-2.78218,-2.0178,3.65005,-4.56476,-1.52218,0.23283,1.82387,-8.24584,3.09667,9.65804,3.61796,-2.72509,-1.7263,4.18617,6.23871,-2.23759,4.53905,-2.75357,-2.01294,9.66822,-0.784415,-5.97555,-7.71462,-9.70665,9.41956,-7.52526,3.38216,-2.60969,-4.88492,-8.48737,-2.0658,-8.2306,6.141,-8.76121,8.55194,7.78127,-6.52275,-5.33288,3.20773,-6.68346,6.14882,-5.53965,6.40919,-4.76772,-8.93789,8.22994,-6.18061,-4.75845,9.07965,-6.84262,-0.264036,8.91171,1.23638,6.8394,5.00293,-3.30734,-6.82069,1.67642,4.24687,7.02908,-4.31091,-9.03162,9.39459,-1.84838,-5.67281,4.45912,-4.64515,4.86209,-5.1835,-6.3855,-5.78671,-8.88496,-5.60819,-3.47191,4.39195,-4.95187,-7.30167,6.05561,-6.06032,0.237314
5.48959,-7.96069,0.390321,-0.346298,-2.72475,0.150021,-9.3675,6.48314,0.337213,-0.485546,5.74945,2.8166,-1.7445,-5.91211,-0.555528,0.046877,-4.39052,-2.30371,3.2541,9.99196,-6.25285,-9.63968,-9.70665,7.68188,-6.79178,-9.61284,6.50732,1.0814,-6.17694,-5.637,-4.97701,-7.98085,6.03537,1.576,6.47265,1.2657,-2.3284,6.68807,-6.99909,-4.56261,5.07297,-2.48957,9.17969,0.329305,-8.77698,-8.28989,7.04047,-9.53816,2.64745,3.0901,-0.434785,-4.52603,-1.03171,3.74497,5.99043,-1.86462,8.88715,3.78536,-8.29572,-9.71411,-8.0336,-6.81946,3.26728,-8.11172,-1.42796,2.18241,-2.4382,1.42399,8.64139,9.76536,5.93776,9.07574,-1.55502,-2.1599,8.40376,0.879154,6.17745,-2.04499,-0.386407,5.6324
-9.4573,-9.78079,-3.54287,4.24782,2.95442,-9.53544,-1.0962,-9.79987,3.00102,3.68906,1.51023,-9.20782,-2.0399,-6.59554,6.94573,-8.59736,4.51365,2.8197,-1.761,-2.75572,4.7981,7.142,9.41956,-6.79178,-4.63263,-8.73922,5.35111,5.97915,9.31859,1.1655,-2.73066,-1.31842,-2.36098,-0.835131,6.092,-5.98892,-6.83785,-2.57953,-9.40227,6.14224,-2.57425,-7.93824,-6.79592,-4.49474,-9.62211,-0.72556,5.07648,-8.95056,9.57999,0.163459,4.16147,0.486768,8.85347,9.00864,7.78928,-3.75612,-1.38726,-5.31472,-8.65743,6.77901,6.13594,-9.35454,-3.40733,3.52907,1.26426,1.23576,-0.321678,1.58252,-7.80985,-0.252622,-6.28973,9.52871,9.33372,-6.73932,4.88611,-4.40786,-7.8149,6.43655,0.728113,-9.73852
0.12626,5.51579,-1.02708,0.168402,-1.57114,-4.80942,9.99979,9.21764,4.87869,6.21408,4.02893,-0.885499,2.23031,3.16809,-6.67929,-3.71024,-2.40056,-2.20296,-3.72735,-2.83472,1.91137,4.99167,-7.52526,-9.61284,-8.73922,9.30382,8.11741,1.02222,-4.22339,-2.97658,9.77201,-6.78303,5.05265,-5.75933,-1.67823,0.444642,9.41028,-2.47933,-4.57714,-5.13332,9.44157,-1.05817,2.04134,8.66536,-6.5153,-5.46494,8.19155,-5.21079,0.669816,-1.31474,-3.1003,4.92078,3.59227,-7.73073,-1.37081,6.60163,5.8563,-5.87709,5.06407,9.5659,-3.00202,2.90382,9.84254,6.54393,2.02759,-6.22527,7.9894,6.02417,-5.13748,0.795351,-0.580228,-7.56549,-9.19274,6.29297,-8.86208,7.9214,0.388417,4.73964,0.063605,8.63438
-4.35319,-8.85024,3.3599,-5.52201,-8.53548,7.70007,6.67861,0.948302,0.495583,0.204313,5.83858,-6.25246,6.8734,-2.44591,-6.97488,-7.54992,-2.30831,7.80116,-1.62224,0.344969,3.01712,-6.01552,3.38216,6.50732,5.35111,8.11741,2.512,-7.77415,-7.75941,-7.71998,-6.22,0.257734,9.59777,-2.33981,-7.34164,-4.80026,6.39006,-8.63255,-4.60581,-0.828214,-0.477667,9.57575,-8.13333,-2.78388,2.25514,8.1701,7.35187,-1.40529,5.14304,2.67976,-5.0566,2.35426,-7.05278,-4.50256,-7.47492,5.97573,-6.71949,-4.32418,-6.48771,-7.08598,6.3627,2.7843,3.26845,-5.59711,9.64103,3.45685,-2.3527,2.76506,-8.11292,-3.30736,2.90466,-4.40521,2.50359,-3.64269,-6.89283,2.11674,3.24759,4.74878,-4.32647,-1.56217
-0.250623,0.999979,-6.73711,-6.71123,6.21762,2.86336,3.69354,7.52975,-0.875402,3.20521,2.06394,5.28179,9.57881,-1.44487,-0.71555,3.9454,1.23662,2.19413,5.13313,2.83341,-6.13215,-4.24074,-2.60969,1.0814,5.97915,1.02222,-7.77415,-2.89779,8.72937,6.96195,4.71278,-6.46351,-2.56291,-3.51642,-8.92572,-4.51794,1.73169,6.75556,-6.82841,1.71667,-7.51903,-6.38334,-8.11761,0.295761,-7.70632,-9.07734,-3.99523,9.78054,-0.614139,-0.143151,-8.09877,9.56125,2.48328,-3.86572,-8.24915,5.57387,6.81215,-2.16627,4.8866,9.36906,3.6762,-7.448,9.12329,3.05407,4.06451,3.52794,2.99368,-6.32588,7.23568,0.177584,-8.24026,-0.693553,-8.9296,2.22914,5.53748,9.21196,-9.98086,-0.849517,3.62725,2.7963
-1.36522,9.62257,-8.03614,1.04022,-9.67402,7.57897,-2.44673,-0.528271,4.76636,9.54292,5.69596,-3.91003,3.18982,-1.81808,-6.30017,-6.02391,-5.2929,-3.88715,3.3102,-2.20454,-6.17463,-2.46018,-4.88492,-6.17694,9.31859,-4.22339,-7.75941,8.72937,-5.03872,5.86801,-5.74048,8.19897,6.94429,-0.722517,2.79306,-4.33783,9.44607,-7.27527,-2.38068,6.66245,-2.43369,9.54568,1.22311,-7.33225,1.11047,-5.45889,5.49552,4.23321,0.36569,-3.70313,6.62475,-3.44344,2.51335,9.13841,0.623537,6.57857,-7.86106,6.21822,-1.95411,-6.9661,7.36159,-7.9752,0.668795,3.15025,7.18898,9.32361,-2.6221,9.94714,7.45834,6.04719,-1.76616,2.91857,5.77636,-5.27742,-8.70537,1.11263,-1.56508,-6.25158,5.25526,6.62861
0.75255,1.87239,-9.485,-5.80698,-7.01352,-1.31232,-9.81875,-3.31591,2.24268,1.00931,-7.72457,-7.65251,-4.75124,2.22762,4.61755,-8.88575,-0.389815,7.46025,-9.46086,-9.24186,-1.94113,5.51749,-8.48737,-5.637,1.1655,-2.97658,-7.71998,6.96195,5.86801,-3.98234,1.11087,-1.68144,6.98979,-0.948547,3.74501,2.14227,-9.7605,7.309,4.1586,-4.44747,-4.91294,-8.75897,8.36523,-3.32629,-6.04879,-8.1358,-7.53659,4.70811,6.53578,-8.25084,-0.490014,9.0895,-2.48885,-2.49226,8.14203,7.95134,7.60141,-8.17615,2.51643,7.57536,0.445341,-9.06956,6.23717,-8.46163,-3.61012,-6.19931,-1.67628,8.44509,-7.67468,-6.80724,4.45109,-8.94311,4.98085,1.78289,-8.19905,-4.52965,-9.01771,9.81395,-2.03221,-6.27553
-3.25492,-4.07051,1.30416,9.06655,7.42231,-6.9118,9.46593,-1.53929,-9.97539,-0.0248264,7.52846,-5.1321,-5.98066,6.72027,6.31946,-6.32662,-7.00749,8.73534,5.73864,-3.67567,6.42601,3.86222,-2.0658,-4.97701,-2.73066,9.77201,-6.22,4.71278,-5.74048,1.11087,4.34246,-8.91056,9.97736,-7.12531,9.15333,-7.26784,-9.1477,7.47888,6.53756,7.97065,-3.15854,8.57475,-1.07197,-8.145,3.71399,1.49569,0.837006,7.45989,8.91821,1.10457,-1.12028,-4.82876,6.46614,-3.96161,-3.5933,-5.92272,0.416154,-6.76542,-0.597894,3.82843,-5.07991,0.491761,-4.69743,-0.460979,-8.33276,9.62662,5.32958,-3.63263,9.97601,-0.499344,3.20018,-9.46168,-4.54315,9.64429,-8.83507,9.825,-0.338881,-2.89505,3.68038,8.03217
-4.5613,-9.55039,-8.18383,3.3561,1.20794,4.64611,3.54895,-7.40877,3.31537,5.08288,-1.45242,7.20187,5.50584,3.42931,-6.98492,-5.29349,6.6241,3.62025,8.24015,0.746385,-9.66401,7.24547,-8.2306,-7.98085,-1.31842,-6.78303,0.257734,-6.46351,8.19897,-1.68144,-8.91056,2.75028,-0.847052,-0.894754,9.06709,-5.6224,2.70269,-0.382294,2.29738,7.30692,-7.80798,-6.81834,-3.21071,5.76659,-8.02945,7.6571,4.82516,9.93794,5.90352,-9.12634,6.1005,3.05171,6.38756,-8.84686,0.963202,5.89251,-0.0880988,0.493709,-2.73858,8.6356,-8.30704,-1.91335,0.795779,0.202381,-9.05471,4.71768,6.65766,0.465506,-3.09586,6.32164,3.05358,-8.17259,-8.26254,-7.11526,-7.35517,-1.55429,-1.56137,6.55634,-7.89896,5.60497
8.93314,4.73646,3.82486,4.55541,4.60342,-1.71877,-5.83554,7.31665,5.68563,-1.06109,-2.44641,6.19054,-6.9993,5.46321,-2.50577,-8.00063,-7.85997,-5.62492,-5.25788,-1.32886,0.845342,7.89181,6.141,6.03537,-2.36098,5.05265,9.59777,-2.56291,6.94429,6.98979,9.97736,-0.847052,9.44544,-6.96405,-1.68,7.02594,0.192233,6.60073,0.984243,-5.53568,-4.59256,-1.71621,5.46754,-6.94458,-7.69624,3.7772,-6.84044,7.29467,6.77512,5.27772,9.55954,-7.37079,-0.640376,-5.39141,-8.53226,-5.76884,-0.847037,7.51864,4.59669,-0.366841,1.07923,-4.82213,9.90528,3.11826,-1.80085,3.86754,-7.97748,-1.48574,-8.83599,-2.1389,8.29007,2.00267,9.364,-8.36593,4.67491,-9.73861,7.74401,6.54289,-5.67394,-3.11564
-8.67667,9.52644,2.56711,2.6114,-6.97942,-4.07755,-3.51014,8.40636,-1.0711,3.57551,-8.59803,-2.7547,9.04666,4.47585,-5.44774,-4.77875,-6.08391,6.91342,8.16291,3.36977,-7.80026,-8.32154,-8.76121,1.576,-0.835131,-5.75933,-2.33981,-3.51642,-0.722517,-0.948547,-7.12531,-0.894754,-6.96405,2.61008,-3.27462,0.877288,-9.52188,-0.0870765,0.737194,-7.46071,0.201952,-9.18639,5.58557,0.901279,-2.75646,2.56181,-8.89003,8.09294,6.8566,0.470343,6.27634,7.20631,3.73881,-9.57803,2.44478,2.77221,-5.06075,-2.72725,-4.69316,-8.68321,-1.99561,6.80762,0.568932,5.18882,5.41103,-8.00322,4.94571,4.35845,-7.03815,-0.410524,7.12738,0.712268,-8.86344,9.97126,-4.83502,9.38925,4.03695,-1.0406,-4.37325,2.48313
-6.96409,9.30117,7.34448,1.70577,0.527859,-8.07519,0.217081,9.43135,-8.32178,6.12447,8.27956,5.81553,-4.93983,-1.38227,2.40072,6.45277,-2.92988,-1.39234,1.31912,7.00693,-7.08385,-5.72866,8.55194,6.47265,6.092,-1.67823,-7.34164,-8.92572,2.79306,3.74501,9.15333,9.06709,-1.68,-3.27462,7.46458,9.67265,4.0839,7.13694,-7.87792,3.28235,9.00829,7.28595,-3.97993,2.66153,7.12544,6.17596,-6.27213,9.77881,1.46045,-5.09246,2.77633,7.64203,-3.92008,1.82109,5.52484,9.71675,-3.94517,-4.65372,9.73688,1.54792,-8.4685,-3.43202,3.64748,-7.9946,0.277143,5.97158,2.49243,9.93828,2.19034,-3.14929,6.28856,-5.4592,5.16763,4.99527,-2.94472,-5.81164,5.1501,8.8677,-2.71115,-2.76113
-7.73517,4.47775,-8.80888,6.0139,-1.17597,-0.408552,9.71511,2.77259,5.7236,0.210966,8.66455,5.57791,-8.33397,-4.51467,-0.64452,-2.45827,2.20984,2.46311,7.60833,4.46236,9.91987,-4.95658,7.78127,1.2657,-5.98892,0.444642,-4.80026,-4.51794,-4.33783,2.14227,-7.26784,-5.6224,7.02594,0.877288,9.67265,2.24661,0.709837,-9.76518,-1.33532,-5.75705,-3.37106,-0.877166,1.26207,-9.59136,4.17271,-2.54078,-2.82944,-2.0344,-6.67501,-1.76477,7.83231,-7.54013,-8.96524,1.54034,5.48571,4.85727,0.163042,7.46753,-3.84008,-5.72473,2.94144,2.63179,-9.02752,7.87171,1.52987,7.37334,-3.98856,-4.56581,-8.51964,-9.6313,1.84199,8.144,1.20942,-5.20373,-8.96136,4.25033,-7.31553,9.28457,-3.70154,8.65917
1.71098,4.41436,4.96135,-6.07773,-5.59652,-7.70868,-2.67519,0.181444,5.46456,-7.63197,1.06496,7.27387,-1.16642,-9.2881,9.2285,-3.31573,9.32813,0.104804,-7.71894,-8.82159,-3.61096,-0.408734,-6.52275,-2.3284,-6.83785,9.41028,6.39006,1.73169,9.44607,-9.7605,-9.1477,2.70269,0.192233,-9.52188,4.0839,0.709837,1.89467,-4.10455,-1.36842,-8.44969,6.54068,-8.67652,-0.991139,-1.88681,-5.35667,9.38783,8.41595,4.64328,-3.8787,2.62139,5.30541,1.59892,-6.30748,6.58305,-0.745935,-2.23381,3.16535,-4.90449,8.29771,3.48732,4.27209,-4.39759,-6.73,4.09715,-8.79093,-4.29274,5.72774,5.25186,8.77162,-4.52568,3.10631,-0.75858,9.50178,8.59574,-5.34791,-0.879786,8.79846,-3.7509,8.1375,-4.37975
0.0619171,-5.1651,-9.46321,-2.9639,2.73849,2.37007,-0.472067,9.58227,-2.42486,5.06577,-7.05562,-1.47286,3.89358,-9.50883,1.81157,1.93577,-8.17856,-8.78049,9.28739,-6.45378,0.19429,-1.20996,-5.33288,6.68807,-2.57953,-2.47933,-8.63255,6.75556,-7.27527,7.309,7.47888,-0.382294,6.60073,-0.0870765,7.13694,-9.76518,-4.10455,4.70087,1.99887,-5.78741,-8.04582,1.58698,8.63073,-8.3002,-9.60133,-8.66614,-2.42885,4.43389,4.5884,-5.64659,9.37961,6.8207,-1.45165,-5.49131,2.20682,-2.00229,-6.37214,-7.98582,7.16987,0.838161,-1.88844,-6.57082,3.25024,5.31674,1.83477,-4.61472,-2.25987,-9.7303,-6.56127,-6.16832,0.425589,-5.16011,-8.33021,-2.99712,4.95653,8.59689,-8.89913,9.91205,-3.31047,-8.58854
-4.6885,-1.77221,7.26957,3.12736,0.448944,-3.40517,-1.18728,-7.13127,7.06301,1.72773,2.74109,-8.56989,6.17885,9.4595,-1.55138,3.04143,8.13092,-0.234057,-5.8376,7.62371,-1.53287,-8.20874,3.20773,-6.99909,-9.40227,-4.57714,-4.60581,-6.82841,-2.38068,4.1586,6.53756,2.29738,0.984243,0.737194,-7.87792,-1.33532,-1.36842,1.99887,1.37817,6.2858,9.0716,-2.09056,9.23496,5.7388,2.67732,9.23064,9.67244,-3.39977,2.66041,-8.05195,4.84872,-4.378,4.13352,-7.57348,9.46629,-0.413154,-6.93619,-4.88356,-7.25052,8.41413,4.1494,-8.97555,-3.73105,5.76017,-5.35933,3.65308,5.87165,-5.49105,-4.0746,-3.78521,2.67905,-1.65217,1.67506,-8.71504,8.78684,0.176455,-9.44664,4.78219,-1.69669,-8.75226
4.77883,-1.78354,-0.189946,-8.90018,-6.12255,2.40753,3.68464,9.39945,4.64318,-2.65941,-6.35446,-7.35484,1.6467,8.68859,7.10229,-6.32037,2.58662,-2.37632,0.790414,-0.333107,-2.62488,1.57161,-6.68346,-4.56261,6.14224,-5.13332,-0.828214,1.71667,6.66245,-4.44747,7.97065,7.30692,-5.53568,-7.46071,3.28235,-5.75705,-8.44969,-5.78741,6.2858,-3.94314,-9.80655,-6.92609,-8.97128,3.27942,-2.43764,8.47629,-4.87117,-8.74328,6.14983,-9.3913,-8.7662,6.80123,-2.27963,0.856668,2.65498,-4.6118,7.20522,-2.54162,-1.66198,1.80707,8.6634,9.70937,2.84954,-9.64232,-3.95145,0.817489,-0.836128,8.573,8.73748,-7.18266,0.917745,5.45328,-5.02886,5.21527,-6.76279,-1.56615,-0.883215,-1.85576,9.05632,-7.12157
5.57575,-3.458,8.63994,-9.03864,1.81991,-9.94196,-4.56336,5.85586,4.1369,-1.6755,-5.47958,-9.38754,-2.27592,-9.46535,-3.22188,0.70287,6.54425,3.18287,-5.90179,-4.83885,1.7169,-4.82501,6.14882,5.07297,-2.57425,9.44157,-0.477667,-7.51903,-2.43369,-4.91294,-3.15854,-7.80798,-4.59256,0.201952,9.00829,-3.37106,6.54068,-8.04582,9.0716,-9.80655,-0.804586,-9.39647,4.82314,-8.05908,1.41484,4.82177,0.727767,9.05239,-9.26414,-1.53141,-1.24372,7.89092,0.193351,6.71498,-6.21091,9.79062,-6.61734,6.19253,-9.29825,0.789267,-0.388204,6.81671,-6.30906,5.1954,-1.03518,7.49475,5.82002,4.74348,1.91215,-2.60237,3.26245,0.319617,1.49861,4.52727,7.18161,8.25976,2.75616,2.7647,3.59273,-8.33663
8.31113,-2.18181,-9.57496,6.722,-9.19365,6.05455,1.95419,-4.40104,6.83482,-9.81621,-4.17236,-3.18436,9.53428,7.69107,-9.02968,-6.21269,2.91345,-7.41867,-1.70435,6.07239,6.78071,8.7582,-5.53965,-2.48957,-7.93824,-1.05817,9.57575,-6.38334,9.54568,-8.75897,8.57475,-6.81834,-1.71621,-9.18639,7.28595,-0.877166,-8.67652,1.58698,-2.09056,-6.92609,-9.39647,-5.05283,-0.0559408,-8.48275,2.95585,8.00604,0.198423,-3.19254,-9.75557,2.73086,-2.98499,-7.49818,6.03161,1.77702,8.41246,-8.86704,-1.81548,9.09114,-1.66541,-5.51935,-2.54307,8.9654,3.13791,6.77755,-0.420446,4.25196,-7.18311,-8.85609,-0.484259,-2.74781,-6.76847,9.11669,4.45619,1.04741,2.8356,4.25766,-6.72864,-5.84542,0.0817639,-8.3105
8.8624,0.114266,5.39082,3.4721,-1.77487,-3.90443,-3.73032,9.04105,-5.51393,-3.40899,7.46309,-6.55472,4.78081,4.55432,3.10838,3.76168,6.11901,-8.52766,2.28885,5.58712,-4.13526,3.76058,6.40919,9.17969,-6.79592,2.04134,-8.13333,-8.11761,1.22311,8.36523,-1.07197,-3.21071,5.46754,5.58557,-3.97993,1.26207,-0.991139,8.63073,9.23496,-8.97128,4.82314,-0.0559408,-4.26828,1.05183,-1.54753,-6.55558,-5.69157,4.86162,-5.32691,2.99715,-9.57024,-3.91121,-6.46397,9.07507,-8.52188,-9.61443,-9.66617,-3.14696,-1.91404,1.76983,7.34742,-7.52239,9.19435,-8.01092,-9.96282,8.66563,-5.28526,9.28891,4.12088,9.97953,5.56242,-7.19479,-2.40641,4.50223,0.368645,6.16904,-1.72272,8.27772,-5.38448,-5.40923
0.606814,4.22812,-0.332322,-4.04046,-0.259598,1.42526,-5.40089,-4.12467,-4.48363,3.17673,0.0958755,3.15635,-0.189431,-7.46425,-9.06437,5.33176,6.74371,3.45589,2.14639,-6.22035,8.7451,-4.92768,-4.76772,0.329305,-4.49474,8.66536,-2.78388,0.295761,-7.33225,-3.32629,-8.145,5.76659,-6.94458,0.901279,2.66153,-9.59136,-1.88681,-8.3002,5.7388,3.27942,-8.05908,-8.48275,1.05183,7.60944,4.27738,4.70606,1.87422,3.52191,2.56282,-3.47214,3.39879,-8.94289,-2.68204,-4.65745,3.06294,-3.48218,6.7314,8.98411,9.77071,-9.2384,4.28622,-4.31408,-5.3875,6.2681,-2.53726,5.57076,9.29491,-1.74708,-9.67089,-0.000494024,7.65473,4.35525,-9.01692,7.09884,3.12374,-8.61935,0.786264,1.69198,-1.76498,0.422579
3.61154,6.45973,9.97435,-7.7502,1.02108,-5.6568,-8.28054,-5.60377,-0.67304,0.423644,8.11263,-4.32142,4.64332,-7.71911,4.89907,-1.72105,3.75874,-4.99167,2.13665,7.91815,7.73582,-9.51022,-8.93789,-8.77698,-9.62211,-6.5153,2.25514,-7.70632,1.11047,-6.04879,3.71399,-8.02945,-7.69624,-2.75646,7.12544,4.17271,-5.35667,-9.60133,2.67732,-2.43764,1.41484,2.95585,-1.54753,4.27738,8.25404,-7.08674,-7.98118,2.93366,3.96239,7.08162,0.907812,-9.76448,-2.28885,6.66836,0.426388,-8.37315,-0.663367,-2.85739,4.98579,3.89123,-4.34968,4.94698,5.89486,-5.19438,7.52116,6.41392,0.0922948,4.29238,-4.12064,-2.52076,-3.00856,4.20135,4.814,9.25823,7.35675,9.13569,8.47311,4.40578,-0.432657,1.21151
-3.31292,6.39597,-7.39682,2.30248,2.49568,2.47761,4.20995,-0.890126,-4.03337,7.88103,7.47446,6.13656,-4.50089,-8.22952,-0.726039,3.7715,5.85102,-2.01489,-0.292665,0.228662,5.44797,7.0114,8.22994,-8.28989,-0.72556,-5.46494,8.1701,-9.07734,-5.45889,-8.1358,1.49569,7.6571,3.7772,2.56181,6.17596,-2.54078,9.38783,-8.66614,9.23064,8.47629,4.82177,8.00604,-6.55558,4.70606,-7.08674,-4.3573,-0.157334,-8.20093,4.96255,9.37409,-6.57884,7.11251,-6.76788,-8.74391,-3.09187,-8.81024,0.322355,-2.23921,-0.620479,-6.84855,-1.74829,4.2635,3.16292,-5.53946,7.79091,-7.06384,6.75044,-7.95025,-8.70283,7.98667,-5.72873,-4.02024,0.937717,8.28127,2.01059,2.47243,-3.75209,4.9747,-7.01005,4.76827
-8.24096,1.3667,-9.37679,-3.09979,2.77965,-9.28425,4.98129,1.14963,-5.45521,7.87568,-8.36501,5.8251,-2.94779,-2.45206,-8.19966,3.2414,-5.04972,6.84252,-0.420973,-5.65254,-8.49596,-7.81531,-6.18061,7.04047,5.07648,8.19155,7.35187,-3.99523,5.49552,-7.53659,0.837006,4.82516,-6.84044,-8.89003,-6.27213,-2.82944,8.41595,-2.42885,9.67244,-4.87117,0.727767,0.198423,-5.69157,1.87422,-7.98118,-0.157334,8.14075,3.34006,1.48073,7.97231,6.85858,5.35486,-1.6851,-5.49563,-9.33318,9.01738,6.21544,-9.25346,-7.45161,0.960639,6.2866,0.989258,-5.1309,3.71781,-2.19656,6.97435,-4.53842,-3.30339,7.06508,5.39799,-6.8698,-9.33937,1.57116,4.13505,2.75769,-0.0808647,-8.82026,-1.52437,8.38433,2.30585
5.46373,-0.530576,-4.40497,1.34229,4.68168,9.42701,-3.03235,-7.23144,1.36258,-3.55729,-0.897199,-0.946249,-9.18103,7.28195,-4.83262,-0.0567023,-7.1071,-5.5688,0.0638806,-7.91455,0.268265,1.52613,-4.75845,-9.53816,-8.95056,-5.21079,-1.40529,9.78054,4.23321,4.70811,7.45989,9.93794,7.29467,8.09294,9.77881,-2.0344,4.64328,4.43389,-3.39977,-8.74328,9.05239,-3.19254,4.86162,3.52191,2.93366,-8.20093,3.34006,-9.51749,-7.21865,0.392639,-9.09881,-6.16308,1.41054,-8.13366,3.78074,-3.38981,9.77146,-2.97665,7.36796,1.22316,-0.176674,2.33171,-9.2725,-4.96108,-1.40103,0.835905,-9.11773,-7.15867,9.85089,9.95935,-8.58863,9.56167,-9.72945,-4.11816,-0.0184777,1.95511,-2.56198,5.33668,-8.86429,-2.25689
4.52587,8.28966,7.31029,-4.92124,0.336153,1.36559,-3.28362,-4.46781,-8.89226,-2.11994,6.38262,-0.145088,-1.86108,3.28074,-1.07154,0.264144,8.26058,1.51177,6.14813,9.78815,3.08619,2.24171,9.07965,2.64745,9.57999,0.669816,5.14304,-0.614139,0.36569,6.53578,8.91821,5.90352,6.77512,6.8566,1.46045,-6.67501,-3.8787,4.5884,2.66041,6.14983,-9.26414,-9.75557,-5.32691,2.56282,3.96239,4.96255,1.48073,-7.21865,0.465444,-7.95344,0.256556,-5.24712,6.20905,-3.1523,-2.07663,-2.44998,-8.62377,-5.06464,-3.96187,4.54616,5.57387,-8.39256,-5.81989,-7.55427,7.21431,-3.54619,-1.30963,-0.175525,2.48918,4.06631,2.36206,3.95632,-6.99525,9.88178,4.79394,5.31133,8.99505,-5.83972,1.14948,-8.92658
-6.36452,7.13964,8.09869,-6.20684,4.46428,0.841976,2.10476,5.75492,2.36987,-2.19847,7.18006,9.88705,-2.73258,-5.30433,1.02419,-6.12163,-3.67388,2.89407,-6.4471,6.86824,0.304529,7.9647,-6.84262,3.0901,0.163459,-1.31474,2.67976,-0.143151,-3.70313,-8.25084,1.10457,-9.12634,5.27772,0.470343,-5.09246,-1.76477,2.62139,-5.64659,-8.05195,-9.3913,-1.53141,2.73086,2.99715,-3.47214,7.08162,9.37409,7.97231,0.392639,-7.95344,3.29419,0.306494,-2.82867,-7.7808,1.59782,6.83669,-7.74725,-1.4852,-2.79221,-7.47592,5.80801,-2.08544,-9.24386,-5.51133,1.44885,-5.65138,-1.21972,8.79061,0.346901,-6.47354,-3.85979,-0.179337,5.42227,-2.87069,-6.26893,-5.71417,-3.03637,-1.1188,-7.92582,3.64331,6.66429
7.31449,-6.25716,-4.63977,-2.63965,-9.95624,-3.06831,-6.7037,5.39256,-7.64234,3.55533,2.88398,-5.27451,1.80527,6.15891,-1.4165,8.10832,-2.54821,-5.33062,-1.97339,-6.61997,-1.29151,6.82948,-0.264036,-0.434785,4.16147,-3.1003,-5.0566,-8.09877,6.62475,-0.490014,-1.12028,6.1005,9.55954,6.27634,2.77633,7.83231,5.30541,9.37961,4.84872,-8.7662,-1.24372,-2.98499,-9.57024,3.39879,0.907812,-6.57884,6.85858,-9.09881,0.256556,0.306494,3.51547,-0.0699933,-0.00787566,-0.906878,3.70206,-9.40005,-4.80916,-8.88477,-7.52979,4.9073,-1.86465,0.32667,2.03855,-1.55434,6.98414,-9.09345,-0.128358,6.19513,7.38074,-5.28013,0.0393074,2.94989,-9.97456,-6.66582,-4.92003,8.1525,9.43385,-5.84922,-7.64429,9.95791
-5.54784,1.44525,-3.33769,-8.68285,-6.05015,-1.89677,-0.622257,-3.41114,5.66218,7.19879,0.37004,9.96178,6.0617,5.76161,6.96956,7.44371,5.76864,-9.52122,0.291369,-1.66894,0.653019,7.69879,8.91171,-4.52603,0.486768,4.92078,2.35426,9.56125,-3.44344,9.0895,-4.82876,3.05171,-7.37079,7.20631,7.64203,-7.54013,1.59892,6.8207,-4.378,6.80123,7.89092,-7.49818,-3.91121,-8.94289,-9.76448,7.11251,5.35486,-6.16308,-5.24712,-2.82867,-0.0699933,-7.7636,9.79056,7.09732,9.71489,4.18791,-5.45082,3.50937,-2.3753,-4.41196,7.22765,2.94513,6.24629,-2.01043,5.59611,5.53378,7.90753,-1.15385,-7.22961,9.20804,-8.96239,-8.1819,-1.32061,0.73773,2.31098,-9.98807,-3.89659,-0.120323,6.6086,-5.95225
-4.59367,-0.305689,6.20415,-1.62486,0.739267,2.4729,7.5389,7.11464,6.01807,0.289125,9.40316,-6.21671,-8.57305,-3.38752,-0.755136,4.18422,-7.32014,-2.27706,2.2079,0.935087,-3.16192,-9.28345,1.23638,-1.03171,8.85347,3.59227,-7.05278,2.48328,2.51335,-2.48885,6.46614,6.38756,-0.640376,3.73881,-3.92008,-8.96524,-6.30748,-1.45165,4.13352,-2.27963,0.193351,6.03161,-6.46397,-2.68204,-2.28885,-6.76788,-1.6851,1.41054,6.20905,-7.7808,-0.00787566,9.79056,7.40826,4.43095,7.26869,-0.24405,-1.00229,8.47547,-4.39007,-4.16193,5.09098,-5.26504,7.54332,-6.12753,8.63341,2.22476,2.1779,-5.26275,-4.63373,7.73793,9.03901,0.156902,-0.78588,5.10858,-3.31885,-4.6795,6.28194,-7.70858,-6.49996,4.01139
2.16244,-5.61587,-6.7396,3.83909,5.52476,8.64002,-9.38162,-6.67696,3.30227,-6.77864,-0.294035,-8.36385,3.12892,9.41814,4.62441,4.48248,-1.16241,-1.68533,-4.2085,-2.04416,2.45754,9.85081,6.8394,3.74497,9.00864,-7.73073,-4.50256,-3.86572,9.13841,-2.49226,-3.96161,-8.84686,-5.39141,-9.57803,1.82109,1.54034,6.58305,-5.49131,-7.57348,0.856668,6.71498,1.77702,9.07507,-4.65745,6.66836,-8.74391,-5.49563,-8.13366,-3.1523,1.59782,-0.906878,7.09732,4.43095,1.99864,7.96508,8.23003,-7.34536,-9.48404,5.21299,8.06543,3.5506,7.54424,-2.68266,1.03549,0.628484,7.92672,-1.49331,8.10987,3.71018,6.88747,9.71355,0.809157,-3.97358,-5.87816,-4.36958,5.79666,4.37623,7.17491,8.08142,-4.34043
5.71317,3.21297,-9.05494,-9.09427,8.07205,-1.78042,5.10266,2.55429,-2.39636,8.66112,0.197298,4.78165,5.68826,0.89025,8.70737,-1.75262,9.48432,-4.1828,-1.88799,6.32349,5.10183,-7.96735,5.00293,5.99043,7.78928,-1.37081,-7.47492,-8.24915,0.623537,8.14203,-3.5933,0.963202,-8.53226,2.44478,5.52484,5.48571,-0.745935,2.20682,9.46629,2.65498,-6.21091,8.41246,-8.52188,3.06294,0.426388,-3.09187,-9.33318,3.78074,-2.07663,6.83669,3.70206,9.71489,7.26869,7.96508,6.25501,5.69121,3.37834,-8.80395,-5.91454,-7.58366,0.333132,3.15803,5.50663,-4.79838,-2.67296,8.37342,6.98007,-6.1229,-7.8735,3.69797,-0.878508,-3.89845,-7.75434,-1.90731,-4.15405,8.37632,9.5059,-1.50185,9.03047,-2.48206
8.12423,-9.52858,6.84545,3.65242,-0.0328441,-4.30405,2.86184,4.95412,4.78892,4.97319,-5.09171,9.49933,-9.78447,-2.44584,4.47548,-1.57761,3.7738,-2.68616,3.4536,-2.0298,-0.63888,-1.7448,-3.30734,-1.86462,-3.75612,6.60163,5.97573,5.57387,6.57857,7.95134,-5.92272,5.89251,-5.76884,2.77221,9.71675,4.85727,-2.23381,-2.00229,-0.413154,-4.6118,9.79062,-8.86704,-9.61443,-3.48218,-8.37315,-8.81024,9.01738,-3.38981,-2.44998,-7.74725,-9.40005,4.18791,-0.24405,8.23003,5.69121,0.585615,-3.85306,-6.47749,-9.43768,-4.10745,5.50213,-3.77683,-5.28538,9.36746,8.7302,3.4794,-1.04053,8.8441,-0.0965243,1.92121,-1.98988,6.60862,1.38112,5.34426,-9.28273,-9.68968,-2.21752,-4.91274,-7.26616,5.60223
-9.60816,-0.970432,2.96329,-6.20375,1.72002,-9.3854,4.71137,-7.9579,-2.92739,4.28762,0.856809,-4.05953,-3.19312,-8.76876,-4.53772,9.86284,-3.14899,7.241,-6.12051,-7.96447,1.0457,-2.62788,-6.82069,8.88715,-1.38726,5.8563,-6.71949,6.81215,-7.86106,7.60141,0.416154,-0.0880988,-0.847037,-5.06075,-3.94517,0.163042,3.16535,-6.37214,-6.93619,7.20522,-6.61734,-1.81548,-9.66617,6.7314,-0.663367,0.322355,6.21544,9.77146,-8.62377,-1.4852,-4.80916,-5.45082,-1.00229,-7.34536,3.37834,-3.85306,-8.50089,-6.68742,1.43197,7.83279,-1.07419,-4.81154,-2.14277,-4.36227,4.52844,-9.08292,9.14494,-5.54892,7.78865,-8.71857,-9.26054,-7.45126,0.103445,2.04281,9.5426,-7.19629,3.18137,1.94168,-4.85732,-1.84721
-9.67845,-2.38652,-2.53834,-4.42594,6.79478,-6.07436,-1.26433,3.75099,-6.21514,-4.75665,-1.07627,-3.08567,-3.23253,-7.95744,6.98471,7.62569,5.24161,-9.42777,9.50391,-4.45064,0.492495,8.49467,1.67642,3.78536,-5.31472,-5.87709,-4.32418,-2.16627,6.21822,-8.17615,-6.76542,0.493709,7.51864,-2.72725,-4.65372,7.46753,-4.90449,-7.98582,-4.88356,-2.54162,6.19253,9.09114,-3.14696,8.98411,-2.85739,-2.23921,-9.25346,-2.97665,-5.06464,-2.79221,-8.88477,3.50937,8.47547,-9.48404,-8.80395,-6.47749,-6.68742,-3.73101,-3.59336,3.35515,5.56484,-6.42567,2.08662,-6.8713,-5.59125,7.49116,-2.27843,-3.95819,3.22469,9.56204,0.970684,-3.12117,2.21692,9.82683,0.553866,9.6993,9.56375,3.50297,-7.02657,-5.06684
