8.86165,1.18115,-1.58103,8.54501,-7.11866,-8.9465,-9.74306,-0.632947,4.61095,-1.06935,-7.38923,8.82392,-7.2017,-7.70917,-1.12342,-6.18001,-5.92354,5.92676,-5.74898,-7.0545,8.26816,-9.60458,-2.70262,2.53869,0.966611,0.598482,1.99905,-2.0199,-9.72539,-8.07774,4.33489,-6.48589,1.99812,4.85788,-6.76679,-5.77283,3.7122,-9.36472,5.30477,-3.35759,2.52196,-7.60446,-7.53788,1.68504,-5.60158,-3.51467,-5.87943,-1.1129,7.22203,6.15993,-2.77305,-6.13661,-0.882954,-4.32748,5.04026,-9.76146,7.18327,-2.74881,6.0909,-9.53666,-2.38512,3.58422,-3.38095,6.94881,-2.66247,3.30921,0.107931,-8.88281,4.48691,2.90089,5.18413,-4.58904,-9.2236,-7.10778,1.63594,1.50591,-5.86267,-2.70701,5.00145,-4.24883,-7.9297
1.18115,-9.30692,4.37669,3.86563,-1.10649,0.789575,-2.40623,-7.0752,-9.72011,-1.95105,-1.8312,-8.28553,4.1663,4.07072,1.06456,1.3174,5.76484,-5.11573,-5.64578,-0.584691,-0.698537,6.7219,5.44739,-3.29317,7.62664,-5.17268,6.97256,-7.22367,8.44409,9.3791,7.60355,-0.0416923,2.68652,2.64207,5.92972,-3.60808,-7.51637,6.2323,5.35059,1.02559,9.65162,2.26058,-0.338157,5.96794,6.98418,-3.27142,-0.685747,4.69883,-0.30794,8.20265,8.17185,4.28931,-7.50375,-9.92138,4.26847,5.83192,-9.77932,2.6952,8.28529,9.8333,6.47871,0.927013,-7.87271,5.48234,-9.93877,7.28803,-0.986607,7.74647,-0.351186,-2.96687,6.49934,5.98681,-1.54967,0.417649,-1.67101,-8.15118,-7.77245,7.35386,4.45103,1.18164,1.98937
-1.58103,4.37669,-2.64525,3.70755,7.04054,-7.56384,1.22003,-0.198273,6.44241,-3.37567,1.98348,1.87331,-9.99189,4.53007,-3.85984,8.99535,-7.82812,-3.33786,3.8528,3.452,6.20743,-1.24475,-9.86432,-6.73883,7.07705,5.68672,-6.18106,6.69929,-7.7483,-8.45454,8.01144,-0.816794,-9.20679,-1.24296,3.66399,0.420428,-7.51763,7.67789,-8.18653,9.5662,8.78722,-2.23292,2.6117,3.38695,-2.1046,0.554356,-0.760399,-0.490915,3.38456,-5.33006,5.35543,3.73813,7.67743,-9.59286,2.20055,-2.65872,-3.13071,5.82508,-0.247197,-5.04029,-4.98959,2.36102,-7.37453,-2.15147,-1.18207,-9.10352,-0.770785,3.41788,4.94665,-3.92562,-3.47072,7.18506,-7.46824,8.53855,-0.282014,3.9255,8.22324,-7.15142,3.00546,-1.40132,2.63368
8.54501,3.86563,3.70755,-3.76408,6.73652,-0.760312,0.358205,-1.52139,-6.06894,-4.57359,-4.18085,2.24194,-1.84739,5.97068,4.08967,5.13484,0.124991,-6.76181,-6.93761,1.57081,-2.8872,6.86711,-8.33501,-8.44734,3.79367,6.2587,-0.885003,6.04442,-0.557426,-9.22812,-6.19198,-9.77553,1.47249,-5.62753,3.49717,5.23274,2.24498,-6.23928,8.19708,7.24217,0.838282,5.58624,0.730371,1.77648,8.52773,6.65191,5.361,-6.17024,-1.30484,-1.71589,-3.25607,1.82889,-1.35114,3.02538,5.57958,8.20349,-6.73637,-3.28096,-1.76563,1.10386,4.70588,9.73631,2.68753,-1.2507,-2.07462,-1.16131,-0.846131,9.10949,-3.59298,7.36057,-8.17847,8.77063,-5.27614,-4.29437,-7.50269,-1.43738,5.67115,7.47887,-4.89002,-5.9022,4.12161
-7.11866,-1.10649,7.04054,6.73652,-2.26081,3.76414,-2.15165,-1.79369,5.91493,6.99803,8.75297,3.53155,3.05702,-2.08208,6.12646,-0.53744,-9.95859,6.88957,-9.17108,-8.16497,-2.61223,-4.26073,-6.08181,-6.50686,-5.21066,7.76712,3.24024,1.03324,-5.64432,-6.68962,-0.607747,-8.94202,-5.57614,9.05955,6.37049,-0.856402,1.43628,8.85842,-8.73566,-9.84793,2.23067,-7.65399,-1.36316,6.83367,3.30042,-2.99196,6.49404,-6.98189,-8.04115,-2.1598,2.99916,-2.1273,-2.18237,-4.75973,3.08123,2.84641,-4.28714,-3.6561,-0.0523699,9.69546,8.3877,-4.336,-3.24968,0.691472,-4.62073,2.05687,9.05919,-2.65675,3.13275,-5.33079,5.02297,7.82464,5.03436,-2.13025,-9.06348,0.117307,-5.5098,1.05205,5.43948,5.12226,0.240007
-8.9465,0.789575,-7.56384,-0.760312,3.76414,6.65691,-3.57821,9.20334,8.29734,4.39381,6.92313,-9.78751,-0.998469,-5.2298,-0.943915,-9.79748,2.04839,1.09941,-9.22646,-0.668422,1.35513,-0.0762642,7.40461,5.79137,7.7718,1.02079,0.903392,6.50533,-4.35319,-2.571,-7.74607,5.22711,-9.11802,-6.56078,-5.71176,8.64147,-2.48508,9.21782,-5.91675,4.88242,6.86678,-7.21469,-3.54288,-9.94948,9.31304,-3.83934,7.33057,3.83909,-0.884718,-5.96705,7.98539,-7.32488,-9.17509,8.08905,0.585574,3.7686,1.52105,-6.70807,-9.99446,-6.43582,6.01533,4.88362,-4.68328,1.00188,-9.65148,-4.48729,0.100059,-2.21135,7.87469,-1.45344,-8.38496,6.05703,-2.22619,-3.10063,5.36325,0.891849,1.49604,-1.65058,7.55163,3.8657,-4.82457
-9.74306,-2.40623,1.22003,0.358205,-2.15165,-3.57821,2.27771,3.78659,-7.34483,9.07934,-4.21911,2.18953,9.82165,-2.896,-0.480064,9.9884,-8.55029,-9.33302,6.41463,2.59282,2.375,-7.73781,5.94905,-2.62012,-2.90962,7.1175,8.84009,8.96998,9.43716,5.15454,-4.08415,-8.32264,3.33709,0.35212,1.22972,-0.328719,8.39783,-2.46261,3.54193,-6.09283,-5.34109,5.51826,7.30817,-7.64093,1.89315,-3.93129,-8.99867,6.31254,-9.14052,9.357,-9.15487,-6.87215,-2.02431,-4.93934,5.32677,6.27082,6.72399,-2.76096,7.32308,-4.52173,-4.99124,2.28578,-1.21048,-2.77148,-1.70878,9.75202,-3.12454,5.76275,8.41676,9.04235,2.49188,2.97428,-0.351727,8.36898,4.25549,9.31054,-2.44338,4.90457,-4.31158,-9.21102,-7.22454
-0.632947,-7.0752,-0.198273,-1.52139,-1.79369,9.20334,3.78659,-0.514078,8.29926,-4.36877,-5.81259,6.01414,2.76872,6.02451,3.07845,-8.62065,-7.30183,-0.173127,6.71068,-5.67481,1.28825,-9.40659,-7.32784,-9.49555,0.199259,-2.87105,2.64262,0.0615577,9.33011,2.51998,4.45262,-5.46748,-5.10506,-8.32977,8.76961,-1.30554,-0.139806,4.97893,-2.87578,0.300958,1.35948,-6.68357,-3.66628,-2.10117,-3.43704,-7.45866,1.38007,0.393288,2.20361,0.783045,7.35956,-6.04588,-3.509,7.26497,7.30963,3.10791,3.80626,-2.77296,9.37627,7.57358,-9.09946,-0.158808,-4.55676,7.34207,-3.19335,0.836773,-7.27717,-4.45557,7.38387,-4.91809,8.1213,-6.45164,-1.04346,3.09612,4.61085,7.72737,2.07636,6.46511,7.07115,-1.42752,0.96158
4.61095,-9.72011,6.44241,-6.06894,5.91493,8.29734,-7.34483,8.29926,-6.62595,2.82896,-6.90397,3.33753,-3.64246,3.2047,1.67858,7.08443,-4.83711,8.92301,-4.56055,-1.55772,0.578925,-0.0379413,-5.25318,6.99829,-5.03585,7.88119,2.86558,-8.74924,-8.02523,9.09554,1.46007,-5.67809,-1.57274,-2.98539,-1.87183,-0.150164,0.168887,-4.29364,2.58081,2.35007,2.81515,3.17983,-3.36746,-3.90099,7.72193,-5.1254,-3.28605,4.74902,9.0941,3.55485,-3.03112,4.23758,-3.01095,-0.33659,-8.63515,-7.67706,6.19232,5.46048,1.24241,-3.12503,-4.02911,9.34088,-2.17294,7.9689,4.28986,4.78382,-0.350572,-0.847159,-4.5173,-9.85688,1.60721,-7.19134,2.82571,7.39106,-7.68197,5.27394,5.94384,9.04736,-1.7766,-5.46584,-4.63663
-1.06935,-1.95105,-3.37567,-4.57359,6.99803,4.39381,9.07934,-4.36877,2.82896,8.06983,1.96247,1.09198,-6.06105,-4.7681,-2.76212,2.35999,3.5366,5.56453,0.640487,2.38498,-8.61971,-6.04268,-7.32549,-8.66582,6.66148,5.68264,-7.93147,0.79437,-6.46578,2.7925,-2.37371,1.48296,4.85195,4.78119,-2.70869,9.5353,8.74894,7.69593,6.21212,2.83347,-4.64681,2.82497,-0.692185,4.49005,6.87327,2.15953,-4.80641,-8.82739,7.91044,-0.405343,3.23043,6.42284,-6.86183,3.8751,-6.75021,0.827244,3.68318,8.53172,-2.79717,8.31679,-3.03346,4.39538,-4.27077,-0.37257,-6.87025,-0.0809254,5.4542,3.50493,-1.71013,-4.65475,1.50316,-7.0165,-2.68468,-2.5261,-3.06262,3.9901,-0.958988,5.44959,-8.64131,8.64273,-1.21071
-7.38923,-1.8312,1.98348,-4.18085,8.75297,6.92313,-4.21911,-5.81259,-6.90397,1.96247,-3.56441,1.60777,-3.88051,5.78161,1.91963,1.21584,-6.65784,-1.28377,-5.98086,-1.10944,-2.8863,6.91477,-6.00882,6.72412,-0.0990743,-1.04328,5.59554,5.59944,3.53592,3.14197,9.28895,0.873198,-2.87719,1.29464,-2.20269,-1.23639,3.97285,4.56264,1.21601,7.54914,-2.6248,8.80152,0.371316,0.398328,-0.295262,5.13661,-5.83623,-3.0123,-5.14585,6.10129,-0.632746,1.13826,8.55298,1.1111,6.31616,-6.28307,5.63004,-4.65975,1.64706,-6.49422,9.66322,-8.66611,-3.13487,3.8736,3.09227,9.05562,9.39604,-5.81679,6.56349,-4.09322,3.25938,-8.98674,-7.32255,-9.51204,4.47355,3.4106,1.58064,-1.87459,-0.00176144,-8.51278,-1.50719
8.82392,-8.28553,1.87331,2.24194,3.53155,-9.78751,2.18953,6.01414,3.33753,1.09198,1.60777,1.64928,-8.82454,2.56115,9.49988,9.68269,-7.18206,6.68398,2.11739,-0.576941,0.251593,6.74974,-0.120471,-7.84576,-2.73395,1.15574,-6.32069,8.0757,-2.75925,-1.58471,-0.237267,-0.287647,7.65417,-7.34984,4.05145,7.04744,-1.13078,6.79606,3.91206,3.14159,-0.0657886,-4.47188,1.6725,9.60214,2.06131,7.95676,-3.83287,-8.42355,4.19494,1.63643,-3.85798,6.30733,-8.28437,-9.16604,7.80677,5.72233,1.32299,-8.40765,-7.54563,-6.45553,6.63019,-2.84364,7.62713,-9.69493,-9.66364,-9.00672,6.84851,5.12853,2.4511,4.33297,8.0426,-3.18348,4.4796,7.22248,-3.64642,-2.19186,9.9964,1.53493,7.41906,-9.91646,-1.67852
-7.2017,4.1663,-9.99189,-1.84739,3.05702,-0.998469,9.82165,2.76872,-3.64246,-6.06105,-3.88051,-8.82454,2.58134,-1.4426,-5.01056,-2.94386,-6.11425,-7.76587,-1.36708,0.00381192,-4.85288,0.732512,-9.2253,-3.93112,-3.52356,-1.95038,-1.05825,3.6036,4.351,4.88508,-0.176752,6.91287,5.68664,-8.23902,-5.93892,1.83095,0.645274,-6.04908,9.67221,1.11519,-5.27128,-6.09693,2.23388,-5.45378,3.47061,0.883236,-0.160382,7.72524,1.64255,-3.47781,-2.32706,-4.0867,-8.98333,2.50579,-5.96775,-4.0863,-1.05893,8.05099,-9.54321,-9.68616,1.95958,-4.01971,-5.25019,-4.86379,1.13488,-1.13325,-4.00792,-9.71735,9.39431,-3.47371,-9.04804,-5.39853,4.2749,6.03515,-8.15416,-5.59557,4.93468,6.36532,-4.92941,-6.68019,6.77547
-7.70917,4.07072,4.53007,5.97068,-2.08208,-5.2298,-2.896,6.02451,3.2047,-4.7681,5.78161,2.56115,-1.4426,-1.76651,-7.15545,-5.13413,-9.39152,3.33338,5.31511,-2.50325,2.08183,9.23706,2.48028,-7.61359,-8.18128,6.75182,1.94747,9.95434,7.36806,-6.6581,-1.46371,-4.87561,-7.11437,-8.65896,4.57453,-1.29637,-8.42019,4.98982,-8.25576,1.48815,7.14101,6.89426,7.02514,9.19412,2.74022,-6.49556,8.87071,3.45468,-2.80718,2.53295,-4.74305,8.21259,8.49973,-2.46364,3.31763,-7.6209,-4.92596,3.56613,3.75658,-9.40597,-3.38619,-6.53493,-4.9285,1.71224,-2.58413,-8.83114,-0.295721,0.218183,2.4441,6.97902,-3.02628,-6.22013,8.07332,6.90319,2.70089,-8.75882,7.90504,-0.368362,2.01393,-1.88387,-9.89028
-1.12342,1.06456,-3.85984,4.08967,6.12646,-0.943915,-0.480064,3.07845,1.67858,-2.76212,1.91963,9.49988,-5.01056,-7.15545,3.12162,-6.32614,-0.291827,6.93979,-2.46127,1.65235,-6.87546,8.05408,2.85937,-7.61359,4.49211,0.595229,-4.61067,9.46664,-9.46166,-4.95573,6.27597,1.85431,7.3581,3.64498,3.47212,8.80179,-6.54326,-3.86442,8.9689,-2.13555,-6.634,2.88866,2.49781,5.80014,-9.24111,2.00226,-1.02458,0.346976,-9.50323,-7.52334,2.24109,-2.87214,-2.2383,-6.41546,-0.382321,-6.43076,7.03574,-8.74449,9.92962,-0.561455,-1.29528,-0.8275,-9.29378,8.94685,4.47811,3.52314,-6.31009,-0.710553,0.0537044,7.1352,0.128928,-6.00192,-7.48124,0.648707,4.04678,-2.65149,-8.1751,0.325836,-0.514208,9.52878,-0.702009
-6.18001,1.3174,8.99535,5.13484,-0.53744,-9.79748,9.9884,-8.62065,7.08443,2.35999,1.21584,9.68269,-2.94386,-5.13413,-6.32614,6.23136,6.98026,-2.35717,4.31729,-9.67859,-5.36741,3.3833,-8.76072,9.90757,4.78072,6.14333,3.02602,3.97331,-6.85374,1.09594,-0.468661,2.72716,-4.24137,-6.93588,-4.27101,-7.47974,7.09101,3.17695,-8.03053,8.20735,-3.47304,9.328,3.42443,2.60755,6.51504,-6.35463,-9.75304,0.873253,7.56369,5.71386,6.3517,3.88683,-7.47306,0.752612,3.62656,-9.85319,-6.81821,8.66223,6.20674,-7.47904,-0.745522,-7.21084,9.58499,9.63376,3.29742,3.78331,0.01425,-5.74744,7.13137,6.68527,-7.91457,-3.16478,-2.98891,-1.34505,2.59553,-2.61974,3.2136,7.45455,3.89362,1.30266,-4.28628
-5.92354,5.76484,-7.82812,0.124991,-9.95859,2.04839,-8.55029,-7.30183,-4.83711,3.5366,-6.65784,-7.18206,-6.11425,-9.39152,-0.291827,6.98026,-5.45424,-1.36279,1.79563,-3.11578,2.37876,2.44265,-5.53562,0.0853216,3.65178,2.00619,0.783022,2.68943,-5.96391,-8.82024,-6.98619,3.15121,-3.13259,4.89056,-4.96529,-2.42142,-4.71241,-2.44705,-7.95932,7.47187,4.16239,-1.37561,-1.07771,0.544708,7.6558,2.83792,1.3743,3.0659,-1.67051,6.96774,-2.30564,-7.18377,-7.52687,-1.99481,3.47562,-7.34644,7.03504,-1.29233,-0.800576,-9.16807,0.680582,-4.54364,-5.24721,-7.07671,-2.07481,-2.07039,-6.71157,2.67093,1.36339,9.86392,-6.78742,-9.74638,8.5488,-0.34628,-9.52441,-4.46457,2.00507,-2.95755,1.83954,9.16205,3.26824
5.92676,-5.11573,-3.33786,-6.76181,6.88957,1.09941,-9.33302,-0.173127,8.92301,5.56453,-1.28377,6.68398,-7.76587,3.33338,6.93979,-2.35717,-1.36279,-5.70813,6.43133,0.572395,-4.68011,-9.78438,3.64948,2.42609,3.74676,-2.28287,-2.09531,1.88022,5.28873,9.59312,-0.0562207,-9.42104,6.4806,7.36009,4.93683,4.4695,8.81493,2.97342,-9.50756,-9.22841,-3.43559,-3.15297,-8.28699,-6.72102,6.9117,-9.41687,3.06811,-5.80384,-2.18899,-8.65262,9.0332,-1.23224,9.92795,-6.01713,-3.85392,3.68749,3.73066,-9.23794,-2.08818,-3.41324,-8.79785,2.14938,6.08144,2.91947,-2.76628,-5.22325,4.32993,1.37805,9.0062,4.73753,1.94997,-5.59777,-5.16452,4.59875,0.239372,-1.16422,2.89054,1.32186,4.12829,-8.52802,-6.74409
-5.74898,-5.64578,3.8528,-6.93761,-9.17108,-9.22646,6.41463,6.71068,-4.56055,0.640487,-5.98086,2.11739,-1.36708,5.31511,-2.46127,4.31729,1.79563,6.43133,-5.08222,-1.62369,-2.22777,1.53294,-3.73186,-9.61552,0.0579515,7.25287,-3.93644,4.81604,-1.78022,0.633332,-9.60721,-1.79597,0.103785,-3.64958,-6.37741,-4.85014,5.26061,4.23937,1.8661,7.98163,-5.88636,-3.69676,-0.168931,5.4149,-6.77358,-2.52826,8.83145,1.53827,-0.307634,8.50887,-8.74636,5.40189,-3.35542,-4.08973,-8.75955,-4.09537,9.84324,-8.01567,6.11193,-9.96216,2.71399,6.94149,6.86717,-7.78674,3.16642,4.74614,-2.42127,9.3654,-3.38753,4.19879,7.98455,-1.35408,0.0315636,5.85413,-6.57256,-9.30056,4.6899,8.39282,-0.537249,-4.30526,-6.30377
-7.0545,-0.584691,3.452,1.57081,-8.16497,-0.668422,2.59282,-5.67481,-1.55772,2.38498,-1.10944,-0.576941,0.00381192,-2.50325,1.65235,-9.67859,-3.11578,0.572395,-1.62369,7.53811,-3.45744,9.92118,9.76145,-1.37372,9.21329,6.48439,1.15203,-2.42632,2.3803,-0.0643761,-5.11454,-3.52263,-8.19057,2.40978,-1.91285,-6.04373,7.59626,1.37542,-7.25633,9.34637,5.43286,7.34455,-8.04452,-2.85515,9.94152,-6.44195,-7.48554,3.81278,7.58649,-5.37067,-2.00664,1.46759,-6.53394,-6.89311,1.56719,8.62451,-9.81596,1.53126,6.71815,-8.37869,-0.56331,8.98058,-0.644449,-6.52473,1.02245,-4.43671,-3.71565,6.76186,-0.662335,-9.95606,-8.89163,-5.22768,5.62355,6.75632,1.20686,-0.545486,0.642048,7.50271,-5.82816,-8.02121,0.743105
8.26816,-0.698537,6.20743,-2.8872,-2.61223,1.35513,2.375,1.28825,0.578925,-8.61971,-2.8863,0.251593,-4.85288,2.08183,-6.87546,-5.36741,2.37876,-4.68011,-2.22777,-3.45744,4.43929,-7.77333,8.02299,8.85208,5.2246,-4.68371,-7.36607,-6.09979,-1.9169,-1.14355,-2.77334,-9.18943,-9.61698,0.316234,3.6935,7.58323,-4.78665,-2.51265,-1.16786,-9.47047,4.92658,-5.08662,2.72709,-5.53673,-4.64846,-4.28753,2.25231,0.679322,7.95272,7.35626,8.54191,-2.95922,1.75944,-3.71762,-0.759317,5.47152,5.29311,0.920638,9.91148,-7.74975,-2.82508,3.20673,7.68003,9.21004,-6.59563,0.77412,1.83,3.8741,-2.07039,-7.01897,3.52507,-8.73648,-2.41635,2.58354,0.0247879,-2.29104,-4.73141,-5.99178,9.31521,4.38476,3.78532
-9.60458,6.7219,-1.24475,6.86711,-4.26073,-0.0762642,-7.73781,-9.40659,-0.0379413,-6.04268,6.91477,6.74974,0.732512,9.23706,8.05408,3.3833,2.44265,-9.78438,1.53294,9.92118,-7.77333,-8.69247,-2.89081,2.71995,0.973123,-6.23853,-7.77827,8.80997,5.32099,1.54238,3.11067,-7.96677,-4.11287,9.4237,-7.21815,-6.47435,-9.91981,-4.28064,-9.07161,-4.56046,4.274,-3.43946,1.77316,-5.10019,2.79185,-2.37191,-6.64001,8.46887,-9.10996,-7.45111,-8.02002,-5.76671,-8.32756,-4.31045,-1.66679,9.9355,-8.866,5.6566,9.46351,9.05636,-5.31547,-0.461843,4.01453,9.09102,7.08209,7.35198,6.53832,-1.58467,-6.87263,-5.27698,-6.36201,4.365,-5.43902,-7.52773,7.6039,3.32947,-3.06091,6.72663,-6.34051,-1.15113,6.05709
-2.70262,5.44739,-9.86432,-8.33501,-6.08181,7.40461,5.94905,-7.32784,-5.25318,-7.32549,-6.00882,-0.120471,-9.2253,2.48028,2.85937,-8.76072,-5.53562,3.64948,-3.73186,9.76145,8.02299,-2.89081,-0.842914,7.7677,-5.12966,-2.52609,3.94108,-8.23182,-3.59757,0.994809,-6.0591,-1.97355,-2.17753,-0.133067,4.98924,-0.794251,-9.11398,-9.93986,8.71768,5.95044,-8.45474,7.87803,-1.98777,-3.7085,-3.35549,-8.92608,-1.7822,-0.227601,-5.23532,1.10587,8.71732,-1.61134,6.43896,9.06188,-1.8852,-5.2003,5.93636,-7.28325,-5.40981,1.8337,-9.57517,2.99411,8.66677,-0.458441,4.32894,4.90312,-0.59424,-1.70207,-2.15617,7.22147,-8.52241,4.56179,-8.07639,1.04769,3.05432,9.81235,1.99473,-6.50818,-4.59508,1.49657,-9.94977
2.53869,-3.29317,-6.73883,-8.44734,-6.50686,5.79137,-2.62012,-9.49555,6.99829,-8.66582,6.72412,-7.84576,-3.93112,-7.61359,-7.61359,9.90757,0.0853216,2.42609,-9.61552,-1.37372,8.85208,2.71995,7.7677,-6.66475,-0.283682,-2.34081,-8.78601,5.64031,2.67467,-2.7875,-6.03232,0.123938,8.42129,2.37886,6.83183,3.08122,-7.9893,9.80519,-6.50998,0.259582,-6.69241,4.40678,0.308472,-0.624594,-1.31291,-7.69539,-0.80309,8.66081,-8.13392,-8.46286,1.3773,3.9604,-3.27246,4.92007,0.871685,3.34793,9.02258,-4.57836,-1.27337,-1.67458,4.93776,-2.32908,5.15321,-7.794,-0.57649,0.489166,-7.78341,8.21229,-8.91957,-6.4195,4.78692,4.93526,-9.64461,-1.41988,4.26054,6.04512,0.132034,-4.98099,1.24425,2.02998,7.75497
0.966611,7.62664,7.07705,3.79367,-5.21066,7.7718,-2.90962,0.199259,-5.03585,6.66148,-0.0990743,-2.73395,-3.52356,-8.18128,4.49211,4.78072,3.65178,3.74676,0.0579515,9.21329,5.2246,0.973123,-5.12966,-0.283682,5.45389,4.6147,-9.13967,-4.88743,-1.20671,8.07817,-5.28839,8.34622,2.675,6.68721,-0.356491,-8.49621,2.74927,-1.12368,-8.56011,1.40972,-7.99164,-4.60444,-1.54501,3.92318,4.80648,-4.12478,-8.20317,-3.236,-8.16763,8.07148,-7.67337,-9.77059,8.63502,-6.00269,-5.87547,0.344468,0.946758,-9.50767,-3.80374,-7.30239,-1.8799,2.50124,-1.76432,5.3769,-4.45811,-1.9473,9.62792,-5.18597,-6.40143,8.65927,-6.1033,6.99161,-6.1329,-2.25542,9.4593,-5.29089,4.19876,-0.101481,9.58519,-9.59984,3.72355
0.598482,-5.17268,5.68672,6.2587,7.76712,1.02079,7.1175,-2.87105,7.88119,5.68264,-1.04328,1.15574,-1.95038,6.75182,0.595229,6.14333,2.00619,-2.28287,7.25287,6.48439,-4.68371,-6.23853,-2.52609,-2.34081,4.6147,-1.65038,-0.325881,1.80333,6.69552,3.11887,-3.12471,-8.2612,5.22647,-7.39915,-7.23402,-1.73188,3.12525,-1.44214,-0.58926,-2.02746,-0.981504,-4.49779,-3.00713,9.0586,-4.72593,-3.68834,-0.416542,-5.93639,9.3448,9.90313,3.20918,4.65645,0.155676,-3.38856,-9.83817,-3.41538,-4.9802,7.12146,1.47888,6.30774,5.70065,9.01841,6.03148,-0.362045,0.0622322,-5.44469,-2.14101,-6.04126,4.10795,-9.02613,-4.4311,9.90384,-8.01406,-3.54394,-7.70541,8.14585,-1.49773,-8.81128,9.17255,-6.68658,-3.86245
1.99905,6.97256,-6.18106,-0.885003,3.24024,0.903392,8.84009,2.64262,2.86558,-7.93147,5.59554,-6.32069,-1.05825,1.94747,-4.61067,3.02602,0.783022,-2.09531,-3.93644,1.15203,-7.36607,-7.77827,3.94108,-8.78601,-9.13967,-0.325881,9.52053,7.74803,1.50293,9.73775,-4.44602,4.90415,9.17829,5.37338,-1.32467,-0.962587,2.01865,3.51842,-1.30045,-3.89215,-8.72411,7.82222,-8.82753,-1.11319,4.45631,7.15137,-1.18861,-3.07882,0.653355,3.27012,0.566805,-8.76358,-8.24313,0.720921,-3.17766,-4.75296,-1.7135,-6.91244,2.55846,-3.27957,0.677029,4.04602,-4.13078,-3.84096,-6.6187,1.14735,3.96308,-5.36709,6.56001,1.34331,-8.2491,-7.43081,9.83275,5.49642,-0.164727,-3.29671,-9.20595,-3.81751,1.76633,3.60701,0.216157
-2.0199,-7.22367,6.69929,6.04442,1.03324,6.50533,8.96998,0.0615577,-8.74924,0.79437,5.59944,8.0757,3.6036,9.95434,9.46664,3.97331,2.68943,1.88022,4.81604,-2.42632,-6.09979,8.80997,-8.23182,5.64031,-4.88743,1.80333,7.74803,0.357811,1.37366,-3.2854,4.17248,-0.0228239,1.2655,3.00394,8.41783,-5.51161,1.78869,7.03692,5.24247,1.27417,5.95642,-2.91688,-6.93444,3.61158,1.18832,2.5923,1.40688,6.86556,-8.21668,4.89822,-9.87845,-7.7416,-0.819332,0.996995,-9.07748,6.1625,-5.68402,6.6305,7.88156,-1.5498,-8.09185,9.50654,-0.180739,0.556142,1.07821,5.79936,-5.73514,-1.1312,-3.37152,-0.383709,1.88119,6.57366,8.68355,-0.513724,-2.98702,-6.14022,6.61999,4.21362,1.82859,-8.93966,-5.62393
-9.72539,8.44409,-7.7483,-0.557426,-5.64432,-4.35319,9.43716,9.33011,-8.02523,-6.46578,3.53592,-2.75925,4.351,7.36806,-9.46166,-6.85374,-5.96391,5.28873,-1.78022,2.3803,-1.9169,5.32099,-3.59757,2.67467,-1.20671,6.69552,1.50293,1.37366,3.67944,3.49105,6.12651,7.87846,-3.07147,9.60412,3.55322,9.30149,-4.77243,8.91414,-8.87386,-2.40425,0.408997,-4.71611,-4.94154,-8.41742,-3.80609,-2.85784,6.65795,-3.68987,-8.20721,2.5802,-8.97822,-4.17929,-5.56613,-0.859034,-7.8881,-8.47992,3.95949,-7.89295,-7.22489,7.02441,-4.46747,-6.6331,-9.3484,3.61704,6.51567,4.18531,-8.22358,-7.76841,3.18626,-6.76873,-0.216463,7.14208,-4.37162,-4.85338,4.9243,-5.26331,8.19596,-9.91507,6.71964,4.43481,4.99963
-8.07774,9.3791,-8.45454,-9.22812,-6.68962,-2.571,5.15454,2.51998,9.09554,2.7925,3.14197,-1.58471,4.88508,-6.6581,-4.95573,1.09594,-8.82024,9.59312,0.633332,-0.0643761,-1.14355,1.54238,0.994809,-2.7875,8.07817,3.11887,9.73775,-3.2854,3.49105,-2.59714,-3.81676,-3.5237,-1.78638,-8.27117,0.780938,-6.39419,1.42045,0.804367,7.87299,6.39837,-8.58359,-3.84374,6.93445,5.95174,-4.35071,0.233358,-6.98967,4.94843,-5.35191,5.70341,6.89725,-4.53834,-5.91913,-5.56715,3.36654,-2.43313,-1.9503,-5.17894,-2.49844,5.61086,3.77592,-0.285749,-1.05322,-0.281736,-9.987,-6.66473,7.16161,-8.64053,-9.05557,1.55393,4.95966,9.7741,5.35333,-3.85438,8.89463,-1.79757,-8.67391,-6.65781,9.68219,3.4372,-2.94762
4.33489,7.60355,8.01144,-6.19198,-0.607747,-7.74607,-4.08415,4.45262,1.46007,-2.37371,9.28895,-0.237267,-0.176752,-1.46371,6.27597,-0.468661,-6.98619,-0.0562207,-9.60721,-5.11454,-2.77334,3.11067,-6.0591,-6.03232,-5.28839,-3.12471,-4.44602,4.17248,6.12651,-3.81676,-8.42737,-6.81529,9.60497,-4.04199,-3.82101,-4.65511,6.09696,4.62584,5.99145,2.11632,-4.20994,-3.36692,-8.17225,3.68526,-6.77139,6.3879,-5.37398,6.11425,-1.43328,-0.143996,-0.915902,-0.491996,-0.814119,3.43878,7.89135,-0.55477,0.0214762,-3.85127,-0.687736,-6.80983,-6.71761,-1.7468,-3.88914,-0.226604,4.66362,3.21243,-5.35519,-6.33365,6.3139,2.29266,-5.57485,3.16575,9.67764,-3.92792,8.20883,-8.22765,-2.62833,4.23342,2.7916,-5.3681,-2.38115
-6.48589,-0.0416923,-0.816794,-9.77553,-8.94202,5.22711,-8.32264,-5.46748,-5.67809,1.48296,0.873198,-0.287647,6.91287,-4.87561,1.85431,2.72716,3.15121,-9.42104,-1.79597,-3.52263,-9.18943,-7.96677,-1.97355,0.123938,8.34622,-8.2612,4.90415,-0.0228239,7.87846,-3.5237,-6.81529,-5.27934,-1.15742,8.91571,-4.97633,-5.79936,-9.62344,-1.18811,0.240384,4.54085,3.65016,-8.61085,-3.61835,-7.60447,3.27663,2.08906,5.75924,6.1942,-4.84426,6.52159,-1.79605,9.89784,7.5736,3.27032,-0.764941,-9.82245,4.76048,2.805,-0.785546,4.97661,-9.55236,-3.03479,-4.27426,5.83426,0.954275,-4.27191,-8.97406,-7.39233,-0.252616,8.27184,-3.94552,-9.44982,0.740669,4.05521,-8.90187,5.03761,-4.40139,3.5586,-9.6803,0.604683,3.51449
1.99812,2.68652,-9.20679,1.47249,-5.57614,-9.11802,3.33709,-5.10506,-1.57274,4.85195,-2.87719,7.65417,5.68664,-7.11437,7.3581,-4.24137,-3.13259,6.4806,0.103785,-8.19057,-9.61698,-4.11287,-2.17753,8.42129,2.675,5.22647,9.17829,1.2655,-3.07147,-1.78638,9.60497,-1.15742,1.43604,9.91723,-4.50601,7.39471,-0.0713937,-6.23296,9.84898,-6.23453,7.26853,5.33031,2.7526,-9.49974,-3.98581,-9.48375,0.508897,3.45971,-4.13376,2.0147,-2.44653,6.78761,2.11444,-3.10912,-9.42369,3.4321,-7.35164,-0.194143,-4.86725,3.20424,6.30973,2.6212,2.63822,2.01863,-8.66867,-7.40663,-9.59826,4.30272,-6.50435,-0.198544,5.92872,7.6427,1.70536,4.35852,-0.686415,7.68382,5.03007,-8.60535,9.29478,4.63137,-9.18959
4.85788,2.64207,-1.24296,-5.62753,9.05955,-6.56078,0.35212,-8.32977,-2.98539,4.78119,1.29464,-7.34984,-8.23902,-8.65896,3.64498,-6.93588,4.89056,7.36009,-3.64958,2.40978,0.316234,9.4237,-0.133067,2.37886,6.68721,-7.39915,5.37338,3.00394,9.60412,-8.27117,-4.04199,8.91571,9.91723,5.8276,7.25395,2.83832,5.69974,7.02382,2.35242,-5.28919,-4.29899,9.59055,-3.37769,-1.02058,-3.72217,-0.123023,4.99654,2.68948,3.5619,3.93909,-5.86298,3.99469,-1.62568,0.96253,-9.66979,3.71419,-0.364065,-2.06923,-8.89167,-7.31327,-9.43461,3.46922,-8.45935,3.16587,5.89575,-2.7291,4.33022,-4.99973,-3.47372,-5.43306,8.42686,2.73866,7.29248,8.0472,2.34302,-0.648719,-0.120879,-8.65132,0.390987,-8.6237,-6.14892
-6.76679,5.92972,3.66399,3.49717,6.37049,-5.71176,1.22972,8.76961,-1.87183,-2.70869,-2.20269,4.05145,-5.93892,4.57453,3.47212,-4.27101,-4.96529,4.93683,-6.37741,-1.91285,3.6935,-7.21815,4.98924,6.83183,-0.356491,-7.23402,-1.32467,8.41783,3.55322,0.780938,-3.82101,-4.97633,-4.50601,7.25395,-5.54707,-6.69654,1.88409,-4.37701,-2.37089,1.04784,-1.7758,-7.24525,6.45457,5.48653,8.73225,4.16706,2.24856,-8.72339,0.965991,-2.33079,-1.63842,-9.05941,-5.90414,-2.63065,-3.58776,6.00535,8.98843,-3.5857,-7.39083,3.36851,-6.72299,2.74405,2.73965,-3.80997,7.58052,-7.24314,6.82361,9.57036,-2.86793,-6.35683,-9.02339,-1.13057,5.32461,6.85925,0.899458,0.742583,-8.27864,8.07841,2.65673,-7.19731,7.25086
-5.77283,-3.60808,0.420428,5.23274,-0.856402,8.64147,-0.328719,-1.30554,-0.150164,9.5353,-1.23639,7.04744,1.83095,-1.29637,8.80179,-7.47974,-2.42142,4.4695,-4.85014,-6.04373,7.58323,-6.47435,-0.794251,3.08122,-8.49621,-1.73188,-0.962587,-5.51161,9.30149,-6.39419,-4.65511,-5.79936,7.39471,2.83832,-6.69654,-1.53507,2.83695,-0.466997,-9.78338,6.24391,9.87032,-7.20259,3.76118,-3.79839,-8.58909,8.84859,5.88988,9.7389,-1.03034,2.14334,-3.15335,-6.94498,2.0724,3.97601,9.53398,-9.61919,-4.24419,-2.08184,7.53176,2.73481,-3.98039,-7.53476,9.82287,5.67834,4.82923,3.7205,0.36514,-8.84835,-4.5326,3.0154,-3.12871,-7.32169,-9.24713,-4.42599,-6.58059,-4.83034,4.79717,1.21878,5.23219,-4.80527,-6.30515
3.7122,-7.51637,-7.51763,2.24498,1.43628,-2.48508,8.39783,-0.139806,0.168887,8.74894,3.97285,-1.13078,0.645274,-8.42019,-6.54326,7.09101,-4.71241,8.81493,5.26061,7.59626,-4.78665,-9.91981,-9.11398,-7.9893,2.74927,3.12525,2.01865,1.78869,-4.77243,1.42045,6.09696,-9.62344,-0.0713937,5.69974,1.88409,2.83695,-6.29242,6.27104,-9.19999,9.01178,-7.64813,-5.79452,9.25112,-2.35159,3.37044,-0.987352,-1.81135,1.17203,-3.69135,6.08467,6.63686,1.8437,-0.466868,8.90626,1.43968,1.27738,-0.160115,7.37118,-2.84086,-4.71137,-4.45133,-4.46934,-6.6817,7.10894,-0.432377,5.83542,6.58305,9.32237,-7.76848,3.16392,-6.08892,-1.57386,-9.11321,-8.07078,-0.972762,-7.85811,-5.50249,5.94118,7.99123,3.40883,-5.52621
-9.36472,6.2323,7.67789,-6.23928,8.85842,9.21782,-2.46261,4.97893,-4.29364,7.69593,4.56264,6.79606,-6.04908,4.98982,-3.86442,3.17695,-2.44705,2.97342,4.23937,1.37542,-2.51265,-4.28064,-9.93986,9.80519,-1.12368,-1.44214,3.51842,7.03692,8.91414,0.804367,4.62584,-1.18811,-6.23296,7.02382,-4.37701,-0.466997,6.27104,-5.91863,-2.22575,-7.19616,-2.34525,-6.60945,-0.336347,9.43617,-2.55471,9.14645,-4.87885,2.57397,9.63145,-2.54455,6.59819,7.55444,-9.03231,-5.51355,-4.55832,-9.50067,9.76866,1.38042,3.77534,3.82083,9.41988,7.78355,0.129781,-7.87747,-7.59768,4.61358,8.33231,8.55034,-6.07354,-8.6199,-9.81204,5.83219,0.720853,-4.71306,1.50386,-0.440423,-7.76608,-1.44447,5.784,-9.07013,-0.0799618
5.30477,5.35059,-8.18653,8.19708,-8.73566,-5.91675,3.54193,-2.87578,2.58081,6.21212,1.21601,3.91206,9.67221,-8.25576,8.9689,-8.03053,-7.95932,-9.50756,1.8661,-7.25633,-1.16786,-9.07161,8.71768,-6.50998,-8.56011,-0.58926,-1.30045,5.24247,-8.87386,7.87299,5.99145,0.240384,9.84898,2.35242,-2.37089,-9.78338,-9.19999,-2.22575,9.56711,-1.65006,-3.03007,8.59528,1.31076,3.19661,5.98159,-1.95852,4.50317,7.90379,-1.52781,3.62338,2.81482,7.23059,-8.69922,2.07516,-2.19037,7.6214,6.63618,-9.31644,4.83233,1.15934,8.26539,0.20107,3.76137,6.2245,4.34051,9.82999,7.90363,6.99573,-9.13023,7.86468,2.75073,5.85931,7.24952,3.88599,9.65678,-9.85528,-2.73174,-5.63676,-3.18375,0.85086,0.413649
-3.35759,1.02559,9.5662,7.24217,-9.84793,4.88242,-6.09283,0.300958,2.35007,2.83347,7.54914,3.14159,1.11519,1.48815,-2.13555,8.20735,7.47187,-9.22841,7.98163,9.34637,-9.47047,-4.56046,5.95044,0.259582,1.40972,-2.02746,-3.89215,1.27417,-2.40425,6.39837,2.11632,4.54085,-6.23453,-5.28919,1.04784,6.24391,9.01178,-7.19616,-1.65006,2.23755,8.43848,4.73284,-0.277536,6.51116,-1.69547,8.99221,-6.1445,6.84085,1.32537,-6.21094,1.1933,-9.55129,-3.86251,7.25625,-9.26516,2.35629,3.16539,-1.80037,-0.142609,3.95927,-6.57065,-5.78432,8.355,-7.45274,-2.39323,-4.34222,7.49311,-7.91217,0.32013,9.42768,3.90438,7.00607,5.86662,3.7469,8.74037,0.987119,-8.11391,3.70504,2.38286,-4.65566,-8.20281
2.52196,9.65162,8.78722,0.838282,2.23067,6.86678,-5.34109,1.35948,2.81515,-4.64681,-2.6248,-0.0657886,-5.27128,7.14101,-6.634,-3.47304,4.16239,-3.43559,-5.88636,5.43286,4.92658,4.274,-8.45474,-6.69241,-7.99164,-0.981504,-8.72411,5.95642,0.408997,-8.58359,-4.20994,3.65016,7.26853,-4.29899,-1.7758,9.87032,-7.64813,-2.34525,-3.03007,8.43848,1.71547,-7.97679,6.91731,9.18574,-9.28939,-3.82064,-0.411655,-5.97729,8.49803,-0.794111,-1.99708,-9.57247,-4.38047,-1.67215,-2.47305,-5.94684,-8.81907,-4.14005,-5.38872,7.92556,-3.36519,-4.06336,8.62991,3.80543,9.51038,4.19388,2.27021,-5.59295,6.67456,0.395646,-0.912423,5.35646,4.17788,4.75142,-2.89991,-9.08081,-9.20407,-0.857262,-4.73639,2.73209,0.446698
-7.60446,2.26058,-2.23292,5.58624,-7.65399,-7.21469,5.51826,-6.68357,3.17983,2.82497,8.80152,-4.47188,-6.09693,6.89426,2.88866,9.328,-1.37561,-3.15297,-3.69676,7.34455,-5.08662,-3.43946,7.87803,4.40678,-4.60444,-4.49779,7.82222,-2.91688,-4.71611,-3.84374,-3.36692,-8.61085,5.33031,9.59055,-7.24525,-7.20259,-5.79452,-6.60945,8.59528,4.73284,-7.97679,-5.45255,-1.79672,-1.29991,7.67726,-8.20988,-8.12288,6.97576,-6.86175,9.37886,9.69007,8.73095,0.303293,0.0963688,-6.91695,-5.47893,5.98297,-0.876741,-8.74672,-1.43189,-0.449105,-0.626567,3.67012,9.08331,-7.98041,2.51965,3.68461,3.26546,1.99419,2.34659,-2.39885,-5.7965,6.39402,9.0662,-3.75821,-4.16519,-1.34536,8.1883,-8.428,-2.99097,3.71685
-7.53788,-0.338157,2.6117,0.730371,-1.36316,-3.54288,7.30817,-3.66628,-3.36746,-0.692185,0.371316,1.6725,2.23388,7.02514,2.49781,3.42443,-1.07771,-8.28699,-0.168931,-8.04452,2.72709,1.77316,-1.98777,0.308472,-1.54501,-3.00713,-8.82753,-6.93444,-4.94154,6.93445,-8.17225,-3.61835,2.7526,-3.37769,6.45457,3.76118,9.25112,-0.336347,1.31076,-0.277536,6.91731,-1.79672,-4.90406,7.41768,2.81167,-7.20947,-8.79887,-4.38817,5.58028,4.92332,4.20038,-6.78508,-7.89151,5.41975,2.07188,4.99902,-6.99519,8.63314,-1.11368,-7.43566,-3.2433,-1.87701,4.5679,-1.01709,7.85408,3.38418,8.43665,9.933,3.56247,-8.12384,-9.61702,3.25537,3.11083,0.178681,4.04263,1.26714,-3.51898,0.276283,0.193761,3.25835,6.95751
1.68504,5.96794,3.38695,1.77648,6.83367,-9.94948,-7.64093,-2.10117,-3.90099,4.49005,0.398328,9.60214,-5.45378,9.19412,5.80014,2.60755,0.544708,-6.72102,5.4149,-2.85515,-5.53673,-5.10019,-3.7085,-0.624594,3.92318,9.0586,-1.11319,3.61158,-8.41742,5.95174,3.68526,-7.60447,-9.49974,-1.02058,5.48653,-3.79839,-2.35159,9.43617,3.19661,6.51116,9.18574,-1.29991,7.41768,7.66783,-2.15637,6.44549,5.97812,7.30429,4.04898,-5.77185,9.59967,-0.691688,7.75095,4.69788,4.24592,-0.246573,-9.69972,-3.27154,6.42894,-8.59919,-4.22625,7.24178,9.67427,-9.4625,0.306897,5.30217,8.52821,8.0497,-0.0931389,3.3579,2.12862,6.70473,7.82566,8.50613,3.41083,7.22853,6.42191,8.35127,4.48809,8.72226,3.58525
-5.60158,6.98418,-2.1046,8.52773,3.30042,9.31304,1.89315,-3.43704,7.72193,6.87327,-0.295262,2.06131,3.47061,2.74022,-9.24111,6.51504,7.6558,6.9117,-6.77358,9.94152,-4.64846,2.79185,-3.35549,-1.31291,4.80648,-4.72593,4.45631,1.18832,-3.80609,-4.35071,-6.77139,3.27663,-3.98581,-3.72217,8.73225,-8.58909,3.37044,-2.55471,5.98159,-1.69547,-9.28939,7.67726,2.81167,-2.15637,-9.82572,-4.26427,9.13545,1.28192,6.78825,-8.55315,6.3362,-3.34883,4.59882,-0.863445,2.57914,-6.74833,-9.22984,-7.23217,-4.21207,-9.22245,5.52009,-4.0066,-4.02647,-9.41941,-6.4919,0.560576,-1.84958,0.566876,9.74552,-4.99515,4.07337,-3.43132,-2.11676,-1.33337,2.54716,-4.87888,8.26529,-6.37183,-9.87159,4.01735,7.50051
-3.51467,-3.27142,0.554356,6.65191,-2.99196,-3.83934,-3.93129,-7.45866,-5.1254,2.15953,5.13661,7.95676,0.883236,-6.49556,2.00226,-6.35463,2.83792,-9.41687,-2.52826,-6.44195,-4.28753,-2.37191,-8.92608,-7.69539,-4.12478,-3.68834,7.15137,2.5923,-2.85784,0.233358,6.3879,2.08906,-9.48375,-0.123023,4.16706,8.84859,-0.987352,9.14645,-1.95852,8.99221,-3.82064,-8.20988,-7.20947,6.44549,-4.26427,-4.74217,-4.62117,-5.00824,-8.8599,-5.79939,-5.22742,2.36489,-9.10385,1.95054,-7.54633,-1.40494,-0.0419944,4.53671,9.59303,5.30306,-1.03467,-1.61241,0.298471,5.28317,6.36395,-0.549841,-2.93548,7.86564,7.8574,0.0704612,-4.76943,-0.61063,0.789833,-1.78449,2.9081,0.42158,-9.08347,4.45426,-9.40412,-6.88123,4.58668
-5.87943,-0.685747,-0.760399,5.361,6.49404,7.33057,-8.99867,1.38007,-3.28605,-4.80641,-5.83623,-3.83287,-0.160382,8.87071,-1.02458,-9.75304,1.3743,3.06811,8.83145,-7.48554,2.25231,-6.64001,-1.7822,-0.80309,-8.20317,-0.416542,-1.18861,1.40688,6.65795,-6.98967,-5.37398,5.75924,0.508897,4.99654,2.24856,5.88988,-1.81135,-4.87885,4.50317,-6.1445,-0.411655,-8.12288,-8.79887,5.97812,9.13545,-4.62117,-8.72136,2.07159,-4.4227,-1.56547,-5.41049,1.66223,-8.04683,-0.0475266,3.22923,-5.83955,-0.523181,9.21355,8.01254,-9.24336,-7.39231,-5.10055,0.703448,-1.96024,4.39165,7.97381,-1.6964,-3.11652,7.91748,1.83268,9.72078,9.83834,5.77462,-0.790184,-7.40269,2.85043,-0.419698,-7.887,-7.67227,-1.86399,-1.4984
-1.1129,4.69883,-0.490915,-6.17024,-6.98189,3.83909,6.31254,0.393288,4.74902,-8.82739,-3.0123,-8.42355,7.72524,3.45468,0.346976,0.873253,3.0659,-5.80384,1.53827,3.81278,0.679322,8.46887,-0.227601,8.66081,-3.236,-5.93639,-3.07882,6.86556,-3.68987,4.94843,6.11425,6.1942,3.45971,2.68948,-8.72339,9.7389,1.17203,2.57397,7.90379,6.84085,-5.97729,6.97576,-4.38817,7.30429,1.28192,-5.00824,2.07159,5.38351,-0.114909,7.91287,-5.12033,-6.66476,-3.82289,-4.41973,2.43604,-4.71598,0.317915,5.15323,-7.97195,-8.80628,-6.67394,1.89914,-8.70541,8.21327,-5.0055,-6.14336,-1.72361,-4.38123,-0.0953977,3.29702,-7.7244,3.45558,-0.381965,-7.10211,-6.02024,2.2728,-2.56041,0.789432,-9.40119,8.45087,-2.28956
7.22203,-0.30794,3.38456,-1.30484,-8.04115,-0.884718,-9.14052,2.20361,9.0941,7.91044,-5.14585,4.19494,1.64255,-2.80718,-9.50323,7.56369,-1.67051,-2.18899,-0.307634,7.58649,7.95272,-9.10996,-5.23532,-8.13392,-8.16763,9.3448,0.653355,-8.21668,-8.20721,-5.35191,-1.43328,-4.84426,-4.13376,3.5619,0.965991,-1.03034,-3.69135,9.63145,-1.52781,1.32537,8.49803,-6.86175,5.58028,4.04898,6.78825,-8.8599,-4.4227,-0.114909,2.58717,0.692375,-4.26262,3.741,9.91297,-2.27326,2.21825,8.3378,-7.34563,-2.17643,1.00346,5.26088,0.424308,6.09807,5.96114,-4.45464,-0.737157,7.38471,-1.01672,8.83583,-3.23948,7.68078,4.71303,5.90751,-0.642154,9.84356,1.11865,-1.23603,0.874801,0.428871,-4.49248,-6.73755,9.72149
6.15993,8.20265,-5.33006,-1.71589,-2.1598,-5.96705,9.357,0.783045,3.55485,-0.405343,6.10129,1.63643,-3.47781,2.53295,-7.52334,5.71386,6.96774,-8.65262,8.50887,-5.37067,7.35626,-7.45111,1.10587,-8.46286,8.07148,9.90313,3.27012,4.89822,2.5802,5.70341,-0.143996,6.52159,2.0147,3.93909,-2.33079,2.14334,6.08467,-2.54455,3.62338,-6.21094,-0.794111,9.37886,4.92332,-5.77185,-8.55315,-5.79939,-1.56547,7.91287,0.692375,9.30293,-3.18838,-6.24238,5.40585,3.9311,7.89221,8.39425,0.783532,-8.28083,-9.05994,-0.26812,-0.383549,0.678241,2.18748,5.65414,-2.77935,1.32986,0.907443,8.28143,-3.99999,-7.63198,8.67479,-8.38059,-9.38081,-7.52227,1.54043,8.87968,-2.52292,2.40266,-6.64965,8.7666,0.0577805
-2.77305,8.17185,5.35543,-3.25607,2.99916,7.98539,-9.15487,7.35956,-3.03112,3.23043,-0.632746,-3.85798,-2.32706,-4.74305,2.24109,6.3517,-2.30564,9.0332,-8.74636,-2.00664,8.54191,-8.02002,8.71732,1.3773,-7.67337,3.20918,0.566805,-9.87845,-8.97822,6.89725,-0.915902,-1.79605,-2.44653,-5.86298,-1.63842,-3.15335,6.63686,6.59819,2.81482,1.1933,-1.99708,9.69007,4.20038,9.59967,6.3362,-5.22742,-5.41049,-5.12033,-4.26262,-3.18838,-8.10784,9.62915,-6.86509,8.87121,-7.36371,-0.713402,6.83587,-9.67725,2.80354,-6.6456,-4.72012,-4.40094,7.17144,5.86854,-8.13918,0.522442,-2.78736,1.62667,7.91111,4.792,-5.4835,5.25682,6.26935,7.80523,3.37359,-7.70927,9.70606,-7.17557,-7.80135,-9.43607,7.68794
-6.13661,4.28931,3.73813,1.82889,-2.1273,-7.32488,-6.87215,-6.04588,4.23758,6.42284,1.13826,6.30733,-4.0867,8.21259,-2.87214,3.88683,-7.18377,-1.23224,5.40189,1.46759,-2.95922,-5.76671,-1.61134,3.9604,-9.77059,4.65645,-8.76358,-7.7416,-4.17929,-4.53834,-0.491996,9.89784,6.78761,3.99469,-9.05941,-6.94498,1.8437,7.55444,7.23059,-9.55129,-9.57247,8.73095,-6.78508,-0.691688,-3.34883,2.36489,1.66223,-6.66476,3.741,-6.24238,9.62915,-8.16952,-1.59586,7.75568,-6.47317,8.90585,0.803692,6.68334,3.25343,-1.1249,1.28999,2.39184,3.94629,-9.46537,-7.90533,-4.88304,1.43942,0.271701,-1.44475,3.29296,7.58943,-5.01723,5.01866,-7.33077,-0.3586,-1.59475,8.36062,-6.06495,-0.133907,-4.48265,-7.65545
-0.882954,-7.50375,7.67743,-1.35114,-2.18237,-9.17509,-2.02431,-3.509,-3.01095,-6.86183,8.55298,-8.28437,-8.98333,8.49973,-2.2383,-7.47306,-7.52687,9.92795,-3.35542,-6.53394,1.75944,-8.32756,6.43896,-3.27246,8.63502,0.155676,-8.24313,-0.819332,-5.56613,-5.91913,-0.814119,7.5736,2.11444,-1.62568,-5.90414,2.0724,-0.466868,-9.03231,-8.69922,-3.86251,-4.38047,0.303293,-7.89151,7.75095,4.59882,-9.10385,-8.04683,-3.82289,9.91297,5.40585,-6.86509,-1.59586,6.49046,-4.97077,8.76923,6.73912,8.2753,4.69078,1.1601,-4.37137,-6.62236,0.814288,-3.55358,6.0454,1.26293,2.28161,-3.0053,-8.39931,-1.01685,-3.91206,8.11134,9.54146,-2.79664,-1.89618,3.16998,-9.26279,7.98493,-8.84629,0.990532,0.263925,4.99713
-4.32748,-9.92138,-9.59286,3.02538,-4.75973,8.08905,-4.93934,7.26497,-0.33659,3.8751,1.1111,-9.16604,2.50579,-2.46364,-6.41546,0.752612,-1.99481,-6.01713,-4.08973,-6.89311,-3.71762,-4.31045,9.06188,4.92007,-6.00269,-3.38856,0.720921,0.996995,-0.859034,-5.56715,3.43878,3.27032,-3.10912,0.96253,-2.63065,3.97601,8.90626,-5.51355,2.07516,7.25625,-1.67215,0.0963688,5.41975,4.69788,-0.863445,1.95054,-0.0475266,-4.41973,-2.27326,3.9311,8.87121,7.75568,-4.97077,4.01105,0.6448,2.87858,-8.40488,-5.61555,1.22779,-9.79346,3.27744,-4.96007,7.69351,4.40315,-9.10701,2.21618,1.39502,-2.48395,9.5565,-9.86745,-4.89118,-0.498382,0.526625,3.13769,4.98953,-9.43104,0.321723,7.92097,-7.73734,-7.14885,-9.24301
5.04026,4.26847,2.20055,5.57958,3.08123,0.585574,5.32677,7.30963,-8.63515,-6.75021,6.31616,7.80677,-5.96775,3.31763,-0.382321,3.62656,3.47562,-3.85392,-8.75955,1.56719,-0.759317,-1.66679,-1.8852,0.871685,-5.87547,-9.83817,-3.17766,-9.07748,-7.8881,3.36654,7.89135,-0.764941,-9.42369,-9.66979,-3.58776,9.53398,1.43968,-4.55832,-2.19037,-9.26516,-2.47305,-6.91695,2.07188,4.24592,2.57914,-7.54633,3.22923,2.43604,2.21825,7.89221,-7.36371,-6.47317,8.76923,0.6448,9.94087,-1.33971,-0.0988733,1.34446,-7.53276,-1.15501,1.94929,-8.35156,-8.93694,6.00837,8.86562,1.14072,7.88638,7.97422,7.73943,-2.18181,4.34544,-7.45848,1.12861,5.39365,-7.54417,-6.70897,2.7545,6.55655,1.15332,3.73654,6.97575
-9.76146,5.83192,-2.65872,8.20349,2.84641,3.7686,6.27082,3.10791,-7.67706,0.827244,-6.28307,5.72233,-4.0863,-7.6209,-6.43076,-9.85319,-7.34644,3.68749,-4.09537,8.62451,5.47152,9.9355,-5.2003,3.34793,0.344468,-3.41538,-4.75296,6.1625,-8.47992,-2.43313,-0.55477,-9.82245,3.4321,3.71419,6.00535,-9.61919,1.27738,-9.50067,7.6214,2.35629,-5.94684,-5.47893,4.99902,-0.246573,-6.74833,-1.40494,-5.83955,-4.71598,8.3378,8.39425,-0.713402,8.90585,6.73912,2.87858,-1.33971,-4.79274,-3.0656,5.82959,0.56427,-5.66531,6.94351,0.887616,7.92751,8.77702,-6.36459,9.13824,0.188887,-3.16865,5.63953,-6.34635,1.59547,9.78675,-1.12398,4.0627,6.34854,3.54824,5.22245,-3.11315,5.91149,-7.70291,5.32827
7.18327,-9.77932,-3.13071,-6.73637,-4.28714,1.52105,6.72399,3.80626,6.19232,3.68318,5.63004,1.32299,-1.05893,-4.92596,7.03574,-6.81821,7.03504,3.73066,9.84324,-9.81596,5.29311,-8.866,5.93636,9.02258,0.946758,-4.9802,-1.7135,-5.68402,3.95949,-1.9503,0.0214762,4.76048,-7.35164,-0.364065,8.98843,-4.24419,-0.160115,9.76866,6.63618,3.16539,-8.81907,5.98297,-6.99519,-9.69972,-9.22984,-0.0419944,-0.523181,0.317915,-7.34563,0.783532,6.83587,0.803692,8.2753,-8.40488,-0.0988733,-3.0656,2.49573,-8.37357,-0.0800575,9.93343,5.23016,6.93898,-0.350459,-6.19986,1.62846,-2.60805,-4.13216,-0.910604,6.6714,9.42404,2.44395,1.4093,1.31294,3.01902,5.15514,-4.14715,-5.69468,-0.194336,-8.11912,-1.5405,5.77715
