1.59752,8.57937,0.17989,8.73477,7.53956,-9.96412,-3.61501,-2.7039,-6.29798,-5.06074,1.47844,9.10103,-3.20329,8.68044,-6.65299,5.22281,-9.43831,6.36722,7.40723,3.3251,9.32075,9.3303,-3.93534,7.5874,5.16197,-5.1815,-4.31717,8.37153,-5.96785,-5.10258,6.81809,5.31544,9.25574,5.68618,6.66674,6.34374,8.63943,3.96453,8.91087,-2.96443,4.68105,-4.91343,2.92189,7.82929,-7.60422,-1.78712,4.14898,-2.15046,-1.15553,9.34635,-2.65329,-3.19526,0.0593587,8.7426,0.26976,0.391212,-2.48415,1.47193,-8.58876,-7.94094,-9.66007,-9.30183,3.2266,8.55221,-2.82682,6.74938,-2.13798,3.63898,-7.44303,1.67324,0.464384,-0.911426,6.27287,-8.26549,6.61858,1.76089,-6.02194,-8.35591,-0.510563,-8.2454,0.709959,-3.19838
8.57937,6.77474,6.61815,-9.17107,8.42677,1.55228,-5.99857,7.91218,-4.95654,1.89487,-7.41884,-2.64639,7.54717,-2.51959,8.34707,5.55773,-0.478102,-7.08479,-3.37558,-1.67172,-4.75067,1.62842,-9.0788,6.90709,1.79726,-9.51004,-7.46268,-7.81219,0.398222,-6.76117,1.225,-1.16499,2.9792,-6.09347,6.04944,7.94893,2.21267,-1.23857,4.77477,-4.91299,-8.0977,-2.0446,9.5909,-9.73007,4.55041,4.63259,-5.72071,-7.12486,5.98642,-9.18495,-7.23392,-4.25396,-4.57238,0.875729,-5.85993,2.37352,0.502517,-5.95323,5.40926,9.68522,-8.29397,-9.1434,-0.795169,-9.3733,-4.50888,-7.75102,-2.58636,-4.20867,5.36682,-9.0296,-9.10521,4.9991,-3.58775,-9.57322,-7.37296,7.77799,3.89751,1.11778,3.2661,-8.06386,3.06214,-6.35348
0.17989,6.61815,-3.06961,7.13414,-1.3092,-3.00232,4.84268,0.404234,-4.60674,1.88774,2.72709,-4.34145,3.05781,4.56175,7.3513,8.71778,4.42158,-2.65376,3.77642,5.05816,-8.5461,9.72549,5.71076,-9.51971,-0.681073,-7.41377,1.6292,3.15702,9.84808,4.90361,6.71385,2.48602,-0.972856,-5.83309,-3.17245,5.56195,-3.71068,4.9435,-6.54101,8.16113,-8.98914,-6.38512,5.61709,6.42278,-0.109987,6.63378,-0.552632,-8.06425,-7.80115,7.71443,0.657389,0.0634818,-3.33012,2.03408,7.17883,1.78097,6.19013,1.13234,7.39919,-4.06589,-3.13752,1.93683,8.69942,1.8791,-4.70287,-1.63964,4.70541,3.46515,-3.44,6.72161,-3.80155,-1.24576,-3.29457,4.43918,-0.415965,6.92707,1.30238,-3.80187,6.93579,2.40783,2.80055,2.10326
8.73477,-9.17107,7.13414,4.27162,-2.86074,1.01945,-3.2976,-2.97452,-9.15612,-0.306947,6.1557,8.21785,-0.860599,3.84357,-3.0643,-9.83153,-2.36456,-3.4444,-7.33082,-7.75814,2.72462,6.44801,-7.15744,0.178939,-5.08856,5.8274,-8.90012,0.573027,6.80622,6.05401,-6.83321,1.60993,-8.2652,7.51088,-3.96959,-8.63528,-1.85286,7.01746,3.87668,-0.616515,9.94567,0.113302,2.45001,-2.57417,-6.56052,-5.72186,5.32485,-2.22487,2.55728,-9.63085,0.63986,-6.80497,4.82777,4.72793,-9.20834,8.58779,-6.21725,-3.03156,1.23208,2.08043,-5.02432,-6.09265,9.56555,8.25266,8.93213,1.47886,7.83819,-3.94216,4.67855,9.59909,-2.70118,8.56764,-0.362558,6.0406,-2.12925,-5.08424,-2.43456,1.90331,4.55094,1.73972,-1.51312,2.00062
7.53956,8.42677,-1.3092,-2.86074,0.765989,3.63911,-0.145692,6.32999,-1.13981,7.31583,-2.28516,-4.54733,7.07035,-2.4648,-0.48922,4.468,0.218607,-4.09275,-2.17027,9.58773,2.69213,-8.06745,5.2674,8.24156,-1.2053,-0.408433,-3.97078,-0.848687,-2.55527,2.37856,-6.94805,-4.85423,2.15086,9.44333,5.33992,4.74424,0.308756,4.33997,-0.148236,7.43556,-9.38889,-7.02551,-3.43558,8.16492,-3.80237,-9.87972,0.984494,9.32098,0.0455432,0.987516,5.97975,2.88425,8.75285,6.98093,-3.17274,-1.2039,6.72544,0.383584,-4.61919,-1.18588,-1.66395,8.23473,-6.23594,-7.35418,7.20851,9.08249,7.72836,-0.766285,-7.37878,-7.9014,-7.07975,8.02515,1.53754,-7.16974,3.0352,-7.35361,-1.27647,2.81231,-2.12616,-4.52278,-1.3356,1.18463
-9.96412,1.55228,-3.00232,1.01945,3.63911,9.78184,9.07844,4.49523,5.46242,5.70354,7.06587,2.19553,2.37862,-3.17421,-5.39142,-2.57975,6.55695,-3.50018,-7.56468,5.37803,5.2989,0.904376,-3.85634,-9.05661,8.48479,8.47863,-6.94929,-5.157,0.315348,-9.30101,-4.17236,5.56115,6.31556,-0.315696,-2.19097,6.2363,9.74563,9.97419,-4.04006,-0.663214,-2.86987,-6.77755,-7.73254,-6.502,-0.851249,-8.13743,2.90332,1.39634,-7.87146,-4.57746,-4.36482,5.34736,0.23774,0.459912,-2.02393,-5.22923,-2.54377,4.94756,-1.5622,5.28134,-2.96443,-8.82954,-2.90737,4.53089,-4.2099,-8.88366,-1.09751,-5.83653,-7.1376,-5.9477,-9.6475,-5.26672,-6.2013,-2.25667,-5.86304,1.58136,-7.70473,-1.85811,-7.17086,0.564692,-8.26486,6.58111
-3.61501,-5.99857,4.84268,-3.2976,-0.145692,9.07844,-3.68839,2.69773,-1.32165,-7.31738,2.6887,-9.8908,4.40561,9.28597,-1.61096,-2.13452,8.97234,-0.999345,-7.33096,-9.68589,6.43305,-6.08728,-2.42734,1.1566,6.41254,-8.74243,-6.18126,-5.61248,9.52819,-8.87272,-3.39286,-2.17443,-4.15732,1.69726,8.85262,8.65951,-1.51053,-7.46619,8.81256,4.51942,2.90349,-6.76817,-3.8762,-0.828847,9.88669,7.51025,-2.21444,9.64019,-8.75376,1.41307,-9.21195,-4.90006,-5.53598,2.24406,-0.786687,-0.028624,9.28765,8.74249,-6.72167,-6.0511,-1.75549,5.88372,-4.91398,0.740486,0.735287,-4.13674,-7.25483,4.17869,-4.88322,7.16387,0.263166,7.41583,-3.59782,2.75433,-3.22796,7.8119,0.00403879,-4.35046,-6.13651,-8.52525,-0.0483712,-0.394467
-2.7039,7.91218,0.404234,-2.97452,6.32999,4.49523,2.69773,6.90393,9.08742,2.6762,-3.54791,7.51673,-7.45523,2.28816,5.32553,5.31868,8.24312,-3.20919,4.03887,1.17649,-1.00198,-2.34035,-2.38028,-7.01471,-4.91274,-4.76213,1.58661,-6.16088,-3.14443,-5.11429,-4.92192,9.90465,-0.909338,-7.12411,-3.53041,2.96546,6.53772,9.62372,4.40597,-9.26017,2.49134,3.87449,-3.56212,7.31295,2.67745,8.16148,-0.409122,4.78086,2.5931,-0.915438,-3.13744,0.770728,1.02261,7.72879,0.239932,2.93948,2.45429,1.24357,3.44775,-3.18056,7.03774,-5.56945,7.39396,1.3722,6.49175,-5.23774,-3.89894,5.74275,0.0885727,0.292458,-9.72132,-6.5538,-1.01771,-3.15947,-1.95331,7.67679,3.574,-0.315013,1.32234,7.24958,-9.47976,9.51531
-6.29798,-4.95654,-4.60674,-9.15612,-1.13981,5.46242,-1.32165,9.08742,-5.05373,0.7034,-6.71925,6.84752,2.77147,-6.55608,7.02311,-8.93401,-2.59347,4.04123,8.86813,-3.23248,-6.26638,3.48668,2.30388,2.29825,5.96223,-4.65549,-0.00714014,-1.56971,7.59291,5.34453,7.15019,-4.79553,-8.08342,-4.87991,5.94031,2.53446,0.163798,-8.17923,7.9405,-6.2369,-4.7339,-0.970593,0.427978,7.48453,1.14642,-0.643286,-7.06988,6.68821,-0.37884,-7.52167,-4.88707,-8.06336,5.39267,-6.18439,6.56605,-8.42391,7.24219,-5.24776,-3.93786,3.23525,-4.42402,-1.5186,-8.88406,-1.29121,3.28401,3.91377,-3.86324,1.82281,9.21677,8.14818,6.87276,3.41387,8.95732,2.03844,-9.87265,0.505839,9.22684,1.85293,1.59769,4.94336,6.54263,-2.68612
-5.06074,1.89487,1.88774,-0.306947,7.31583,5.70354,-7.31738,2.6762,0.7034,5.16367,5.6117,4.53951,0.847392,-9.99956,-7.14914,3.77842,-7.73844,-0.128604,-0.857075,-5.81225,5.35162,-3.78117,-5.41602,9.86503,2.03095,5.6519,6.77609,4.28366,-7.79512,8.54642,-3.52338,1.94198,-4.5609,-0.567272,-3.95179,2.56819,-3.82258,-5.5805,-0.564076,-7.06305,7.49224,-0.813289,-1.20324,2.73003,-7.90993,-8.48566,-2.88665,-8.75666,2.31809,3.74568,-6.99114,3.3954,-8.77287,4.81913,2.7597,-6.78468,-1.37302,9.15307,-0.448875,-1.46905,2.78287,4.5542,4.53335,6.70015,-6.29313,-2.58229,-6.74644,-7.81837,3.21762,4.14968,2.63114,-4.41131,-3.76726,3.61079,5.67106,9.42454,-2.63442,3.6147,2.44031,7.88459,3.24341,-9.8925
1.47844,-7.41884,2.72709,6.1557,-2.28516,7.06587,2.6887,-3.54791,-6.71925,5.6117,9.49678,8.75822,3.01998,-3.26831,0.368566,-6.09697,4.39638,5.6241,-3.529,-6.97984,-2.45719,-0.41633,-1.69309,-5.74144,6.26789,5.64498,6.51112,-3.5743,1.1611,-5.72443,0.867411,-2.69638,3.17945,-9.1898,3.90346,8.26218,-0.679166,-1.88283,7.48072,-1.25575,-0.702118,-2.42691,-1.27153,5.36534,2.2955,1.13705,7.62767,0.612915,6.74972,-9.38828,4.54095,-2.59615,8.62686,-8.18303,9.32384,-9.17107,-2.49533,-4.80488,2.10605,-8.32978,3.73336,9.04647,1.40287,6.85146,-4.34421,7.57286,-5.74456,5.76031,-5.99058,-8.37521,-0.124537,-0.736398,-3.50836,4.4122,2.06732,-7.8189,-0.219635,0.0654544,6.17459,1.2401,5.65717,-5.51457
9.10103,-2.64639,-4.34145,8.21785,-4.54733,2.19553,-9.8908,7.51673,6.84752,4.53951,8.75822,6.61822,-6.79031,-1.74791,-4.76068,5.60065,3.89506,-5.47029,0.446659,-5.67938,1.15469,-4.62394,-6.83443,-8.36224,-6.23736,-9.30484,-1.73454,9.44442,8.20014,4.87082,7.12552,7.49268,8.32148,-4.39235,6.76535,9.63449,-3.13767,-6.50215,-2.87382,7.61773,6.52164,-5.60509,-3.21392,8.62196,1.41105,4.3842,-4.65245,2.24464,9.5296,-9.13636,7.95266,6.88506,2.90656,-5.74529,0.50482,-9.75813,-2.49981,-8.99252,-1.25846,-4.51432,-5.44545,8.93316,1.71447,-7.00488,-8.87496,-3.12107,-5.75357,-6.95519,-3.20267,-3.61078,3.40284,7.20363,-7.27337,4.38656,-6.53302,-7.99216,-5.71689,8.43029,-3.32869,0.518462,-6.84681,-4.13887
-3.20329,7.54717,3.05781,-0.860599,7.07035,2.37862,4.40561,-7.45523,2.77147,0.847392,3.01998,-6.79031,4.34534,5.88091,-5.48264,1.77892,7.33882,-1.21661,-3.71774,1.22988,-0.699589,-5.02009,-3.91615,7.42168,1.53035,1.82515,-3.84565,7.80311,2.17745,-2.71778,7.82561,3.81732,0.416751,7.01816,-3.16105,-1.06546,-4.24393,-6.77193,-5.43029,9.76534,-7.11702,-3.5535,-6.58265,-8.97873,-4.83393,8.9429,0.981214,-2.2612,5.75705,-6.96284,5.26259,-9.41007,-8.60717,7.32368,6.63096,0.257427,-0.805555,2.99378,0.50024,8.76673,-8.00874,-5.97983,3.48515,-4.75575,9.43139,4.14558,5.00169,-6.09656,-1.21874,3.27201,7.89144,0.858123,2.16648,-3.21672,-7.86708,-8.43992,0.117693,5.93614,4.18799,7.38243,9.50285,-9.64058
8.68044,-2.51959,4.56175,3.84357,-2.4648,-3.17421,9.28597,2.28816,-6.55608,-9.99956,-3.26831,-1.74791,5.88091,9.77413,-8.05342,5.73993,-9.79201,1.29913,0.0356397,4.2777,2.05342,-0.942651,-3.58493,0.138022,-8.93032,6.85772,-4.38607,6.8186,3.14228,-2.93762,-3.97633,-6.96052,2.40954,5.92409,-6.36132,-4.19738,0.389878,5.36973,-2.95531,-5.91864,5.84233,8.73962,1.94892,-1.94244,-9.27879,0.169246,9.47151,-2.46825,8.36377,-4.79879,2.65141,8.69373,-6.41327,1.24814,-8.38524,-6.14366,9.79642,-1.94387,-4.18187,-2.95143,3.67914,1.78268,-9.43773,-4.70636,0.919085,5.91555,-8.12951,-1.22352,0.336836,-9.27736,7.05384,3.99309,8.06751,-5.06933,-8.53632,8.20922,4.37919,-9.05573,5.0337,-1.73161,8.31732,-4.8538
-6.65299,8.34707,7.3513,-3.0643,-0.48922,-5.39142,-1.61096,5.32553,7.02311,-7.14914,0.368566,-4.76068,-5.48264,-8.05342,4.91327,0.280005,9.97285,-6.43361,6.69561,9.26069,-1.31661,1.51422,8.08681,2.02884,-0.185014,1.17148,9.66125,-8.87463,2.32928,-9.11463,6.63515,-3.90179,3.28244,-8.32756,4.6128,-5.09457,-4.54247,-5.91572,4.24026,-3.61076,-1.02897,-9.65784,6.11288,-7.16402,-5.16483,-5.30786,-1.92273,-6.77104,-2.92968,0.6024,3.4524,4.37325,-3.22076,2.09342,5.62748,2.78542,-3.0132,-4.87596,7.48492,0.595352,6.36768,8.22977,0.00489614,2.68126,9.01938,6.60927,5.23799,-3.20446,2.7029,0.739353,-6.80985,-2.49101,9.84265,3.04047,4.50526,-0.0352726,-4.26099,-2.61006,8.92608,-3.48196,5.2524,8.40276
5.22281,5.55773,8.71778,-9.83153,4.468,-2.57975,-2.13452,5.31868,-8.93401,3.77842,-6.09697,5.60065,1.77892,5.73993,0.280005,8.01773,-6.87533,-0.251093,-8.04145,-4.6763,7.3533,-4.88362,0.386439,7.18457,4.2357,-1.22162,-7.09467,-1.46916,7.37484,1.91044,8.88865,4.44354,2.10871,6.41967,-7.02315,-0.348392,1.54533,-2.98829,8.76822,1.29915,2.50662,-8.55821,2.0511,3.18505,-3.9713,-0.00415164,-0.208498,6.33512,1.81471,0.685144,-9.64085,-8.22308,4.42051,-8.31927,2.72959,5.53363,9.6272,-7.93865,-7.86635,1.27008,-9.18964,1.30254,-0.77421,-4.44222,6.50911,6.32585,6.66087,-4.77874,4.55661,-9.68999,-6.59164,-8.21619,6.99963,-7.49172,-3.39718,5.23717,-4.15527,-3.60593,-6.0921,0.737634,-1.44938,2.947
-9.43831,-0.478102,4.42158,-2.36456,0.218607,6.55695,8.97234,8.24312,-2.59347,-7.73844,4.39638,3.89506,7.33882,-9.79201,9.97285,-6.87533,9.60582,-6.359,9.86534,-6.90383,3.78691,-1.21049,-7.67799,-0.964116,-4.95638,-6.01618,-0.945294,-3.51101,1.75443,-3.21837,-3.72872,-3.38634,-7.12402,0.683157,-5.24037,-4.33132,-1.13996,6.29057,5.76858,-0.852836,3.16377,0.418261,-8.35387,6.66124,7.28674,-4.47238,-8.9689,-8.5623,-4.12249,-0.631791,8.23148,4.78648,6.48109,2.4292,8.07584,2.91689,3.16971,7.68065,9.43791,-2.70512,-9.01502,-5.9297,-6.71726,-7.58554,-2.30057,-1.04101,0.20178,3.66368,-9.17938,-4.67861,9.15551,7.56158,-0.179819,-5.48029,-1.22704,-6.85984,-4.97151,5.78059,2.07465,8.5284,2.19151,-0.0365595
6.36722,-7.08479,-2.65376,-3.4444,-4.09275,-3.50018,-0.999345,-3.20919,4.04123,-0.128604,5.6241,-5.47029,-1.21661,1.29913,-6.43361,-0.251093,-6.359,3.46763,3.07316,-8.44793,3.95391,-6.78082,-2.07868,5.74807,-7.75607,-5.48669,1.52505,7.33817,4.95888,-0.716224,8.28197,0.899644,-2.13925,8.26053,8.14138,7.71323,8.29769,-1.50691,3.6768,5.69844,7.14881,2.58363,7.13875,3.7368,-5.18327,-8.51902,-4.59115,-6.79182,8.44006,5.93237,-0.792221,5.82594,-6.96872,0.622374,4.35045,-0.0803509,3.68501,-5.64946,1.81979,9.53525,-2.17961,6.51832,-7.11448,-5.87777,-5.99033,8.58267,-0.213032,9.28272,5.09104,-9.33191,-3.32389,6.93485,7.20288,1.88465,-7.42739,-6.6916,-6.59542,8.30485,8.36611,-1.49473,7.14075,0.399489
7.40723,-3.37558,3.77642,-7.33082,-2.17027,-7.56468,-7.33096,4.03887,8.86813,-0.857075,-3.529,0.446659,-3.71774,0.0356397,6.69561,-8.04145,9.86534,3.07316,5.66757,-8.73123,-3.95978,8.80577,1.07362,-2.79258,-7.78971,-4.52376,-5.648,6.06482,-6.82954,7.35955,-7.06938,-6.06104,6.61664,2.40065,5.8144,2.12641,9.12737,2.26306,-9.845,-2.98696,-8.27849,-0.0921006,-8.15175,5.60595,0.201023,-3.55687,-8.68851,0.825831,-5.81609,1.98211,-7.27787,8.47183,5.5939,6.31864,-2.42031,-8.94739,5.92919,-2.06316,9.38507,1.45845,1.06338,8.81626,-6.75644,9.73659,5.80407,0.831779,6.58655,-1.30903,-3.01586,-4.17604,5.9146,1.60841,-3.2614,-1.62342,-1.94576,-0.450346,7.51494,-4.40707,0.935401,6.69211,-3.74581,-7.36999
3.3251,-1.67172,5.05816,-7.75814,9.58773,5.37803,-9.68589,1.17649,-3.23248,-5.81225,-6.97984,-5.67938,1.22988,4.2777,9.26069,-4.6763,-6.90383,-8.44793,-8.73123,3.84291,-2.91935,-8.8559,-3.74756,-6.51742,5.93025,3.63664,-4.21672,7.99216,7.94509,-3.05719,8.54763,0.404773,7.49221,-9.984,-2.09265,-2.90926,3.99757,6.74815,6.37336,-3.4162,-3.81113,5.33135,-3.97938,-9.98128,3.93801,7.76632,-2.18019,-1.21679,-9.49178,-5.4471,-6.90443,1.71003,-5.35789,-3.5061,-5.34762,-5.84742,3.59839,-2.97437,-5.5672,0.685539,5.05182,4.96453,3.18377,1.04591,-8.92809,8.23103,-6.3354,7.79274,7.30043,-5.20079,7.48906,-8.41518,-8.10432,1.20889,3.38745,-3.3548,1.1185,-5.43898,1.39818,-8.50802,-6.58961,-6.8445
9.32075,-4.75067,-8.5461,2.72462,2.69213,5.2989,6.43305,-1.00198,-6.26638,5.35162,-2.45719,1.15469,-0.699589,2.05342,-1.31661,7.3533,3.78691,3.95391,-3.95978,-2.91935,4.22054,-4.31828,0.237335,-6.99665,6.91279,3.87479,-8.78821,-7.3756,-6.48697,3.11517,8.30951,9.9199,3.06869,4.8107,4.34592,-5.45639,-7.18023,-7.68036,-1.75216,4.13484,7.20147,8.94708,-2.42744,5.52553,-6.18784,7.91875,-3.68475,5.5473,3.04549,3.62377,7.76697,4.69577,-5.89161,1.8392,-8.38949,-2.45024,9.43233,-7.02656,-9.89894,-0.402079,4.13174,-8.07377,9.24173,7.6844,-6.56022,-6.23131,-7.7023,-5.03807,-1.92168,-8.85382,3.13414,-1.83836,-7.42521,5.06769,6.35494,-8.24926,5.51764,-0.291321,6.7577,-3.44707,-9.68763,2.76236
9.3303,1.62842,9.72549,6.44801,-8.06745,0.904376,-6.08728,-2.34035,3.48668,-3.78117,-0.41633,-4.62394,-5.02009,-0.942651,1.51422,-4.88362,-1.21049,-6.78082,8.80577,-8.8559,-4.31828,-8.07867,-1.24171,1.18637,-1.75333,-6.71597,4.74533,4.86767,1.50055,-3.74108,-1.9749,-1.05746,2.27277,-5.0067,-4.1659,-4.57087,1.74412,2.53537,6.49101,-0.31685,3.30116,-8.26736,6.00047,-3.47133,-9.67674,-8.46017,-6.59964,1.09408,-3.38564,4.51714,4.44409,5.34263,3.75491,1.61609,-2.11096,6.95391,-5.5572,-7.15181,3.64028,-1.65179,7.03365,5.97587,-4.41843,5.17048,-9.19544,-1.2909,-8.31433,5.94934,-5.87617,-8.12744,-8.62111,-3.1896,9.77507,7.98076,-5.95373,6.99124,-6.39313,-2.84401,3.90616,7.88596,7.72768,-2.02707
-3.93534,-9.0788,5.71076,-7.15744,5.2674,-3.85634,-2.42734,-2.38028,2.30388,-5.41602,-1.69309,-6.83443,-3.91615,-3.58493,8.08681,0.386439,-7.67799,-2.07868,1.07362,-3.74756,0.237335,-1.24171,3.58231,5.17301,-2.26413,-3.85121,7.15074,-7.62387,-9.11256,-4.9693,-4.71626,2.01523,-4.16157,-6.91731,1.54022,-8.39996,-5.28583,-5.24825,2.68462,9.88077,3.24266,-1.27003,-9.25141,4.9466,9.32311,-1.14957,-5.24453,7.90961,6.63766,-4.39468,6.80485,-0.643462,-4.19584,0.893692,-1.47631,-9.17853,4.47433,7.81093,0.0421661,-8.842,2.77263,7.17755,-2.79573,-2.90795,1.6892,2.78938,-7.51953,0.720579,1.26091,-1.24341,0.271556,2.8144,6.8138,-5.53838,-6.73545,-4.17892,8.94222,-2.74957,0.578486,6.64663,-2.14628,5.15528
7.5874,6.90709,-9.51971,0.178939,8.24156,-9.05661,1.1566,-7.01471,2.29825,9.86503,-5.74144,-8.36224,7.42168,0.138022,2.02884,7.18457,-0.964116,5.74807,-2.79258,-6.51742,-6.99665,1.18637,5.17301,3.94216,5.43413,-3.9095,1.72753,7.70393,-9.24758,-5.7462,6.8179,-8.81173,-2.58129,9.60719,-8.80862,1.14983,-8.77919,-5.36903,-7.75666,4.54893,-7.56607,-7.75056,-7.4317,-2.45479,-1.85561,1.87219,4.08054,-9.95573,9.73453,4.58934,-5.87492,-8.95249,4.60938,5.76111,1.57223,-1.35338,-5.16775,-9.18489,4.72574,-8.80613,-0.694718,-0.194759,-7.2302,-5.7154,-8.34631,-3.45934,7.87645,7.38317,-1.07663,6.12165,-7.12608,-1.30988,-0.829084,8.1899,6.4054,-8.59756,-9.91012,8.29795,-6.56789,4.90066,2.84669,-7.7965
5.16197,1.79726,-0.681073,-5.08856,-1.2053,8.48479,6.41254,-4.91274,5.96223,2.03095,6.26789,-6.23736,1.53035,-8.93032,-0.185014,4.2357,-4.95638,-7.75607,-7.78971,5.93025,6.91279,-1.75333,-2.26413,5.43413,2.49968,-1.20143,5.98313,8.98579,-7.69884,-2.61427,2.10357,-9.38056,1.25474,0.756481,-7.27575,4.39032,-2.84177,-2.8175,-0.422232,-4.72314,6.70133,6.1107,6.45348,-6.10013,0.24051,-8.78789,4.03493,-4.81267,-5.59484,-1.07856,1.63984,2.92221,-6.04881,5.02116,-6.04681,3.33295,-1.18394,-8.20291,-3.59432,1.78328,9.6246,-8.00881,9.56799,1.52303,-2.46896,1.52819,-6.53663,-3.63684,8.5389,2.84505,-9.89082,-9.37593,-7.11675,1.45879,-3.05435,-5.14273,-1.47296,-0.562717,8.43093,-9.83102,1.60354,-5.20622
-5.1815,-9.51004,-7.41377,5.8274,-0.408433,8.47863,-8.74243,-4.76213,-4.65549,5.6519,5.64498,-9.30484,1.82515,6.85772,1.17148,-1.22162,-6.01618,-5.48669,-4.52376,3.63664,3.87479,-6.71597,-3.85121,-3.9095,-1.20143,3.26271,-2.97724,4.58256,6.60105,3.93525,5.51673,1.48132,4.54252,-2.697,-2.96401,2.63069,8.79773,4.99793,9.2425,0.749841,-2.21121,0.51986,-1.7172,-7.40911,-3.95526,-5.35986,2.71087,-0.622217,-9.34606,3.68945,-2.69227,-9.37149,-1.00202,-5.63263,-3.69264,9.90437,8.2212,-4.07939,-1.7014,-2.56785,9.0858,8.65871,3.63807,6.70237,3.88593,7.75676,3.37712,8.76207,-4.91146,7.17838,-4.59145,5.78196,9.02172,9.45053,4.05357,-0.257265,-6.07231,9.3093,-4.49588,0.18329,-2.18002,0.0941035
-4.31717,-7.46268,1.6292,-8.90012,-3.97078,-6.94929,-6.18126,1.58661,-0.00714014,6.77609,6.51112,-1.73454,-3.84565,-4.38607,9.66125,-7.09467,-0.945294,1.52505,-5.648,-4.21672,-8.78821,4.74533,7.15074,1.72753,5.98313,-2.97724,-2.49691,-1.98941,-6.58069,2.63898,-5.75103,2.07037,6.10102,2.75997,-1.60847,-0.541696,-9.29265,9.99923,-4.49578,-8.45851,3.7505,-5.7307,-6.7702,3.8338,4.22216,6.31679,1.73432,2.94756,-7.80437,5.10576,-5.40632,6.71171,6.74916,-9.25627,-7.34114,-8.90054,-2.92099,5.10087,2.35412,-5.11733,7.43638,2.84158,-1.73544,-5.10325,-4.19201,6.66395,-3.33084,-2.59833,-8.69327,5.63473,-9.27099,6.00857,5.84812,5.78071,-4.8305,-8.73358,2.67682,-4.23242,8.86585,-2.63855,4.0699,-3.86949
8.37153,-7.81219,3.15702,0.573027,-0.848687,-5.157,-5.61248,-6.16088,-1.56971,4.28366,-3.5743,9.44442,7.80311,6.8186,-8.87463,-1.46916,-3.51101,7.33817,6.06482,7.99216,-7.3756,4.86767,-7.62387,7.70393,8.98579,4.58256,-1.98941,-0.662866,-8.04058,-0.484683,2.45648,8.02983,-1.67352,-2.19913,-9.73883,-1.38288,0.610865,-4.38331,9.14141,-8.06069,3.76,-7.66357,-5.79025,-9.57297,-3.43645,2.72166,-7.73486,-0.861539,8.98755,-6.17216,5.83159,-3.45672,-5.90117,2.47652,1.75194,0.879751,7.40755,1.84132,9.64824,-0.966476,-1.60347,9.82046,-1.80163,2.76569,-1.42984,0.582567,7.76714,-5.10686,-9.09911,-6.39944,-7.83513,9.42476,-0.493373,-7.79558,-4.73537,-4.50794,-2.30337,2.5209,6.53035,0.153113,-0.229881,2.0608
-5.96785,0.398222,9.84808,6.80622,-2.55527,0.315348,9.52819,-3.14443,7.59291,-7.79512,1.1611,8.20014,2.17745,3.14228,2.32928,7.37484,1.75443,4.95888,-6.82954,7.94509,-6.48697,1.50055,-9.11256,-9.24758,-7.69884,6.60105,-6.58069,-8.04058,-7.36646,5.14221,-5.94415,-2.64294,2.21287,-1.81521,9.81379,-3.00679,-2.26751,2.44626,2.42903,-1.83848,6.41162,2.93376,-7.1604,-2.79383,-9.10591,0.925592,7.2246,8.6253,2.96459,-4.71334,-3.66834,-3.92515,-5.24115,-7.68635,9.0793,-5.13472,-1.0138,-5.48626,0.108329,9.88093,-0.647037,-5.1044,1.32148,8.78597,-4.13211,-2.39876,2.22045,-3.64808,-9.29013,-8.08344,-0.237079,5.86483,-0.572315,-5.04486,-3.71211,3.43393,3.03343,0.720584,-9.40001,2.91471,8.76904,1.38426
-5.10258,-6.76117,4.90361,6.05401,2.37856,-9.30101,-8.87272,-5.11429,5.34453,8.54642,-5.72443,4.87082,-2.71778,-2.93762,-9.11463,1.91044,-3.21837,-0.716224,7.35955,-3.05719,3.11517,-3.74108,-4.9693,-5.7462,-2.61427,3.93525,2.63898,-0.484683,5.14221,-8.98987,2.1889,3.81186,1.5853,-0.81378,7.00441,-5.47134,-1.90185,0.409471,4.91216,5.24532,2.52836,-8.36121,4.8079,-2.92014,2.40919,4.03884,1.40509,-6.57962,6.81472,-4.47359,-2.76699,-9.6998,-3.69463,3.98879,0.00946123,-6.35699,-1.81332,5.5963,7.72448,-8.83126,6.71044,-9.92542,-7.29024,8.87614,-9.52518,7.74644,2.82227,-1.54249,-7.97605,-7.99926,-7.12876,-0.399512,3.90902,5.34396,-3.71009,0.713352,1.88616,7.51133,4.31114,-5.78258,-7.52857,0.687684
6.81809,1.225,6.71385,-6.83321,-6.94805,-4.17236,-3.39286,-4.92192,7.15019,-3.52338,0.867411,7.12552,7.82561,-3.97633,6.63515,8.88865,-3.72872,8.28197,-7.06938,8.54763,8.30951,-1.9749,-4.71626,6.8179,2.10357,5.51673,-5.75103,2.45648,-5.94415,2.1889,5.13362,5.01106,-3.23433,-2.5811,2.55314,2.54727,-4.29472,1.64705,1.83428,4.7421,3.41169,2.12835,-2.52816,4.78,-0.5239,5.52716,-8.80283,7.14192,-2.22002,-1.11769,5.43857,-3.52395,-9.57949,-7.4473,-6.17251,-8.80212,1.10579,-7.74166,5.19759,4.57498,3.78504,5.73357,3.53502,7.31229,-2.82659,-3.04417,-5.20291,-1.0317,8.43626,6.40965,-1.13613,-2.10153,0.557906,3.52446,-1.91467,-4.9936,-1.13207,0.233306,-8.68427,-2.88852,-3.9486,-3.55105
5.31544,-1.16499,2.48602,1.60993,-4.85423,5.56115,-2.17443,9.90465,-4.79553,1.94198,-2.69638,7.49268,3.81732,-6.96052,-3.90179,4.44354,-3.38634,0.899644,-6.06104,0.404773,9.9199,-1.05746,2.01523,-8.81173,-9.38056,1.48132,2.07037,8.02983,-2.64294,3.81186,5.01106,0.858999,-3.50688,7.69088,0.919228,7.98564,-6.93779,6.37171,5.67515,-8.94099,-9.79021,7.47441,0.405242,4.85449,9.82285,-1.49022,-1.94288,-0.400718,6.15518,1.52272,-1.83305,-5.18799,6.39775,9.83844,4.42916,0.280718,-6.30594,-4.4383,-5.05194,-7.23067,-5.95805,-7.28282,3.78048,9.34339,4.77396,4.01465,2.14498,-3.19977,8.7063,8.60243,6.59752,-5.06573,-3.20284,9.95943,-9.26184,0.851929,4.86321,9.55431,-9.9455,4.62329,-8.32801,6.91289
9.25574,2.9792,-0.972856,-8.2652,2.15086,6.31556,-4.15732,-0.909338,-8.08342,-4.5609,3.17945,8.32148,0.416751,2.40954,3.28244,2.10871,-7.12402,-2.13925,6.61664,7.49221,3.06869,2.27277,-4.16157,-2.58129,1.25474,4.54252,6.10102,-1.67352,2.21287,1.5853,-3.23433,-3.50688,4.30278,-0.0598948,-2.66936,-3.27424,3.03101,-3.30018,0.579961,-6.16594,-4.46597,6.53369,-8.06228,5.91117,0.902157,5.30456,7.04158,9.80694,3.25781,-8.03087,-6.46303,4.51524,-5.81068,8.23742,3.37107,6.48382,6.67902,-6.76823,4.46904,-3.68944,-6.80131,1.03907,-9.92748,-5.94803,-2.63271,7.06552,3.35527,6.27448,0.710664,-3.23607,7.8771,4.00811,1.21843,-7.23008,-7.85675,8.47508,2.78793,8.90307,1.09748,-9.63642,8.33838,1.03542
5.68618,-6.09347,-5.83309,7.51088,9.44333,-0.315696,1.69726,-7.12411,-4.87991,-0.567272,-9.1898,-4.39235,7.01816,5.92409,-8.32756,6.41967,0.683157,8.26053,2.40065,-9.984,4.8107,-5.0067,-6.91731,9.60719,0.756481,-2.697,2.75997,-2.19913,-1.81521,-0.81378,-2.5811,7.69088,-0.0598948,-5.62045,0.775078,7.38391,-8.80012,-7.5448,-5.34063,-6.62552,8.43681,-3.89066,-1.521,3.55914,6.49015,-3.36449,1.89839,3.27237,8.23848,3.85702,7.1419,5.36708,4.89502,-6.24619,4.03033,1.25608,-9.38328,-4.52838,-5.24153,-0.317453,-2.89392,7.85542,-3.97647,-9.244,-9.8016,1.47566,5.45919,4.31053,-3.32306,5.47601,-8.05036,-8.94159,8.61292,1.8191,2.61951,-1.85287,7.13464,1.31571,5.04143,0.358922,-3.66812,1.25563
6.66674,6.04944,-3.17245,-3.96959,5.33992,-2.19097,8.85262,-3.53041,5.94031,-3.95179,3.90346,6.76535,-3.16105,-6.36132,4.6128,-7.02315,-5.24037,8.14138,5.8144,-2.09265,4.34592,-4.1659,1.54022,-8.80862,-7.27575,-2.96401,-1.60847,-9.73883,9.81379,7.00441,2.55314,0.919228,-2.66936,0.775078,1.14149,9.34863,-7.40774,-1.88556,8.57947,1.91984,6.26937,1.76043,0.727954,-3.13253,-5.85186,5.74553,-0.752765,-7.22497,3.39266,7.69875,-7.11346,-6.76805,4.83315,2.71059,2.6456,2.20967,9.02037,-4.33753,9.90423,7.26063,3.44675,2.26184,-9.05688,9.33222,-5.125,-8.40116,2.34449,-8.79321,-3.63915,-1.85572,-4.47816,-5.24101,1.74392,-1.28406,9.52499,-0.469259,-6.72689,1.32209,-4.16773,8.17878,0.385198,2.50212
6.34374,7.94893,5.56195,-8.63528,4.74424,6.2363,8.65951,2.96546,2.53446,2.56819,8.26218,9.63449,-1.06546,-4.19738,-5.09457,-0.348392,-4.33132,7.71323,2.12641,-2.90926,-5.45639,-4.57087,-8.39996,1.14983,4.39032,2.63069,-0.541696,-1.38288,-3.00679,-5.47134,2.54727,7.98564,-3.27424,7.38391,9.34863,-7.84857,6.06134,6.10837,-6.49064,-0.238064,4.70496,-9.87122,9.13234,4.26263,-8.00959,9.16608,-3.53515,8.71548,-0.245189,1.45177,9.65386,7.45452,2.85763,-4.01442,6.41513,4.28366,6.77194,-6.73774,6.0718,-0.314139,0.50423,-4.04427,8.17287,-0.211902,-1.61925,-8.3176,-8.29867,5.62689,0.426377,-8.75536,-6.28837,3.06771,-4.89046,-4.13056,7.43202,-3.21223,5.79793,4.90004,9.99986,3.61274,7.44757,4.86502
8.63943,2.21267,-3.71068,-1.85286,0.308756,9.74563,-1.51053,6.53772,0.163798,-3.82258,-0.679166,-3.13767,-4.24393,0.389878,-4.54247,1.54533,-1.13996,8.29769,9.12737,3.99757,-7.18023,1.74412,-5.28583,-8.77919,-2.84177,8.79773,-9.29265,0.610865,-2.26751,-1.90185,-4.29472,-6.93779,3.03101,-8.80012,-7.40774,6.06134,-3.52959,3.47669,-4.91164,0.0479405,-6.37988,4.92016,8.22318,-4.30782,-8.96328,-2.52022,4.64908,9.14635,-6.27514,-4.35838,4.23373,9.21765,9.57972,-5.01878,-1.82469,-4.15431,-4.95597,-7.61872,9.07024,-2.04313,-7.05384,-7.76311,3.62653,8.5212,-0.0869254,3.65853,-8.18442,-0.174707,5.66011,2.77809,6.16112,-4.58367,5.03713,1.74656,5.28219,7.4856,4.87768,4.67491,9.5309,8.78581,7.05778,6.91383
3.96453,-1.23857,4.9435,7.01746,4.33997,9.97419,-7.46619,9.62372,-8.17923,-5.5805,-1.88283,-6.50215,-6.77193,5.36973,-5.91572,-2.98829,6.29057,-1.50691,2.26306,6.74815,-7.68036,2.53537,-5.24825,-5.36903,-2.8175,4.99793,9.99923,-4.38331,2.44626,0.409471,1.64705,6.37171,-3.30018,-7.5448,-1.88556,6.10837,3.47669,3.55565,4.72246,-4.0904,6.67198,-9.03305,4.77329,8.19634,7.31972,1.12838,-1.50598,5.14563,-2.65247,1.29538,5.2748,-5.55976,-7.88889,2.933,-6.85259,4.81207,-0.899833,-1.53146,-4.38362,-3.32021,-3.66595,-7.03529,-1.20988,0.553512,5.56429,-4.24492,0.6995,6.55359,-1.37959,-9.8312,6.71894,-0.276478,-4.60048,0.068748,-4.8081,0.30715,-2.67288,2.99711,-7.09615,5.9345,-4.25035,3.83724
8.91087,4.77477,-6.54101,3.87668,-0.148236,-4.04006,8.81256,4.40597,7.9405,-0.564076,7.48072,-2.87382,-5.43029,-2.95531,4.24026,8.76822,5.76858,3.6768,-9.845,6.37336,-1.75216,6.49101,2.68462,-7.75666,-0.422232,9.2425,-4.49578,9.14141,2.42903,4.91216,1.83428,5.67515,0.579961,-5.34063,8.57947,-6.49064,-4.91164,4.72246,-4.92376,6.63561,-4.72623,-5.79223,3.69829,8.91413,4.62355,8.77857,8.61264,-7.89329,-4.35048,-7.5529,0.706458,2.18106,3.18383,2.21879,0.490581,-4.26222,-6.78077,9.63899,-6.02721,2.26856,-3.95282,-1.66436,7.46272,9.30564,5.39752,-3.94226,5.64944,-7.73863,7.1335,-0.871396,-0.810915,-8.1646,6.30068,8.21398,-3.00405,-9.18084,6.04216,7.25207,9.92234,-0.312435,2.66729,5.28527
-2.96443,-4.91299,8.16113,-0.616515,7.43556,-0.663214,4.51942,-9.26017,-6.2369,-7.06305,-1.25575,7.61773,9.76534,-5.91864,-3.61076,1.29915,-0.852836,5.69844,-2.98696,-3.4162,4.13484,-0.31685,9.88077,4.54893,-4.72314,0.749841,-8.45851,-8.06069,-1.83848,5.24532,4.7421,-8.94099,-6.16594,-6.62552,1.91984,-0.238064,0.0479405,-4.0904,6.63561,7.77223,0.986874,2.36216,5.44862,-9.10282,-7.92455,8.72216,-6.37461,-3.77089,6.14858,-4.06249,-8.243,-3.73586,7.89559,-1.55592,5.5477,-9.7988,4.75638,6.49997,-0.0175413,-0.60889,3.1208,-7.33874,3.6822,-4.23122,-3.7579,-4.33325,-5.1758,-5.52299,-7.77412,6.63344,0.288769,-6.09942,-9.09127,7.6975,5.10828,7.11492,2.04933,-5.17733,9.76565,-8.12243,-7.98389,0.554989
4.68105,-8.0977,-8.98914,9.94567,-9.38889,-2.86987,2.90349,2.49134,-4.7339,7.49224,-0.702118,6.52164,-7.11702,5.84233,-1.02897,2.50662,3.16377,7.14881,-8.27849,-3.81113,7.20147,3.30116,3.24266,-7.56607,6.70133,-2.21121,3.7505,3.76,6.41162,2.52836,3.41169,-9.79021,-4.46597,8.43681,6.26937,4.70496,-6.37988,6.67198,-4.72623,0.986874,8.82209,0.467101,-0.506862,-6.9989,7.73625,-1.94362,-3.92476,-1.60057,-7.87067,9.33034,-6.68162,8.44086,-6.34633,-6.19922,-2.26828,2.7293,-4.02194,9.85482,-9.81413,-6.97224,7.81221,-3.23237,4.21167,-5.97053,9.73001,-2.97693,2.79798,-4.82697,7.69518,-4.76386,-4.16255,2.15689,-5.30672,-4.77486,-3.8533,6.22839,-4.43879,9.90257,-6.55334,-8.72146,7.84766,-7.5613
-4.91343,-2.0446,-6.38512,0.113302,-7.02551,-6.77755,-6.76817,3.87449,-0.970593,-0.813289,-2.42691,-5.60509,-3.5535,8.73962,-9.65784,-8.55821,0.418261,2.58363,-0.0921006,5.33135,8.94708,-8.26736,-1.27003,-7.75056,6.1107,0.51986,-5.7307,-7.66357,2.93376,-8.36121,2.12835,7.47441,6.53369,-3.89066,1.76043,-9.87122,4.92016,-9.03305,-5.79223,2.36216,0.467101,9.80403,0.863703,0.33496,4.58901,8.18781,-7.36637,-0.842108,5.65351,9.91586,3.34608,-4.09519,-5.71998,4.42625,1.66118,4.0369,-1.8033,-0.828149,-9.28656,-1.17833,6.37798,-6.1683,6.9657,-9.95131,-7.49029,6.06461,-3.29755,-9.67145,9.88781,1.57187,-0.533205,0.149326,7.07806,-0.463675,0.182633,2.77127,-9.05097,-8.86497,-7.0325,7.81818,5.11729,8.20129
2.92189,9.5909,5.61709,2.45001,-3.43558,-7.73254,-3.8762,-3.56212,0.427978,-1.20324,-1.27153,-3.21392,-6.58265,1.94892,6.11288,2.0511,-8.35387,7.13875,-8.15175,-3.97938,-2.42744,6.00047,-9.25141,-7.4317,6.45348,-1.7172,-6.7702,-5.79025,-7.1604,4.8079,-2.52816,0.405242,-8.06228,-1.521,0.727954,9.13234,8.22318,4.77329,3.69829,5.44862,-0.506862,0.863703,3.38369,2.36731,-3.81859,-2.53182,-7.02451,-9.05969,-9.42147,-4.40403,7.95383,0.519931,-6.40479,3.95968,8.02462,-5.87462,-8.32743,-7.01158,3.77015,-2.46988,7.36152,5.53457,-5.01118,2.13885,-0.996712,6.64401,5.22255,-8.37146,-6.23679,-1.71543,9.78639,4.26364,-6.18564,3.37938,9.47369,6.67458,5.03345,1.89515,7.56901,-5.38171,9.89028,8.30964
7.82929,-9.73007,6.42278,-2.57417,8.16492,-6.502,-0.828847,7.31295,7.48453,2.73003,5.36534,8.62196,-8.97873,-1.94244,-7.16402,3.18505,6.66124,3.7368,5.60595,-9.98128,5.52553,-3.47133,4.9466,-2.45479,-6.10013,-7.40911,3.8338,-9.57297,-2.79383,-2.92014,4.78,4.85449,5.91117,3.55914,-3.13253,4.26263,-4.30782,8.19634,8.91413,-9.10282,-6.9989,0.33496,2.36731,6.98245,7.52461,5.44928,5.40241,6.05063,-1.76271,-6.99559,-1.53866,8.03299,-9.9279,3.34224,-5.68404,3.58703,6.8994,2.5976,-5.55398,-7.60282,-8.67623,-1.67424,8.83281,-3.27848,-1.64634,-0.0614069,5.7951,-0.406582,4.43025,-7.23265,-0.266282,-5.73143,2.98971,-3.79116,5.8408,9.58483,6.6648,7.36551,-3.62561,-3.85392,-4.26586,-6.92363
-7.60422,4.55041,-0.109987,-6.56052,-3.80237,-0.851249,9.88669,2.67745,1.14642,-7.90993,2.2955,1.41105,-4.83393,-9.27879,-5.16483,-3.9713,7.28674,-5.18327,0.201023,3.93801,-6.18784,-9.67674,9.32311,-1.85561,0.24051,-3.95526,4.22216,-3.43645,-9.10591,2.40919,-0.5239,9.82285,0.902157,6.49015,-5.85186,-8.00959,-8.96328,7.31972,4.62355,-7.92455,7.73625,4.58901,-3.81859,7.52461,6.08033,4.63472,-2.30909,-8.99149,5.77976,-1.27164,6.93947,4.50922,4.78886,5.76739,-3.4444,2.22054,1.07379,0.474119,-9.69044,4.631,-7.05414,-1.89231,-6.49558,-5.8599,-6.67153,8.75442,3.98485,-2.28189,-7.12017,-7.57485,0.912624,1.25855,-3.07282,5.45309,1.519,-9.86322,-7.56919,-2.27857,5.16943,6.75489,-6.82729,5.69939
-1.78712,4.63259,6.63378,-5.72186,-9.87972,-8.13743,7.51025,8.16148,-0.643286,-8.48566,1.13705,4.3842,8.9429,0.169246,-5.30786,-0.00415164,-4.47238,-8.51902,-3.55687,7.76632,7.91875,-8.46017,-1.14957,1.87219,-8.78789,-5.35986,6.31679,2.72166,0.925592,4.03884,5.52716,-1.49022,5.30456,-3.36449,5.74553,9.16608,-2.52022,1.12838,8.77857,8.72216,-1.94362,8.18781,-2.53182,5.44928,4.63472,-6.10498,-1.87982,2.82288,-2.82201,-4.31349,-8.86022,-6.64999,0.506231,5.95607,2.15261,3.34432,-4.60724,5.31714,7.44474,9.79874,-3.37555,2.42627,0.698019,9.13545,-4.90479,-9.42521,-9.95993,-8.12934,8.25043,-2.73398,1.50567,4.41654,-5.79204,0.108848,1.969,-5.9293,-6.09707,-7.6279,7.64099,1.06115,-8.31495,7.06577
4.14898,-5.72071,-0.552632,5.32485,0.984494,2.90332,-2.21444,-0.409122,-7.06988,-2.88665,7.62767,-4.65245,0.981214,9.47151,-1.92273,-0.208498,-8.9689,-4.59115,-8.68851,-2.18019,-3.68475,-6.59964,-5.24453,4.08054,4.03493,2.71087,1.73432,-7.73486,7.2246,1.40509,-8.80283,-1.94288,7.04158,1.89839,-0.752765,-3.53515,4.64908,-1.50598,8.61264,-6.37461,-3.92476,-7.36637,-7.02451,5.40241,-2.30909,-1.87982,2.42309,-5.91503,8.34246,-0.958697,-5.56299,7.31503,-4.61133,7.4159,7.84931,0.614481,9.27342,-6.14593,6.64357,-8.67416,-2.91382,9.90974,-9.63965,-3.04512,-6.94017,-2.51978,9.01551,2.94662,-9.31815,6.20618,-1.8326,-9.77388,-8.05054,-2.09465,4.41049,-6.7913,1.73988,5.98183,3.43144,-0.67056,-8.65682,7.28745
-2.15046,-7.12486,-8.06425,-2.22487,9.32098,1.39634,9.64019,4.78086,6.68821,-8.75666,0.612915,2.24464,-2.2612,-2.46825,-6.77104,6.33512,-8.5623,-6.79182,0.825831,-1.21679,5.5473,1.09408,7.90961,-9.95573,-4.81267,-0.622217,2.94756,-0.861539,8.6253,-6.57962,7.14192,-0.400718,9.80694,3.27237,-7.22497,8.71548,9.14635,5.14563,-7.89329,-3.77089,-1.60057,-0.842108,-9.05969,6.05063,-8.99149,2.82288,-5.91503,-7.92155,-9.76946,4.76915,-1.06585,-4.28866,-0.916197,-8.03345,-9.39095,-1.3855,-0.240952,-8.73673,8.43082,-0.474128,2.22908,2.53397,-4.59535,7.64302,-0.848496,3.33306,-2.35341,5.81348,-2.70362,-0.807765,5.16585,-7.98344,9.43739,0.882219,1.02342,7.75281,-0.0960158,1.31794,0.910598,5.8544,9.26206,5.5214
-1.15553,5.98642,-7.80115,2.55728,0.0455432,-7.87146,-8.75376,2.5931,-0.37884,2.31809,6.74972,9.5296,5.75705,8.36377,-2.92968,1.81471,-4.12249,8.44006,-5.81609,-9.49178,3.04549,-3.38564,6.63766,9.73453,-5.59484,-9.34606,-7.80437,8.98755,2.96459,6.81472,-2.22002,6.15518,3.25781,8.23848,3.39266,-0.245189,-6.27514,-2.65247,-4.35048,6.14858,-7.87067,5.65351,-9.42147,-1.76271,5.77976,-2.82201,8.34246,-9.76946,5.36711,2.67056,-2.5232,9.59689,-1.56591,7.93978,-8.39915,2.41836,-5.99624,-7.21751,1.81876,9.07281,-2.55172,-4.18642,-2.95369,-4.54599,-3.98924,5.644,-5.13295,1.26815,7.31381,-7.44096,1.70239,8.61414,3.71293,7.65916,-7.77198,4.94674,3.98833,7.06379,-0.0734381,-3.87454,-7.9509,-4.11978
9.34635,-9.18495,7.71443,-9.63085,0.987516,-4.57746,1.41307,-0.915438,-7.52167,3.74568,-9.38828,-9.13636,-6.96284,-4.79879,0.6024,0.685144,-0.631791,5.93237,1.98211,-5.4471,3.62377,4.51714,-4.39468,4.58934,-1.07856,3.68945,5.10576,-6.17216,-4.71334,-4.47359,-1.11769,1.52272,-8.03087,3.85702,7.69875,1.45177,-4.35838,1.29538,-7.5529,-4.06249,9.33034,9.91586,-4.40403,-6.99559,-1.27164,-4.31349,-0.958697,4.76915,2.67056,-6.01419,1.13646,-5.26653,-8.3056,-3.2992,1.51733,-9.7614,1.39778,-0.0776731,-5.44229,2.29879,0.782865,0.637787,2.42422,5.50613,-5.27019,-1.25625,8.99596,-5.9367,9.84393,9.23889,-8.86968,-5.61868,3.52055,-2.0878,-0.384479,3.7689,0.612433,4.8776,0.399968,6.80538,5.87138,4.40182
-2.65329,-7.23392,0.657389,0.63986,5.97975,-4.36482,-9.21195,-3.13744,-4.88707,-6.99114,4.54095,7.95266,5.26259,2.65141,3.4524,-9.64085,8.23148,-0.792221,-7.27787,-6.90443,7.76697,4.44409,6.80485,-5.87492,1.63984,-2.69227,-5.40632,5.83159,-3.66834,-2.76699,5.43857,-1.83305,-6.46303,7.1419,-7.11346,9.65386,4.23373,5.2748,0.706458,-8.243,-6.68162,3.34608,7.95383,-1.53866,6.93947,-8.86022,-5.56299,-1.06585,-2.5232,1.13646,-4.9565,-4.07217,-4.27009,9.44283,0.112717,-3.5872,-9.52408,5.07356,-8.34655,-4.67195,-3.77247,5.09726,9.66462,-5.22638,6.87595,2.41492,6.56479,7.91376,8.91663,-4.54665,-3.43178,7.4406,-8.94641,-5.16708,-0.650921,-3.55527,-1.73494,6.5334,-9.5503,2.90716,2.68026,0.513775
-3.19526,-4.25396,0.0634818,-6.80497,2.88425,5.34736,-4.90006,0.770728,-8.06336,3.3954,-2.59615,6.88506,-9.41007,8.69373,4.37325,-8.22308,4.78648,5.82594,8.47183,1.71003,4.69577,5.34263,-0.643462,-8.95249,2.92221,-9.37149,6.71171,-3.45672,-3.92515,-9.6998,-3.52395,-5.18799,4.51524,5.36708,-6.76805,7.45452,9.21765,-5.55976,2.18106,-3.73586,8.44086,-4.09519,0.519931,8.03299,4.50922,-6.64999,7.31503,-4.28866,9.59689,-5.26653,-4.07217,-0.640256,-5.27517,-5.92646,-6.10359,0.104357,-5.13918,-1.26255,-0.162495,-3.14378,0.00805614,2.82143,0.49485,-6.35513,-4.01199,-5.46973,4.10625,-5.15966,-1.69642,9.49433,-5.32041,-5.23453,-1.93624,8.34531,5.4097,-4.91416,8.3654,-5.5703,2.45646,-0.817776,9.10806,3.06496
0.0593587,-4.57238,-3.33012,4.82777,8.75285,0.23774,-5.53598,1.02261,5.39267,-8.77287,8.62686,2.90656,-8.60717,-6.41327,-3.22076,4.42051,6.48109,-6.96872,5.5939,-5.35789,-5.89161,3.75491,-4.19584,4.60938,-6.04881,-1.00202,6.74916,-5.90117,-5.24115,-3.69463,-9.57949,6.39775,-5.81068,4.89502,4.83315,2.85763,9.57972,-7.88889,3.18383,7.89559,-6.34633,-5.71998,-6.40479,-9.9279,4.78886,0.506231,-4.61133,-0.916197,-1.56591,-8.3056,-4.27009,-5.27517,1.86597,-8.29895,0.835011,-4.92828,1.40582,5.4675,1.01247,1.43746,-3.29998,3.23318,-8.02031,-1.45958,-6.1232,-2.9111,1.3695,8.11049,4.10819,-5.91133,7.90959,9.46222,-7.49423,-3.72073,-0.810773,9.08747,-7.74597,2.45574,6.32689,0.673472,-8.51034,-7.27331
8.7426,0.875729,2.03408,4.72793,6.98093,0.459912,2.24406,7.72879,-6.18439,4.81913,-8.18303,-5.74529,7.32368,1.24814,2.09342,-8.31927,2.4292,0.622374,6.31864,-3.5061,1.8392,1.61609,0.893692,5.76111,5.02116,-5.63263,-9.25627,2.47652,-7.68635,3.98879,-7.4473,9.83844,8.23742,-6.24619,2.71059,-4.01442,-5.01878,2.933,2.21879,-1.55592,-6.19922,4.42625,3.95968,3.34224,5.76739,5.95607,7.4159,-8.03345,7.93978,-3.2992,9.44283,-5.92646,-8.29895,8.48504,5.05961,2.25717,-1.42028,-9.47924,-9.53957,-8.05837,0.397252,-9.82531,-1.58161,7.57785,-9.34602,2.83138,6.66765,-3.00194,3.27802,-7.42878,7.47746,5.35915,-9.94174,-6.44029,-0.177678,-5.09182,2.19579,-9.15776,-6.6021,7.6465,-5.93386,-9.76158
0.26976,-5.85993,7.17883,-9.20834,-3.17274,-2.02393,-0.786687,0.239932,6.56605,2.7597,9.32384,0.50482,6.63096,-8.38524,5.62748,2.72959,8.07584,4.35045,-2.42031,-5.34762,-8.38949,-2.11096,-1.47631,1.57223,-6.04681,-3.69264,-7.34114,1.75194,9.0793,0.00946123,-6.17251,4.42916,3.37107,4.03033,2.6456,6.41513,-1.82469,-6.85259,0.490581,5.5477,-2.26828,1.66118,8.02462,-5.68404,-3.4444,2.15261,7.84931,-9.39095,-8.39915,1.51733,0.112717,-6.10359,0.835011,5.05961,1.78421,-3.93079,-5.87939,7.33819,-7.67122,5.56359,-3.21729,-6.82786,-1.14571,5.16498,5.06405,4.21159,-8.43744,2.54784,8.28712,-4.34272,-9.74105,9.84932,-4.95498,-8.63057,-6.36129,3.03509,6.92959,-7.73135,-2.82756,-0.526481,4.63132,6.87936
0.391212,2.37352,1.78097,8.58779,-1.2039,-5.22923,-0.028624,2.93948,-8.42391,-6.78468,-9.17107,-9.75813,0.257427,-6.14366,2.78542,5.53363,2.91689,-0.0803509,-8.94739,-5.84742,-2.45024,6.95391,-9.17853,-1.35338,3.33295,9.90437,-8.90054,0.879751,-5.13472,-6.35699,-8.80212,0.280718,6.48382,1.25608,2.20967,4.28366,-4.15431,4.81207,-4.26222,-9.7988,2.7293,4.0369,-5.87462,3.58703,2.22054,3.34432,0.614481,-1.3855,2.41836,-9.7614,-3.5872,0.104357,-4.92828,2.25717,-3.93079,-2.45679,-1.9172,8.43529,-2.62623,-5.20288,4.31631,-0.590718,-3.80096,5.37548,-7.91193,3.62297,-0.817651,-6.49754,-8.20002,8.27521,1.07678,9.30028,-1.3242,-7.54924,-9.95727,-5.43958,4.61556,9.22053,-9.55388,-9.14216,6.58195,-1.66383
-2.48415,0.502517,6.19013,-6.21725,6.72544,-2.54377,9.28765,2.45429,7.24219,-1.37302,-2.49533,-2.49981,-0.805555,9.79642,-3.0132,9.6272,3.16971,3.68501,5.92919,3.59839,9.43233,-5.5572,4.47433,-5.16775,-1.18394,8.2212,-2.92099,7.40755,-1.0138,-1.81332,1.10579,-6.30594,6.67902,-9.38328,9.02037,6.77194,-4.95597,-0.899833,-6.78077,4.75638,-4.02194,-1.8033,-8.32743,6.8994,1.07379,-4.60724,9.27342,-0.240952,-5.99624,1.39778,-9.52408,-5.13918,1.40582,-1.42028,-5.87939,-1.9172,9.59905,9.32154,6.00412,-2.58588,-2.57698,4.07244,-4.95212,-9.58656,-5.16004,-9.30802,-6.29319,-2.61211,-4.50391,2.35671,-6.59998,7.88918,-8.65862,-3.58217,0.563273,-2.12,1.73731,-1.03488,7.7291,5.06891,-9.09178,6.68121
