-0.195169,-6.21031,6.01925,-9.2609,-1.35204,3.83598,-0.645858,5.56633,8.38074,-1.64626,5.28914,5.01837,-8.30884,-9.28204,-9.67025,-6.20665,7.2186,-8.85234,8.73279,-5.78797,-7.80227,1.31546,-0.998454,-3.07878,-5.41533,5.53291,4.04553,4.50193,9.67723,4.73399,-9.66322,-0.745609,-9.04376,-3.30178,-8.58093,9.18018,-6.25109,3.65419,-2.88895,7.09872,6.80973,-9.31984,9.44231,0.278749,-3.21947,-2.83617,-4.41943,8.46838,-5.10619,-2.97221,-4.79505,-4.99365,-5.82202,-4.483,6.19624,4.68788,6.30072,-8.98919,8.68588,5.90372,-3.04861,3.7705,5.39474,6.51688,3.5209,2.61523,-2.41924,3.52089,2.59625,-4.7777,9.44445,-7.96731,4.05124,-7.12498,6.59147,1.10974,-3.56412,-3.11993,-3.16105,-6.78373,-1.71965,6.59457,7.11186
-6.21031,-1.54035,-4.1009,-1.12966,2.60455,-6.41345,-4.67092,-7.66772,4.48434,9.7043,-7.28532,7.5019,0.383563,3.72943,-2.45497,-1.73878,-1.5012,-2.39593,-2.24045,-1.03932,8.06169,6.83946,-6.98896,9.80193,6.61594,-8.35477,-0.4389,0.985991,-7.27058,-9.70255,-8.30884,3.43649,-2.24998,0.938094,8.84617,-6.24327,-0.517574,7.94934,6.15589,-0.655178,-6.16432,-6.54711,-7.04807,5.07761,-4.01169,6.26224,6.38324,3.63477,-5.95135,4.3109,-8.63681,-0.202885,-6.56423,9.04663,9.99841,0.409907,5.82943,-1.33632,-5.50245,-2.31507,4.95816,-1.82712,6.81258,-9.60898,-0.45014,8.58907,-9.64307,-2.03751,2.7802,-0.0327889,-1.10583,7.28576,-3.7756,-8.99612,-4.05799,9.1508,-5.73032,4.51279,4.30812,-2.15252,3.09828,-0.502316,-4.29404
6.01925,-4.1009,-6.54334,-0.822211,2.38063,-8.49688,5.57252,9.66848,-6.12447,-9.03961,5.16276,2.0488,-0.485701,5.01507,-7.23659,5.84668,-4.50083,4.24216,4.86679,7.43207,-2.91662,-1.78489,-0.847519,-2.3971,6.09423,5.88673,3.88373,3.00063,-0.311906,-8.04438,-1.74579,-0.436273,-1.42748,-4.24817,6.60078,-8.4864,-5.63751,-5.75001,9.58892,0.0208523,7.39682,-5.97214,0.841422,3.51485,9.75296,6.76201,8.31221,-9.92839,6.39956,6.74642,4.62066,-1.60666,-9.61365,1.30322,-5.36237,-4.18174,0.811296,-1.81831,3.36874,-6.70939,2.7911,-5.9471,-4.35141,-5.67041,6.39566,-5.36557,-2.86564,-6.82019,-0.29734,3.98803,-6.81228,7.69906,9.9487,6.08851,1.84126,8.17216,-1.02631,4.78909,-7.69822,-9.28608,-4.52199,-6.33968,-2.54951
-9.2609,-1.12966,-0.822211,5.8663,9.84092,0.567801,0.691024,1.95942,2.92131,6.20366,-0.649,-8.65276,6.85432,4.76067,7.41087,-1.13007,-1.33112,4.6427,-4.91889,-8.92961,-6.02947,5.54968,9.70168,-5.79793,0.734806,-6.20934,-8.08619,5.3611,-7.60292,5.72059,-8.08691,8.83586,7.77972,-0.533538,8.49727,9.66052,5.99555,-0.243184,2.77172,7.21683,-0.993913,-1.76487,-4.36625,-1.19379,0.98591,7.57918,-2.00522,2.48989,7.32658,-7.73768,-5.00222,-6.44353,5.97058,-0.301429,4.76471,6.02718,-1.30857,4.11418,-5.79596,-3.00639,-2.85572,2.10765,9.55652,4.497,2.44593,8.31006,-5.07609,-0.300747,8.72921,-1.84736,-3.10056,6.78255,-4.55563,-0.261665,0.984404,9.78943,-3.78311,9.53139,5.59344,-5.13284,-6.27145,-8.84747,3.68996
-1.35204,2.60455,2.38063,9.84092,-9.35323,6.11231,-1.31324,-3.68664,-6.07053,7.56923,-5.04578,-2.97497,4.6066,-2.14737,-7.55452,-2.2368,-2.01869,3.72094,-8.34276,-3.27938,3.17224,9.67653,-0.982713,9.62174,8.54029,-7.49175,-3.02833,-6.45872,-6.88433,-5.99858,-5.68372,-6.30208,2.62606,0.859193,4.28105,4.41829,6.01243,3.14433,-3.40036,6.48378,1.23283,3.14536,-7.94148,-7.57769,7.47884,7.58225,-0.196822,-7.81898,8.90029,0.201784,0.605021,3.69067,5.46149,6.74054,0.703188,1.43219,-1.53393,-4.73513,-4.54253,-5.20644,-8.81172,4.1929,-8.32578,9.2469,-6.73653,-7.86912,2.40323,-3.23263,1.88128,-9.91214,-3.61891,1.84099,5.3039,-6.03706,5.37913,3.18468,8.82395,-6.95318,7.31093,8.10339,-3.99615,4.73022,-3.94031
3.83598,-6.41345,-8.49688,0.567801,6.11231,-7.85764,0.918962,9.57501,-8.87038,-2.94943,4.14245,-6.7497,-4.18029,-8.48504,-1.41692,-9.60455,7.288,0.886521,3.41714,1.57525,2.41792,-7.04389,5.38819,4.17626,-5.45713,-8.74695,-6.7518,2.1926,9.05248,4.32261,-8.81536,7.24675,3.84156,8.68952,5.79885,-6.58797,8.1554,-6.74284,-2.61536,-4.95593,6.42538,4.1064,0.275574,-1.67657,-1.92783,-0.781331,3.65786,0.221226,-0.841791,-8.88463,-1.41205,8.23961,7.59195,-6.93171,3.94795,-2.6445,6.44256,2.53562,-7.04212,9.40152,1.44031,2.67815,-1.16145,-3.87412,-9.76193,-3.4232,-8.2893,5.63514,6.80386,7.65142,-1.88823,-5.66645,-2.52593,4.47484,9.71005,2.70437,-6.93914,6.85477,1.82326,-2.99386,2.2187,-4.04497,1.38596
-0.645858,-4.67092,5.57252,0.691024,-1.31324,0.918962,8.33814,2.55627,6.52653,-3.691,4.87618,7.8238,-3.59852,-2.8359,-5.67991,8.00746,6.40089,-7.5759,-8.90973,7.92419,0.415176,-3.93785,7.4738,9.13644,-1.70001,-1.47814,-9.48321,5.71916,0.654587,-4.47845,0.272239,-6.8585,-2.79343,-8.66542,-7.65183,1.17581,-3.70385,-1.96074,-9.18314,-5.10059,-1.77257,8.50118,-8.8735,6.1757,-4.4017,6.37458,1.6178,-2.14555,4.24785,-5.75055,2.07453,-1.20461,-1.89637,-9.8104,-8.69099,2.86268,-4.20456,-0.0148507,9.29103,9.9015,9.42558,-2.04905,4.05962,5.42535,-3.27879,3.64342,-9.18468,4.27853,9.97817,8.78622,-6.4183,2.14052,-2.6703,-8.77128,4.37956,-9.61832,4.98526,5.42076,2.91954,-5.0341,-7.78723,1.92522,9.16917
5.56633,-7.66772,9.66848,1.95942,-3.68664,9.57501,2.55627,-1.92102,2.54007,5.83564,-1.30712,-1.1355,-4.36868,6.25609,8.19256,5.66951,5.99035,2.82754,1.67014,-1.83462,-7.85095,-0.865851,7.15476,6.60606,-9.36968,-6.20356,-2.83948,-8.99118,-7.29199,3.58749,-4.36786,-7.20213,0.199992,-9.94736,-7.13331,0.868008,6.51138,1.34942,7.81017,-8.03733,-3.86716,-8.20756,-6.3197,-0.259641,-3.27428,-9.72505,0.81622,-9.10857,-4.9169,4.23604,-0.388072,-3.94962,-9.60161,-5.2718,-8.18592,6.64394,-8.40878,3.72538,6.89879,9.4142,3.93629,8.46928,2.72695,0.763993,5.72305,2.90024,8.11373,-1.91773,6.11722,6.00794,7.46949,-4.04719,-9.31326,6.47165,1.55769,7.9718,4.90294,-4.89527,-2.81184,3.81928,1.03632,-8.89448,2.37795
8.38074,4.48434,-6.12447,2.92131,-6.07053,-8.87038,6.52653,2.54007,3.29608,-4.6177,7.41452,-5.54714,-2.80548,8.76492,-8.51021,-2.02247,4.12588,-9.41509,5.67063,-5.15255,-4.92546,-2.7772,9.29854,-5.35513,-1.22155,-3.45219,-2.46431,-3.17718,1.27463,-9.79865,4.19353,-2.52459,-1.03998,4.43221,-8.49615,-0.358066,-0.711906,-3.61218,-4.76944,7.79075,-4.59896,-7.78573,7.04064,9.19129,-1.17338,9.67489,-8.1479,-3.2885,0.426021,-7.13978,-7.01434,-4.81439,2.67891,4.3124,8.34044,5.42553,-6.00506,1.90608,-9.92791,0.105845,3.56779,-7.47273,8.61311,-2.41523,1.56631,-6.5322,0.810731,9.87105,3.17919,-3.78767,-1.09813,-6.36411,4.86657,-3.59697,4.55848,8.55764,5.84457,1.07871,-8.28069,4.79627,-6.78387,4.12305,1.43147
-1.64626,9.7043,-9.03961,6.20366,7.56923,-2.94943,-3.691,5.83564,-4.6177,-7.33816,9.97793,5.13234,-4.1897,-7.18881,-8.4149,8.05026,-7.20973,-4.4711,0.35986,-1.37834,0.0365338,-9.17824,-1.23862,7.94651,3.48758,-3.95894,-7.82737,7.96893,4.22447,9.89715,3.23412,8.64452,-3.17419,3.91877,2.68187,2.01687,8.04367,6.55318,5.89718,-9.84603,-3.30498,1.4971,-8.24913,9.54186,8.71047,-8.42686,-6.1013,-6.0849,-1.75778,2.31368,2.37972,6.22254,-4.60675,9.40657,2.60218,-1.1441,8.9116,-3.52665,8.98426,-3.49948,4.49313,-1.09659,7.98058,-7.39278,-3.56947,-2.8767,-2.03984,-5.03086,-6.4479,2.33942,-6.1624,6.75155,0.426359,3.24745,-6.14821,-9.21385,2.00547,3.59349,2.81509,2.76164,1.5049,-3.78642,-4.67141
5.28914,-7.28532,5.16276,-0.649,-5.04578,4.14245,4.87618,-1.30712,7.41452,9.97793,-0.616693,1.64078,-5.3809,-7.9943,-6.85479,8.28318,6.66933,-1.67048,-0.342061,-0.892071,9.64759,-6.44169,2.20038,6.86103,-4.11107,-3.38696,-9.77172,-9.50793,6.87497,-5.62665,4.50227,-5.33738,-1.97047,7.01182,-0.922904,1.52816,-8.58819,-9.13933,-0.937689,1.80904,0.51218,-1.10968,0.722694,0.119498,2.90148,-0.0548936,5.02464,0.221979,-0.130473,5.61524,6.24551,7.18673,-9.52685,-4.13901,-4.88088,-1.21612,-3.4764,3.3581,-4.60439,-5.99831,1.69235,1.93169,2.01037,-5.77447,6.35343,5.6749,1.89886,5.68128,2.13617,-1.23867,8.48233,-7.14588,-1.6233,-2.84805,3.66907,-2.63062,3.50833,-3.29142,-9.75285,2.0272,4.72036,9.18957,-9.68568
5.01837,7.5019,2.0488,-8.65276,-2.97497,-6.7497,7.8238,-1.1355,-5.54714,5.13234,1.64078,-3.86036,2.44055,3.13843,3.28791,5.85012,4.24697,-7.58242,-2.46365,-8.48163,9.57365,7.15086,8.04555,1.23798,-3.96821,5.75272,2.3206,6.9608,-0.639473,-2.40589,2.43654,-6.14203,8.24033,-1.49889,0.89683,-1.61377,4.45097,9.09671,-7.98121,9.31989,5.29858,-2.48333,7.3915,0.126022,9.49283,-7.21569,-2.70348,-6.30372,6.01357,-8.01892,-2.86942,-0.300818,-3.10672,3.56639,-0.430274,5.5013,-3.44616,9.32012,7.74309,8.61681,6.81362,9.89552,-4.05638,2.35629,-0.752707,7.44981,9.04515,4.92462,5.5361,8.22833,0.685736,-1.92801,-4.08154,7.32383,-5.25327,1.46451,-9.76039,-8.87735,3.60623,8.73426,9.73902,-6.01105,-2.31708
-8.30884,0.383563,-0.485701,6.85432,4.6066,-4.18029,-3.59852,-4.36868,-2.80548,-4.1897,-5.3809,2.44055,-1.04937,-5.53031,-5.14841,2.12075,-1.72883,6.73254,6.96898,1.52267,8.21651,-7.39495,1.18175,5.63824,4.92449,3.18573,-8.98832,-4.40383,-7.16958,-4.41447,-0.0451808,-7.46334,3.01748,-0.408121,-7.7208,2.0498,3.16677,3.49164,5.73117,-8.37592,9.91773,-3.12981,7.20475,1.25454,1.38639,-1.31522,6.42084,6.99052,8.61601,8.78561,-2.06897,1.62458,-7.15199,-9.76431,9.19054,-2.03419,5.63676,7.49439,8.65879,8.999,-7.71842,-6.43375,2.62093,-1.13252,2.93396,-5.94498,6.65601,-4.35338,5.13996,-5.03617,-1.40536,-2.79821,-3.52516,-0.93812,7.07371,6.14437,3.55606,1.02326,8.7594,5.49985,4.44087,-9.93634,-6.53674
-9.28204,3.72943,5.01507,4.76067,-2.14737,-8.48504,-2.8359,6.25609,8.76492,-7.18881,-7.9943,3.13843,-5.53031,-2.99109,-6.97127,-7.69689,-5.86984,-3.94528,5.21109,7.45848,0.52812,-0.50382,0.320522,8.70551,-8.84012,-3.58366,-0.314525,-8.74155,3.61684,3.43854,7.64946,7.17684,9.89441,4.87188,-7.70036,9.02853,-4.18999,-9.12854,-1.33806,-6.92319,-1.70362,7.8129,-4.00818,0.743284,-1.9561,0.904511,2.12315,6.01764,7.94952,-2.95446,7.40494,2.13282,-0.715761,1.27542,-3.17238,-8.17342,9.73195,8.00233,0.534862,-6.59421,7.39282,-5.43946,7.65064,-9.05909,-9.12975,4.30774,4.94997,8.22865,4.052,6.64362,-4.16011,5.47818,2.27505,6.81433,-7.42077,-3.5514,9.0203,3.06473,-7.0558,-2.78371,0.333037,5.47476,-2.59061
-9.67025,-2.45497,-7.23659,7.41087,-7.55452,-1.41692,-5.67991,8.19256,-8.51021,-8.4149,-6.85479,3.28791,-5.14841,-6.97127,-6.60914,-5.82552,-1.00015,8.65381,-5.51229,1.1555,-7.92897,5.12458,3.61717,-2.56793,-8.34135,3.55968,-5.082,-2.80981,-6.18362,8.11018,0.487673,8.46374,-4.2959,-2.77205,5.14815,5.57859,-5.15417,2.26491,-7.16978,-4.28755,-1.60102,-8.5472,6.15112,-1.53385,7.61968,0.212424,3.00738,-3.52176,9.8604,-1.55812,-7.26884,-3.75234,-2.78663,-9.35141,-3.67822,7.15335,8.83147,-8.36513,6.65203,-4.00808,4.61981,-4.55359,7.1528,-9.79599,6.56198,-9.07632,7.2086,-0.829243,-1.85051,-0.442365,-3.83308,9.45049,3.96902,-7.70619,-2.62509,-7.13151,-7.50803,1.91863,-0.211504,1.19711,0.317332,-8.65296,8.25313
-6.20665,-1.73878,5.84668,-1.13007,-2.2368,-9.60455,8.00746,5.66951,-2.02247,8.05026,8.28318,5.85012,2.12075,-7.69689,-5.82552,7.69107,-6.97877,7.95583,-3.85116,4.20623,5.24291,-1.52845,-2.79293,6.84806,0.0203145,8.77585,4.25331,-6.02251,-3.25468,2.61477,-7.03458,9.03178,3.28012,-7.33651,9.01032,-4.2507,4.33196,8.96152,7.34111,8.72372,-2.13496,-1.73781,-2.09882,-6.14947,-3.39429,-5.49206,2.63928,1.90927,3.84677,9.11354,-0.60209,4.01536,8.42182,2.94239,5.50073,-2.70758,6.84347,7.19056,7.77068,2.23739,-3.1793,7.3925,-5.47754,5.71888,-7.69342,-9.0847,-0.0303307,-8.75063,3.18089,2.585,3.65435,9.22103,-9.73574,6.97893,8.86084,-2.65583,4.8907,-2.78836,-4.06503,-3.66418,-6.45429,-3.26623,-8.5665
7.2186,-1.5012,-4.50083,-1.33112,-2.01869,7.288,6.40089,5.99035,4.12588,-7.20973,6.66933,4.24697,-1.72883,-5.86984,-1.00015,-6.97877,4.42156,1.59612,-1.08867,-5.45494,7.39311,-8.09709,-9.64449,-2.10276,1.86467,-1.03512,-0.158442,0.809355,4.27463,6.03882,1.32887,9.6297,-4.5284,-5.96067,1.64503,4.51032,2.14843,6.47038,-1.74309,1.77375,-8.82414,-6.35048,8.44667,7.4924,-1.56584,-2.44973,0.0206303,-0.422007,-9.34812,-9.21603,2.74453,2.26418,-6.56962,-9.3487,8.10725,-3.12988,3.25713,9.00889,2.59537,-7.73435,9.54805,5.46076,8.93704,0.151966,-8.62914,-1.32006,4.24675,-5.4221,-0.67102,-7.90886,4.7636,-2.71665,3.93886,-1.64598,-4.57891,-1.61562,-6.27683,2.96024,1.87771,8.01231,-9.07346,-0.771237,4.10054
-8.85234,-2.39593,4.24216,4.6427,3.72094,0.886521,-7.5759,2.82754,-9.41509,-4.4711,-1.67048,-7.58242,6.73254,-3.94528,8.65381,7.95583,1.59612,-4.30744,3.3457,-8.34077,-7.22741,-4.28229,-5.18903,2.0647,1.75903,0.107656,-3.8859,7.34616,-3.58256,-4.46387,0.861972,9.12129,-4.69811,-2.69346,9.08744,3.57195,-6.96494,-5.89067,-4.97697,-3.96531,1.14511,-9.93015,8.2895,1.40762,3.75205,-5.78065,2.0206,-4.83111,8.74388,1.82744,-3.80801,5.48122,-4.41285,9.36724,4.69693,-3.69629,0.679911,-6.01149,3.84867,9.82807,-2.58367,4.71986,-3.6725,-1.52955,-7.8157,-5.19153,-6.87033,8.79376,-2.87729,4.73254,-1.0219,-1.45437,3.5138,-7.28871,-2.12191,9.16849,-9.97911,1.55961,-3.23861,6.40334,-6.91746,-9.62541,-3.46844
8.73279,-2.24045,4.86679,-4.91889,-8.34276,3.41714,-8.90973,1.67014,5.67063,0.35986,-0.342061,-2.46365,6.96898,5.21109,-5.51229,-3.85116,-1.08867,3.3457,-4.22479,-2.43692,3.7899,3.45482,-0.732536,9.14924,6.9298,-0.246356,-2.94602,0.134698,5.82538,5.24913,-3.06416,8.2277,1.75626,-1.2757,-2.64095,0.391297,-1.53442,8.40178,2.59076,1.43542,-4.64434,-5.28501,5.90851,-5.72675,3.91506,6.00807,5.81052,-9.49169,-0.443878,-7.73648,-8.06816,3.39268,-6.44839,-3.62934,6.20287,3.90112,1.36549,-2.04727,-6.60392,0.123981,8.46519,-3.57344,-8.77381,9.99954,0.704045,2.98101,5.73341,-6.08388,-5.03319,8.85503,-7.63787,-8.61275,-6.01939,3.96849,-0.0207056,-9.8058,1.31614,-1.81246,2.82412,-7.76418,7.33521,-5.41126,-5.45905
-5.78797,-1.03932,7.43207,-8.92961,-3.27938,1.57525,7.92419,-1.83462,-5.15255,-1.37834,-0.892071,-8.48163,1.52267,7.45848,1.1555,4.20623,-5.45494,-8.34077,-2.43692,-5.98578,-5.3323,-6.58604,9.37071,-9.25904,-9.77691,0.0566722,5.99674,2.66305,8.89527,-0.258256,4.35319,1.37601,-7.23853,-7.20471,-4.85743,-8.7155,-4.17222,-9.14286,7.45949,-7.91225,-8.17871,-0.931244,8.63966,9.74987,-4.81463,-0.680502,-2.83169,-2.74413,-1.97893,2.02163,-3.22692,-8.78622,-1.28129,-6.65468,-9.88927,-9.7151,-9.54933,4.80296,-2.51197,-0.096375,-0.0194087,3.45059,-2.64005,7.41299,-8.81339,5.33895,5.10396,-8.67165,9.63303,3.06335,-0.487676,-5.44547,8.03308,-1.55528,0.585257,-7.27779,1.09873,-2.18409,-7.72761,7.32374,-2.18155,-4.73164,8.34986
-7.80227,8.06169,-2.91662,-6.02947,3.17224,2.41792,0.415176,-7.85095,-4.92546,0.0365338,9.64759,9.57365,8.21651,0.52812,-7.92897,5.24291,7.39311,-7.22741,3.7899,-5.3323,-2.51615,-1.19451,0.823178,-4.08447,8.6521,-2.77611,1.22108,1.87404,-2.24214,-8.6174,2.41919,9.31005,-7.79943,-1.49105,4.43435,-5.21435,5.66648,9.88012,-2.9902,9.62601,-5.76554,-2.07539,-2.27218,-6.90423,-1.31841,0.601915,7.09657,1.04939,5.44503,-4.78926,9.9606,-7.74493,-4.82517,5.44903,8.09501,-7.44967,2.5143,-4.10102,-6.53933,3.06554,8.21901,-5.03209,-4.7499,0.413723,-7.12639,-0.708968,1.82965,-5.38161,6.70431,-8.19629,6.2198,-7.19373,4.40824,-4.35359,-8.93175,1.80395,0.88732,-8.56767,-6.29538,-1.20538,-5.09869,0.960911,-0.274301
1.31546,6.83946,-1.78489,5.54968,9.67653,-7.04389,-3.93785,-0.865851,-2.7772,-9.17824,-6.44169,7.15086,-7.39495,-0.50382,5.12458,-1.52845,-8.09709,-4.28229,3.45482,-6.58604,-1.19451,7.20724,0.930335,4.46484,-4.2653,-3.60816,-1.86765,4.43773,-7.11998,5.49802,-0.490655,3.96797,6.27048,-5.46479,5.97948,-7.53738,1.72957,2.29749,9.28771,8.48508,6.85308,-9.29774,-2.20956,-9.9951,-4.97244,-5.17407,6.42097,3.27458,3.34101,6.60972,8.79296,-2.10686,9.28505,5.2058,5.91932,-2.08379,-1.83552,-5.97814,-8.46493,8.89321,-4.60855,-1.0727,6.41133,-8.54038,-2.06504,-4.94637,-2.9648,-0.449191,0.802551,-3.24701,0.0281521,-6.15497,4.55678,-9.14204,2.22145,5.46434,2.59928,-4.21249,-5.23262,6.5479,5.94226,9.16325,-8.43781
-0.998454,-6.98896,-0.847519,9.70168,-0.982713,5.38819,7.4738,7.15476,9.29854,-1.23862,2.20038,8.04555,1.18175,0.320522,3.61717,-2.79293,-9.64449,-5.18903,-0.732536,9.37071,0.823178,0.930335,-1.98984,2.8311,1.26424,-4.62672,8.4213,5.65896,-2.29581,-4.66941,-2.6841,1.00423,-4.84413,-4.46955,4.33979,-2.3427,9.03204,-3.93425,-3.20544,3.22263,2.22378,-6.5142,0.727749,3.70217,-8.04422,8.10945,5.88724,4.7457,-3.92226,-9.76645,-4.26358,-7.41721,3.26832,-8.02385,-1.57325,3.83027,-0.284273,6.95623,9.58622,4.74881,-3.30954,4.73099,-4.91051,-1.57943,-2.71477,-3.87217,7.64725,-2.95903,6.8177,-5.92189,3.60374,1.81743,8.9894,-5.73084,0.599793,-9.47601,0.156325,-6.2404,7.50915,0.704424,0.00330385,-1.79869,-0.760216
-3.07878,9.80193,-2.3971,-5.79793,9.62174,4.17626,9.13644,6.60606,-5.35513,7.94651,6.86103,1.23798,5.63824,8.70551,-2.56793,6.84806,-2.10276,2.0647,9.14924,-9.25904,-4.08447,4.46484,2.8311,-9.70414,-1.26565,-8.7976,-8.69206,-5.80152,9.69884,-9.80994,-6.67062,-5.29281,4.40698,0.13011,9.55353,1.04666,2.67061,2.94493,-9.54726,-9.11022,1.6721,9.052,-8.9438,-8.05178,-1.60244,1.34309,6.76804,2.22918,2.56914,-3.18457,5.45505,-0.40856,-7.51407,6.44156,0.493672,-3.82223,-4.00827,-8.21811,-9.56933,9.87845,-3.41779,-5.09259,-2.95803,-2.87502,8.56006,3.67733,-7.23782,-7.46084,7.84467,6.03811,-5.24962,-5.67658,8.42929,-9.44194,-2.7749,9.36496,-7.41171,-4.22407,-6.4007,2.07122,0.611299,-7.99871,-9.8718
-5.41533,6.61594,6.09423,0.734806,8.54029,-5.45713,-1.70001,-9.36968,-1.22155,3.48758,-4.11107,-3.96821,4.92449,-8.84012,-8.34135,0.0203145,1.86467,1.75903,6.9298,-9.77691,8.6521,-4.2653,1.26424,-1.26565,1.5007,4.7193,-9.67832,-3.18324,-8.16414,5.97202,4.04877,1.93572,6.77792,6.0776,-1.61225,6.41085,2.71002,0.6929,-6.07243,5.28267,3.93728,-0.305121,1.60994,3.14525,-4.25187,-7.59921,4.80079,8.57696,8.72527,0.146574,-4.3389,2.43903,-6.0619,4.60437,-1.90776,-7.64447,-4.49592,-6.38745,3.50881,3.3076,0.382465,9.61601,9.52249,-4.91033,4.90277,-2.57073,0.303982,-9.32089,8.93344,9.18911,-5.16916,4.92999,5.05099,-5.00779,7.78135,8.45483,-5.1353,-8.48095,0.916484,-2.27142,-3.46989,-5.29538,9.49203
5.53291,-8.35477,5.88673,-6.20934,-7.49175,-8.74695,-1.47814,-6.20356,-3.45219,-3.95894,-3.38696,5.75272,3.18573,-3.58366,3.55968,8.77585,-1.03512,0.107656,-0.246356,0.0566722,-2.77611,-3.60816,-4.62672,-8.7976,4.7193,-7.27879,-5.69615,0.647931,7.25898,-5.06309,6.24275,5.93466,-8.97787,-5.5931,-8.58074,-7.8655,3.45998,3.00191,3.84894,-6.3752,6.95767,5.47307,-2.47002,-9.01497,-7.1569,4.69862,7.06044,8.50809,8.6689,7.75387,7.16857,-1.68093,-0.835093,-7.48332,5.87478,-6.14437,-7.47752,0.341035,-7.60425,6.57037,0.404749,-1.85726,-7.40932,-4.99107,-5.69152,4.18441,3.82382,-0.719411,-3.10588,-7.19494,1.98749,-9.1654,-0.115232,2.20977,2.91728,-6.92004,4.99093,-9.14589,0.758215,2.15186,-2.95656,-9.74741,3.34055
4.04553,-0.4389,3.88373,-8.08619,-3.02833,-6.7518,-9.48321,-2.83948,-2.46431,-7.82737,-9.77172,2.3206,-8.98832,-0.314525,-5.082,4.25331,-0.158442,-3.8859,-2.94602,5.99674,1.22108,-1.86765,8.4213,-8.69206,-9.67832,-5.69615,-0.706018,2.28825,1.32971,-3.17703,2.42366,0.362927,-9.41961,7.45151,-9.66899,8.43428,-8.06987,8.33317,7.41908,4.69833,0.10756,3.82225,-3.53781,-6.09207,-8.69638,-6.5249,7.7183,-0.607526,5.53081,-4.9812,4.62881,3.83205,-3.91967,4.23762,-3.01512,3.49038,5.48416,-0.552824,6.40702,-1.38804,-7.8695,-5.00143,-7.79341,-6.40264,-9.02267,2.03923,3.034,7.7854,-2.51103,7.82359,3.45219,8.31224,8.31285,1.53283,-5.08652,-3.78477,9.55104,4.15894,7.36104,-6.83188,-7.97051,9.43051,-6.67427
4.50193,0.985991,3.00063,5.3611,-6.45872,2.1926,5.71916,-8.99118,-3.17718,7.96893,-9.50793,6.9608,-4.40383,-8.74155,-2.80981,-6.02251,0.809355,7.34616,0.134698,2.66305,1.87404,4.43773,5.65896,-5.80152,-3.18324,0.647931,2.28825,-8.92393,-6.14792,-3.86844,-3.25881,-1.31218,-7.19153,-1.63695,7.19616,7.70713,-2.54129,-8.34818,-3.57272,6.31729,2.90493,3.80116,-8.51866,-5.19766,8.94292,-3.97467,3.21451,9.75066,2.59567,-7.2019,-1.56233,-6.87474,6.29558,8.34113,-2.31563,-6.05469,-3.89709,-0.607141,-8.26672,7.08257,-9.2144,6.15149,4.45558,5.57679,-7.92984,-3.28023,2.73914,8.71266,2.66576,6.53073,7.07556,5.26861,1.52639,-3.24713,-1.77706,-8.98253,-0.758512,2.24188,-6.07049,7.10348,-1.17382,-4.24892,-7.80802
9.67723,-7.27058,-0.311906,-7.60292,-6.88433,9.05248,0.654587,-7.29199,1.27463,4.22447,6.87497,-0.639473,-7.16958,3.61684,-6.18362,-3.25468,4.27463,-3.58256,5.82538,8.89527,-2.24214,-7.11998,-2.29581,9.69884,-8.16414,7.25898,1.32971,-6.14792,8.34054,-3.57176,7.80177,3.73531,0.138404,4.66969,-7.5416,5.58342,-4.28608,-1.78948,2.25874,8.08638,1.26697,-6.42954,-7.1183,-0.0718013,4.21489,2.38829,4.15476,2.80169,8.43447,7.17721,-3.33419,-9.24689,2.97066,-8.30217,3.55692,-7.79862,7.10123,-9.59265,-6.26195,-4.45025,7.27378,-8.44152,-9.69386,-5.85018,-0.16346,5.20562,6.70864,8.6672,-8.85808,-4.42981,2.78854,-5.21984,-5.93818,4.10515,5.27327,-2.05499,-7.6421,0.883106,-3.77616,0.301799,4.98246,-4.643,-3.37841
4.73399,-9.70255,-8.04438,5.72059,-5.99858,4.32261,-4.47845,3.58749,-9.79865,9.89715,-5.62665,-2.40589,-4.41447,3.43854,8.11018,2.61477,6.03882,-4.46387,5.24913,-0.258256,-8.6174,5.49802,-4.66941,-9.80994,5.97202,-5.06309,-3.17703,-3.86844,-3.57176,7.27666,-9.6003,-3.78414,-1.28273,3.77447,6.96467,0.1332,-5.38523,7.21724,-2.99461,-1.73502,-8.13163,2.56012,-7.30801,-8.18753,5.07789,-5.62617,6.61683,-1.37246,-1.21278,-3.48417,-8.58658,-1.25932,-0.689555,1.20005,-1.8141,1.70357,-4.94175,-1.70527,7.59255,8.06201,8.65803,6.5827,5.15423,-3.0422,-4.88281,-3.1573,8.49101,-7.24622,2.78498,-0.00314369,-5.79531,-9.76313,-6.46882,9.2598,6.50661,9.23057,3.23615,5.60465,0.0751587,0.708653,-9.71955,2.12526,-3.44872
-9.66322,-8.30884,-1.74579,-8.08691,-5.68372,-8.81536,0.272239,-4.36786,4.19353,3.23412,4.50227,2.43654,-0.0451808,7.64946,0.487673,-7.03458,1.32887,0.861972,-3.06416,4.35319,2.41919,-0.490655,-2.6841,-6.67062,4.04877,6.24275,2.42366,-3.25881,7.80177,-9.6003,9.41538,0.555848,9.73985,0.955538,-7.42623,-0.475281,-4.3617,1.99523,-9.79266,-1.39281,8.45566,0.85488,2.91201,-1.30551,7.01177,-6.36288,-1.66026,-5.96218,-4.79973,8.42359,-8.05965,-1.06631,9.87267,-2.33609,5.53303,-8.59503,-4.07089,4.83474,6.14906,5.77051,-2.85735,-0.430655,-1.10324,-3.25368,1.57121,3.22185,-6.55799,-0.565073,-5.46174,-1.57269,-4.49217,-5.86827,-6.9419,4.12068,9.36766,-7.23821,-4.20482,4.08248,-3.36739,-7.64188,8.28611,1.24756,2.67839
-0.745609,3.43649,-0.436273,8.83586,-6.30208,7.24675,-6.8585,-7.20213,-2.52459,8.64452,-5.33738,-6.14203,-7.46334,7.17684,8.46374,9.03178,9.6297,9.12129,8.2277,1.37601,9.31005,3.96797,1.00423,-5.29281,1.93572,5.93466,0.362927,-1.31218,3.73531,-3.78414,0.555848,-3.19228,-4.22702,-9.19229,-0.981276,7.66519,-0.365141,-8.25608,6.59791,2.0061,7.7746,9.20307,9.92058,6.76058,-4.07688,-1.58937,-4.91967,8.52456,5.38178,-6.37697,1.95455,5.49621,-8.92954,3.32652,-3.33169,2.50439,-7.12051,-7.8747,-3.18301,5.04545,6.26113,-0.336019,4.19623,9.40027,-2.09046,-0.142517,0.0838119,-7.7275,5.92442,-4.27787,-7.05609,-4.16275,-0.636233,-1.28606,-9.60393,-5.05257,7.80072,-7.75658,-8.08181,8.29909,-5.90281,0.796859,0.990655
-9.04376,-2.24998,-1.42748,7.77972,2.62606,3.84156,-2.79343,0.199992,-1.03998,-3.17419,-1.97047,8.24033,3.01748,9.89441,-4.2959,3.28012,-4.5284,-4.69811,1.75626,-7.23853,-7.79943,6.27048,-4.84413,4.40698,6.77792,-8.97787,-9.41961,-7.19153,0.138404,-1.28273,9.73985,-4.22702,-8.5252,-8.51334,-7.00204,8.21448,-6.25532,6.389,0.873251,7.26316,-4.54587,8.28393,-6.2027,-3.04911,-4.71117,-8.34928,6.77272,9.66815,9.36417,3.23636,3.77621,-9.46001,0.218472,9.67798,-3.19437,-6.46662,-3.22069,-6.0912,8.91434,7.74119,6.26099,-5.76501,-0.805286,-7.52589,-1.58619,2.63683,-7.83199,-9.15598,-8.22052,9.96662,-0.37887,-4.68408,-5.05758,1.07739,-6.13005,3.85028,-2.80605,-8.7509,-0.586841,-3.59534,-1.57833,-0.771605,3.53306
-3.30178,0.938094,-4.24817,-0.533538,0.859193,8.68952,-8.66542,-9.94736,4.43221,3.91877,7.01182,-1.49889,-0.408121,4.87188,-2.77205,-7.33651,-5.96067,-2.69346,-1.2757,-7.20471,-1.49105,-5.46479,-4.46955,0.13011,6.0776,-5.5931,7.45151,-1.63695,4.66969,3.77447,0.955538,-9.19229,-8.51334,-1.62377,-5.2167,1.14742,6.53345,-0.251549,3.81286,3.40096,-9.16807,2.12718,1.56958,-6.15552,-6.91932,9.36073,-2.33353,-3.38059,4.92564,9.53735,4.25297,9.02096,1.79609,-1.41577,-4.66427,-8.70362,-7.15996,-3.83709,3.48046,-4.35789,-8.68285,0.282571,-4.05663,7.66911,-6.40142,4.70299,2.06427,9.89716,-0.370807,8.99546,-5.7918,-9.88732,-2.64127,8.99067,-8.62544,-0.114881,1.6882,0.750831,8.65357,3.18434,-2.02533,3.74314,-5.45979
-8.58093,8.84617,6.60078,8.49727,4.28105,5.79885,-7.65183,-7.13331,-8.49615,2.68187,-0.922904,0.89683,-7.7208,-7.70036,5.14815,9.01032,1.64503,9.08744,-2.64095,-4.85743,4.43435,5.97948,4.33979,9.55353,-1.61225,-8.58074,-9.66899,7.19616,-7.5416,6.96467,-7.42623,-0.981276,-7.00204,-5.2167,-1.49938,3.05979,-1.24349,-2.76271,-3.24092,-3.35671,3.45363,-2.00663,-2.65046,-5.30625,-5.02022,6.07308,-7.62314,-9.12865,-1.42447,0.184548,7.08629,6.61963,-3.27478,1.82585,9.21678,-6.24099,-6.69017,1.56251,-2.36937,7.81295,-7.35955,-8.67799,-9.62255,0.191403,5.70766,-2.45372,7.945,-8.92997,2.8693,8.93439,8.08729,-4.38354,4.86944,9.50174,6.19949,9.25262,-4.52194,7.73123,0.0384677,2.53423,-8.30633,-1.25512,-3.62757
9.18018,-6.24327,-8.4864,9.66052,4.41829,-6.58797,1.17581,0.868008,-0.358066,2.01687,1.52816,-1.61377,2.0498,9.02853,5.57859,-4.2507,4.51032,3.57195,0.391297,-8.7155,-5.21435,-7.53738,-2.3427,1.04666,6.41085,-7.8655,8.43428,7.70713,5.58342,0.1332,-0.475281,7.66519,8.21448,1.14742,3.05979,8.81224,4.19182,9.16803,9.92685,7.56114,-9.6573,-7.11273,8.99322,7.33665,-9.3353,-9.16709,4.07022,-1.58957,7.6065,8.7345,9.30606,0.505213,7.39139,-6.11025,-4.34572,3.35735,1.26151,2.66798,9.24078,-2.80031,0.480658,4.71055,1.51776,3.55841,-0.282551,0.854329,-2.52495,8.39052,2.593,-2.7684,-0.162359,-4.9382,-9.27143,-9.66638,2.34877,-6.36082,8.64481,3.96722,6.75346,6.30828,1.88464,-2.25877,-2.78657
-6.25109,-0.517574,-5.63751,5.99555,6.01243,8.1554,-3.70385,6.51138,-0.711906,8.04367,-8.58819,4.45097,3.16677,-4.18999,-5.15417,4.33196,2.14843,-6.96494,-1.53442,-4.17222,5.66648,1.72957,9.03204,2.67061,2.71002,3.45998,-8.06987,-2.54129,-4.28608,-5.38523,-4.3617,-0.365141,-6.25532,6.53345,-1.24349,4.19182,3.55296,-4.8097,-7.29869,4.4166,-9.83846,-4.64426,9.46037,-7.02943,0.657087,-4.02841,-9.32037,-3.4362,-5.69438,2.8529,-1.89707,3.77689,-5.38878,8.5307,-2.79616,-5.07064,-5.09731,-3.62574,5.41824,9.31965,-5.7456,-1.49244,-7.59024,-2.66573,3.51473,6.22044,5.71691,9.79262,1.08361,9.33681,-8.21972,8.45793,2.14148,-3.46147,1.01366,9.85204,1.34338,5.79816,2.42781,0.76518,3.28846,6.59976,-5.95727
3.65419,7.94934,-5.75001,-0.243184,3.14433,-6.74284,-1.96074,1.34942,-3.61218,6.55318,-9.13933,9.09671,3.49164,-9.12854,2.26491,8.96152,6.47038,-5.89067,8.40178,-9.14286,9.88012,2.29749,-3.93425,2.94493,0.6929,3.00191,8.33317,-8.34818,-1.78948,7.21724,1.99523,-8.25608,6.389,-0.251549,-2.76271,9.16803,-4.8097,9.35072,2.22982,0.58901,-8.98996,-6.2007,9.09752,1.76575,-7.25648,-6.60704,7.8772,-9.35181,-4.56313,-1.64208,-2.42928,8.04874,1.12612,-8.9487,-6.20093,-4.31141,7.91896,-4.3201,5.24082,3.01701,-4.2494,-1.86395,-6.00424,-0.147035,7.94391,-1.02352,3.52123,-0.401632,-5.75483,4.3964,-5.07755,2.54645,-6.39877,9.32662,9.9118,1.63463,-1.22474,7.97909,-8.42305,-6.13814,3.8288,7.99681,3.49678
-2.88895,6.15589,9.58892,2.77172,-3.40036,-2.61536,-9.18314,7.81017,-4.76944,5.89718,-0.937689,-7.98121,5.73117,-1.33806,-7.16978,7.34111,-1.74309,-4.97697,2.59076,7.45949,-2.9902,9.28771,-3.20544,-9.54726,-6.07243,3.84894,7.41908,-3.57272,2.25874,-2.99461,-9.79266,6.59791,0.873251,3.81286,-3.24092,9.92685,-7.29869,2.22982,0.991754,2.40419,4.56182,8.61916,7.65994,-6.79995,-5.29149,1.76396,-2.33148,-0.427824,-1.09458,-4.70056,3.61496,2.21535,-0.390902,-4.97234,4.54326,8.47331,4.38049,-5.96192,-9.29164,1.40192,3.88738,9.24865,-7.71485,-0.179252,8.61532,-9.71813,8.6063,1.82764,-2.04958,-9.47861,-9.40206,0.525967,-4.38982,-3.85315,8.28365,-2.99607,-0.143651,-6.30554,4.21062,-8.49127,-2.86917,1.84752,3.17775
7.09872,-0.655178,0.0208523,7.21683,6.48378,-4.95593,-5.10059,-8.03733,7.79075,-9.84603,1.80904,9.31989,-8.37592,-6.92319,-4.28755,8.72372,1.77375,-3.96531,1.43542,-7.91225,9.62601,8.48508,3.22263,-9.11022,5.28267,-6.3752,4.69833,6.31729,8.08638,-1.73502,-1.39281,2.0061,7.26316,3.40096,-3.35671,7.56114,4.4166,0.58901,2.40419,-6.14713,-9.42699,-0.275869,1.14467,-4.2215,-4.58534,8.44645,-9.33167,-8.81542,0.890542,-6.89208,4.18082,5.72285,-9.62407,-8.86949,6.80542,1.19142,6.74879,9.95284,-3.09705,-0.134771,-7.477,0.913843,2.03806,-5.97029,5.75328,-4.70105,9.7471,-1.68009,-2.14581,-9.56429,7.38707,-9.50169,6.46015,5.66948,7.99683,9.7929,-1.68208,7.34441,-9.95999,-7.94384,-1.57845,5.17017,-3.65793
6.80973,-6.16432,7.39682,-0.993913,1.23283,6.42538,-1.77257,-3.86716,-4.59896,-3.30498,0.51218,5.29858,9.91773,-1.70362,-1.60102,-2.13496,-8.82414,1.14511,-4.64434,-8.17871,-5.76554,6.85308,2.22378,1.6721,3.93728,6.95767,0.10756,2.90493,1.26697,-8.13163,8.45566,7.7746,-4.54587,-9.16807,3.45363,-9.6573,-9.83846,-8.98996,4.56182,-9.42699,3.93342,3.88564,-6.33806,-7.76827,0.665991,8.15719,-9.72167,7.60625,0.903498,9.86671,-3.07145,-9.98313,8.4467,4.31026,5.59223,-2.62809,-7.71653,9.85916,8.16279,-3.47641,-3.69256,-1.59775,-4.44426,6.87602,8.04243,-1.48203,6.33092,0.726144,-2.79876,-3.99707,-7.43252,-1.44489,-6.64153,-6.16181,-5.39682,-6.94189,2.01944,3.89918,-0.227611,-2.98249,9.64612,-0.252407,9.11628
-9.31984,-6.54711,-5.97214,-1.76487,3.14536,4.1064,8.50118,-8.20756,-7.78573,1.4971,-1.10968,-2.48333,-3.12981,7.8129,-8.5472,-1.73781,-6.35048,-9.93015,-5.28501,-0.931244,-2.07539,-9.29774,-6.5142,9.052,-0.305121,5.47307,3.82225,3.80116,-6.42954,2.56012,0.85488,9.20307,8.28393,2.12718,-2.00663,-7.11273,-4.64426,-6.2007,8.61916,-0.275869,3.88564,-9.9568,-2.86961,8.33345,7.9108,-7.06735,5.51205,-7.70848,-4.91083,9.27936,-9.83075,-3.78377,-3.64625,2.92744,-8.73756,-4.78931,6.21877,1.64426,-3.88605,5.69423,5.09791,6.21909,-2.27752,-3.38831,-0.736828,4.86778,-7.72046,-4.80663,1.61008,7.55782,-8.01069,-3.77644,-7.95858,-1.22205,1.69576,-4.23959,0.640707,8.88017,4.50329,-2.86587,-0.136015,-7.37142,-6.12103
9.44231,-7.04807,0.841422,-4.36625,-7.94148,0.275574,-8.8735,-6.3197,7.04064,-8.24913,0.722694,7.3915,7.20475,-4.00818,6.15112,-2.09882,8.44667,8.2895,5.90851,8.63966,-2.27218,-2.20956,0.727749,-8.9438,1.60994,-2.47002,-3.53781,-8.51866,-7.1183,-7.30801,2.91201,9.92058,-6.2027,1.56958,-2.65046,8.99322,9.46037,9.09752,7.65994,1.14467,-6.33806,-2.86961,7.14874,-8.27062,7.77286,-5.61579,-7.17711,-2.01463,3.72792,5.50641,-0.54205,-6.57119,-6.19416,5.65522,8.0014,8.65435,-2.17959,5.85921,7.03355,-1.5535,-1.80697,4.62656,-8.1419,-4.18739,8.58158,-4.11295,1.71565,2.50348,-1.83356,8.90558,-0.63047,1.42969,9.94592,2.91642,1.23778,7.56145,3.36525,8.74526,-7.08097,-8.10423,-1.38917,-9.76382,-7.34236
0.278749,5.07761,3.51485,-1.19379,-7.57769,-1.67657,6.1757,-0.259641,9.19129,9.54186,0.119498,0.126022,1.25454,0.743284,-1.53385,-6.14947,7.4924,1.40762,-5.72675,9.74987,-6.90423,-9.9951,3.70217,-8.05178,3.14525,-9.01497,-6.09207,-5.19766,-0.0718013,-8.18753,-1.30551,6.76058,-3.04911,-6.15552,-5.30625,7.33665,-7.02943,1.76575,-6.79995,-4.2215,-7.76827,8.33345,-8.27062,1.12416,2.94489,-3.21681,8.49184,4.12009,1.57598,-1.18878,3.98445,9.61773,9.05529,8.51881,3.81419,9.09052,8.75774,-5.06006,4.17436,8.18847,-5.89256,1.26857,7.25955,5.54719,-7.93364,0.663788,-4.71963,4.171,-2.63346,5.58614,-3.75032,-7.93442,-3.34093,-4.8014,-5.14611,3.46512,-5.76873,-7.46453,-8.09188,3.86138,0.375788,-9.74727,-9.95683
-3.21947,-4.01169,9.75296,0.98591,7.47884,-1.92783,-4.4017,-3.27428,-1.17338,8.71047,2.90148,9.49283,1.38639,-1.9561,7.61968,-3.39429,-1.56584,3.75205,3.91506,-4.81463,-1.31841,-4.97244,-8.04422,-1.60244,-4.25187,-7.1569,-8.69638,8.94292,4.21489,5.07789,7.01177,-4.07688,-4.71117,-6.91932,-5.02022,-9.3353,0.657087,-7.25648,-5.29149,-4.58534,0.665991,7.9108,7.77286,2.94489,-9.39636,3.41367,-0.578773,-8.88349,8.81618,7.02598,-3.06897,-7.88348,-2.49883,0.344275,-3.60003,-5.88694,9.81072,9.9628,8.11631,-7.11205,-4.11619,-2.59791,7.54834,9.30495,9.38755,4.89238,-1.0888,-1.77049,7.54057,-2.16215,-7.75928,1.11076,-7.09114,-1.40769,8.72407,-0.845755,7.85705,4.85593,0.47646,-4.20191,-9.94441,3.22503,1.35881
-2.83617,6.26224,6.76201,7.57918,7.58225,-0.781331,6.37458,-9.72505,9.67489,-8.42686,-0.0548936,-7.21569,-1.31522,0.904511,0.212424,-5.49206,-2.44973,-5.78065,6.00807,-0.680502,0.601915,-5.17407,8.10945,1.34309,-7.59921,4.69862,-6.5249,-3.97467,2.38829,-5.62617,-6.36288,-1.58937,-8.34928,9.36073,6.07308,-9.16709,-4.02841,-6.60704,1.76396,8.44645,8.15719,-7.06735,-5.61579,-3.21681,3.41367,4.8276,-4.52067,-9.66421,-3.71463,8.40578,-5.98884,-7.08877,-9.57613,-8.83218,8.32386,-9.38726,-1.58349,-3.97886,7.85879,-6.1881,3.61017,2.39213,0.745602,2.3569,-2.09724,8.1365,9.19272,0.879491,0.849895,2.56868,-8.76854,-9.74988,-1.88337,8.73614,-4.50539,1.40539,-5.71189,-9.18697,4.85546,-3.94339,-3.76685,1.42168,-7.09821
-4.41943,6.38324,8.31221,-2.00522,-0.196822,3.65786,1.6178,0.81622,-8.1479,-6.1013,5.02464,-2.70348,6.42084,2.12315,3.00738,2.63928,0.0206303,2.0206,5.81052,-2.83169,7.09657,6.42097,5.88724,6.76804,4.80079,7.06044,7.7183,3.21451,4.15476,6.61683,-1.66026,-4.91967,6.77272,-2.33353,-7.62314,4.07022,-9.32037,7.8772,-2.33148,-9.33167,-9.72167,5.51205,-7.17711,8.49184,-0.578773,-4.52067,7.78523,-4.70533,-9.64208,6.97727,2.49922,-7.35414,-4.04105,-1.13723,-2.68402,-9.77537,-4.07049,9.53553,-1.31535,4.22297,-8.38222,-6.38916,0.534773,4.80733,1.36877,7.69019,9.58685,-5.49468,-7.14591,-1.48135,2.16789,-2.81276,7.82578,-2.05418,-9.13596,-1.04037,-3.93381,2.77742,-8.67605,-4.23735,1.99955,0.45226,-1.46502
8.46838,3.63477,-9.92839,2.48989,-7.81898,0.221226,-2.14555,-9.10857,-3.2885,-6.0849,0.221979,-6.30372,6.99052,6.01764,-3.52176,1.90927,-0.422007,-4.83111,-9.49169,-2.74413,1.04939,3.27458,4.7457,2.22918,8.57696,8.50809,-0.607526,9.75066,2.80169,-1.37246,-5.96218,8.52456,9.66815,-3.38059,-9.12865,-1.58957,-3.4362,-9.35181,-0.427824,-8.81542,7.60625,-7.70848,-2.01463,4.12009,-8.88349,-9.66421,-4.70533,-2.76147,1.78137,8.07447,-0.0755895,0.674064,3.33479,3.54846,-6.47173,-3.732,-9.02095,-0.110476,4.50817,-1.82135,1.65099,-0.355717,-1.84579,-4.24405,-0.761721,8.50475,3.58423,2.38247,3.32244,-8.14872,-6.45485,8.79509,3.35048,4.10813,6.22823,-2.86417,-1.54722,9.25754,6.02851,-0.500938,1.83035,7.4864,0.962679
-5.10619,-5.95135,6.39956,7.32658,8.90029,-0.841791,4.24785,-4.9169,0.426021,-1.75778,-0.130473,6.01357,8.61601,7.94952,9.8604,3.84677,-9.34812,8.74388,-0.443878,-1.97893,5.44503,3.34101,-3.92226,2.56914,8.72527,8.6689,5.53081,2.59567,8.43447,-1.21278,-4.79973,5.38178,9.36417,4.92564,-1.42447,7.6065,-5.69438,-4.56313,-1.09458,0.890542,0.903498,-4.91083,3.72792,1.57598,8.81618,-3.71463,-9.64208,1.78137,6.29999,8.82282,-0.827591,-3.0877,7.44223,4.74667,6.37624,6.38666,-9.4772,3.86221,3.59112,2.71667,6.26421,2.98746,8.17553,0.155336,-7.41128,6.49081,9.80557,-9.927,2.53249,9.44293,6.11799,-5.43215,6.63916,-5.45412,-6.15171,2.52031,6.77669,-0.552479,7.21884,0.556683,-7.11056,7.06341,8.25362
-2.97221,4.3109,6.74642,-7.73768,0.201784,-8.88463,-5.75055,4.23604,-7.13978,2.31368,5.61524,-8.01892,8.78561,-2.95446,-1.55812,9.11354,-9.21603,1.82744,-7.73648,2.02163,-4.78926,6.60972,-9.76645,-3.18457,0.146574,7.75387,-4.9812,-7.2019,7.17721,-3.48417,8.42359,-6.37697,3.23636,9.53735,0.184548,8.7345,2.8529,-1.64208,-4.70056,-6.89208,9.86671,9.27936,5.50641,-1.18878,7.02598,8.40578,6.97727,8.07447,8.82282,1.27792,8.89971,0.499565,-1.27265,2.18156,7.10686,-7.64403,-6.46308,-0.473188,2.77661,-0.995086,3.99454,0.703211,-3.10018,-6.12157,-9.57617,1.22903,-1.24207,2.07571,1.46879,9.84441,9.41693,-7.4508,5.82605,-6.88503,-7.36994,8.46466,2.54985,5.54371,-4.22456,9.23054,3.85096,-0.258913,1.87722
-4.79505,-8.63681,4.62066,-5.00222,0.605021,-1.41205,2.07453,-0.388072,-7.01434,2.37972,6.24551,-2.86942,-2.06897,7.40494,-7.26884,-0.60209,2.74453,-3.80801,-8.06816,-3.22692,9.9606,8.79296,-4.26358,5.45505,-4.3389,7.16857,4.62881,-1.56233,-3.33419,-8.58658,-8.05965,1.95455,3.77621,4.25297,7.08629,9.30606,-1.89707,-2.42928,3.61496,4.18082,-3.07145,-9.83075,-0.54205,3.98445,-3.06897,-5.98884,2.49922,-0.0755895,-0.827591,8.89971,-5.72697,4.29796,6.91963,-4.51469,-1.75307,0.917215,3.0694,0.394618,-1.36096,8.58681,-7.16099,-3.79905,2.06919,2.89704,7.84146,8.42802,-8.08711,-0.147735,9.07349,4.81904,-5.73389,-8.30947,-3.10146,-1.05157,8.26911,2.87202,-3.7273,-5.27049,5.51144,-5.63087,-5.18564,6.46027,1.28136
-4.99365,-0.202885,-1.60666,-6.44353,3.69067,8.23961,-1.20461,-3.94962,-4.81439,6.22254,7.18673,-0.300818,1.62458,2.13282,-3.75234,4.01536,2.26418,5.48122,3.39268,-8.78622,-7.74493,-2.10686,-7.41721,-0.40856,2.43903,-1.68093,3.83205,-6.87474,-9.24689,-1.25932,-1.06631,5.49621,-9.46001,9.02096,6.61963,0.505213,3.77689,8.04874,2.21535,5.72285,-9.98313,-3.78377,-6.57119,9.61773,-7.88348,-7.08877,-7.35414,0.674064,-3.0877,0.499565,4.29796,-6.11372,-1.67264,5.08898,-1.21789,-9.89636,3.70547,2.97036,-1.55403,-7.70518,5.46479,4.75774,-4.55311,9.30306,-5.12805,9.41851,-6.89496,2.10096,5.76835,-9.2407,-2.23771,-9.53866,2.40427,-5.64255,6.45967,5.29842,3.58845,-7.50829,6.35337,4.17316,-4.75034,5.72417,-4.18922
-5.82202,-6.56423,-9.61365,5.97058,5.46149,7.59195,-1.89637,-9.60161,2.67891,-4.60675,-9.52685,-3.10672,-7.15199,-0.715761,-2.78663,8.42182,-6.56962,-4.41285,-6.44839,-1.28129,-4.82517,9.28505,3.26832,-7.51407,-6.0619,-0.835093,-3.91967,6.29558,2.97066,-0.689555,9.87267,-8.92954,0.218472,1.79609,-3.27478,7.39139,-5.38878,1.12612,-0.390902,-9.62407,8.4467,-3.64625,-6.19416,9.05529,-2.49883,-9.57613,-4.04105,3.33479,7.44223,-1.27265,6.91963,-1.67264,6.73545,7.10774,-3.43245,-4.99157,3.69712,4.25884,-5.73375,-7.04596,-5.59011,1.24651,7.32543,2.9818,-9.49562,-3.5533,8.63843,4.20125,4.08245,-9.13665,-0.418439,5.10503,7.67041,-0.247464,-1.85932,7.61282,4.76801,4.39877,1.39879,6.90826,7.508,-4.21947,5.96539
-4.483,9.04663,1.30322,-0.301429,6.74054,-6.93171,-9.8104,-5.2718,4.3124,9.40657,-4.13901,3.56639,-9.76431,1.27542,-9.35141,2.94239,-9.3487,9.36724,-3.62934,-6.65468,5.44903,5.2058,-8.02385,6.44156,4.60437,-7.48332,4.23762,8.34113,-8.30217,1.20005,-2.33609,3.32652,9.67798,-1.41577,1.82585,-6.11025,8.5307,-8.9487,-4.97234,-8.86949,4.31026,2.92744,5.65522,8.51881,0.344275,-8.83218,-1.13723,3.54846,4.74667,2.18156,-4.51469,5.08898,7.10774,7.37599,3.46151,1.57616,1.80629,-5.38031,6.18624,1.67271,0.668468,-0.673617,3.01939,-4.24723,9.9728,-1.26029,7.67697,-5.04813,2.76292,-5.25687,-8.97996,0.836486,3.65,8.88203,3.64216,6.37458,-1.6538,-8.26631,-2.8039,5.77145,3.49214,3.61403,1.99721
6.19624,9.99841,-5.36237,4.76471,0.703188,3.94795,-8.69099,-8.18592,8.34044,2.60218,-4.88088,-0.430274,9.19054,-3.17238,-3.67822,5.50073,8.10725,4.69693,6.20287,-9.88927,8.09501,5.91932,-1.57325,0.493672,-1.90776,5.87478,-3.01512,-2.31563,3.55692,-1.8141,5.53303,-3.33169,-3.19437,-4.66427,9.21678,-4.34572,-2.79616,-6.20093,4.54326,6.80542,5.59223,-8.73756,8.0014,3.81419,-3.60003,8.32386,-2.68402,-6.47173,6.37624,7.10686,-1.75307,-1.21789,-3.43245,3.46151,-2.54849,-1.12021,6.38794,6.25122,-1.00568,5.55836,-6.93688,4.25302,4.53843,-4.9223,9.29244,4.45331,2.72623,-6.63354,1.24416,-3.22727,-3.08273,-9.76198,-9.87562,2.07713,5.60978,-1.04107,1.59349,6.96208,1.3788,1.28609,-1.61213,0.560593,-4.6799
4.68788,0.409907,-4.18174,6.02718,1.43219,-2.6445,2.86268,6.64394,5.42553,-1.1441,-1.21612,5.5013,-2.03419,-8.17342,7.15335,-2.70758,-3.12988,-3.69629,3.90112,-9.7151,-7.44967,-2.08379,3.83027,-3.82223,-7.64447,-6.14437,3.49038,-6.05469,-7.79862,1.70357,-8.59503,2.50439,-6.46662,-8.70362,-6.24099,3.35735,-5.07064,-4.31141,8.47331,1.19142,-2.62809,-4.78931,8.65435,9.09052,-5.88694,-9.38726,-9.77537,-3.732,6.38666,-7.64403,0.917215,-9.89636,-4.99157,1.57616,-1.12021,3.34018,-1.28194,9.12829,5.33023,-9.64885,-6.61233,1.17551,-5.51694,-3.95889,-0.892524,3.55988,-5.46011,-7.21895,8.873,5.08854,2.63088,-3.17338,-9.24239,3.62472,6.42181,8.91903,1.24446,-4.20696,-7.59149,-4.8152,0.507324,8.93839,-1.86452
