-2.16689,-2.77845,-0.256027,-6.80512,4.63515,-5.23262,7.41763,-5.93882,1.92121,8.9655,-5.7866,-4.87017,5.13878,-6.09651,6.94789,5.34137,-6.81972,8.39697,2.39776,7.53475,1.673,-7.53359,0.413839,-1.4534,-1.90027,-2.20617,-5.56285,-0.703994,6.24447,4.83587,3.64806,-4.96421,4.6291,-8.14691,5.70559,-8.39157,2.94631,-0.117848,9.16149,-8.51928,-6.31634,9.07182,-7.772,-6.06448,2.59997,8.18303,-5.52674,-4.83403,9.50855,8.71324,2.64444,3.59903,1.3164,7.00493,-9.05344,2.55333,2.23669,-1.11917,7.67958,8.17118,-2.33542,1.85995,7.58794,-4.60592,0.687383,1.16969,1.30135,-0.720646,-5.09948,2.22443,2.1059,1.38577,5.73597,-7.52174,-3.96681,4.01772,3.88068,-3.46899,-3.75086,-1.19572,0.803377,-8.5608,0.203541,1.16716,-3.23652
-2.77845,-4.10033,7.38076,1.35234,-8.15637,5.00414,-1.65868,-9.46247,-3.32436,4.75553,-0.537462,3.82887,9.63882,3.5155,-3.54008,-2.54841,-9.86858,1.76328,3.19119,-5.33999,-7.72756,-0.520369,-9.58772,-1.72823,1.68182,3.11724,-0.0958092,-4.71134,-8.02469,3.60928,3.22007,-9.91474,3.03324,-6.60135,-2.22421,-0.151027,-9.94748,-7.92874,-7.27627,9.29972,-9.03062,2.25525,4.06886,-8.54135,9.30977,1.15176,3.87299,1.46635,3.45488,-5.59463,9.68018,6.44816,4.48294,-9.12277,-6.56774,-0.179479,0.920019,2.83091,-2.71407,8.36046,7.86536,-6.84819,3.72584,9.09217,-1.51712,-7.07233,8.7099,6.4224,-6.02199,-3.07451,2.77552,-6.36203,-4.77907,2.18584,7.40602,3.55767,-7.4685,4.67685,-5.30066,5.19306,4.1997,-7.07039,2.83908,1.49308,-6.83169
-0.256027,7.38076,0.375311,2.15134,0.251391,-6.57572,6.0576,-7.63869,-5.90876,7.18772,-2.74359,1.92487,-5.84064,-1.51323,-0.227402,-7.88144,-9.84539,0.61933,-1.62523,2.86092,9.27073,6.12654,2.77522,5.77075,1.35333,8.16406,2.84747,0.979532,1.58793,-2.15468,-0.484129,0.568381,7.93233,1.96763,5.76401,-3.80693,3.91905,-1.74958,-2.43263,-8.62385,-8.71401,-0.490851,-6.20728,-5.40597,-4.46076,-6.2128,7.62063,-9.93958,-6.33406,-1.93357,4.56567,8.39968,-8.36572,7.43598,-4.91233,-3.86722,-3.14156,1.20653,-4.47249,-1.69116,9.37847,1.35867,8.83348,-3.24463,-3.52675,2.86505,-5.18987,3.21584,7.22853,4.07048,9.46731,-7.59361,-2.62246,-6.65734,-5.50697,-9.51968,-8.11397,0.735399,-1.16357,-9.18453,-2.22299,1.69643,3.17708,-1.72983,2.8021
-6.80512,1.35234,2.15134,1.69813,6.91965,4.61186,-2.1317,-2.95921,-5.83568,-7.85263,-9.85563,7.31844,7.83504,7.06731,9.14372,-0.301369,-5.82924,7.69972,-3.36854,0.833108,5.27864,-5.62588,7.96354,2.07879,-5.73385,-9.42395,-0.619301,-4.67676,2.75742,4.35557,-7.21378,9.17774,5.28181,-5.56777,-7.8754,-4.70997,4.27007,9.26296,4.74837,6.13164,-2.72295,-9.01965,9.83872,-1.80587,-1.73696,-0.932616,1.17834,5.05049,-8.73453,9.8655,-3.34862,-4.56541,-5.65796,8.91005,-7.29058,-5.50631,1.25818,8.03565,6.44741,5.66671,9.06722,-2.42766,-0.145124,-5.37543,-0.991816,-7.51345,-2.80575,9.14403,-4.87103,-3.35622,-0.485719,-0.415923,2.74211,-3.54897,9.31792,-6.86538,-1.48257,-0.630064,3.28584,3.04935,5.21555,-3.51368,-4.26407,-5.65561,6.1921
4.63515,-8.15637,0.251391,6.91965,4.70841,-5.43322,6.48088,7.98541,-8.92252,-9.90216,7.21489,4.71823,0.84936,-8.28594,-2.79761,-8.92097,4.69829,-8.27778,-3.19072,2.08475,7.48286,9.14582,-1.3377,2.92706,-8.14156,7.8486,-1.13742,1.59345,-6.07089,7.40051,6.51312,-9.24354,4.1498,-2.73706,-2.96851,-0.428792,7.88875,-2.2458,-7.29652,7.02139,6.05031,-1.79373,-3.39924,5.94754,-4.39222,6.25261,3.97891,-0.323793,-8.50578,2.83323,-9.37348,-1.88161,-2.85474,8.19033,-6.69003,-0.0801627,-7.32511,0.106583,9.46994,4.52416,-0.0911888,-7.44423,2.15116,0.800462,-6.0721,4.49352,-1.45628,1.83956,1.55484,0.221783,6.96256,-0.90088,7.26106,5.88327,3.21465,-1.60207,-5.87271,3.23589,3.37461,-6.31402,-4.70293,-8.95246,-6.26056,6.18997,8.08656
-5.23262,5.00414,-6.57572,4.61186,-5.43322,-3.22453,-5.3142,-7.94771,1.63471,-9.94643,-5.95077,7.00818,-6.57457,2.7622,-8.17801,-4.58841,-6.27374,3.33692,-2.66741,7.11838,1.5357,-4.79451,-8.22019,-7.38629,-2.79601,8.18991,-1.88186,7.10118,6.14643,9.40468,-8.31515,-5.07866,1.90087,1.45502,-1.502,7.57284,9.80291,-9.96359,9.81742,2.41702,2.10978,-7.871,-4.76401,0.369021,-3.7138,-9.57194,2.29885,6.06279,-2.36665,0.177915,3.7754,2.78522,-2.5857,5.24559,-7.02464,-4.90326,5.14739,-5.74079,5.76539,-2.35722,-1.44581,-6.43071,0.812413,8.42097,7.49038,6.59251,-8.86834,8.81708,6.12092,5.43125,7.16845,-2.23028,7.58959,3.58563,7.81561,-6.84288,3.76613,1.59095,-0.518947,1.64303,-0.545953,2.71757,-0.0856743,-0.551836,0.198199
7.41763,-1.65868,6.0576,-2.1317,6.48088,-5.3142,7.32685,2.40191,-8.36773,-6.77014,2.00915,1.20296,-4.58205,7.18388,-4.13557,-9.54187,4.51582,7.56147,7.17636,-2.19332,8.0313,5.50449,6.35084,-9.24515,4.52043,4.78345,-9.00982,-5.79585,-4.24986,-2.69948,2.7316,6.5917,-7.98405,6.11222,-3.16541,-0.270004,-4.13379,8.71006,-3.29506,-0.392116,8.78711,1.642,9.36728,-5.70038,0.00972098,6.26212,-1.60343,-2.59729,5.46084,8.2535,-1.04734,1.80702,9.95232,9.70249,6.74565,-0.912699,-9.23293,-4.27001,-4.83935,9.71901,-2.62839,-0.669794,3.8206,-7.48624,9.98085,-7.95436,-0.269586,-5.8835,4.58207,9.4755,9.06384,5.97208,-3.46741,3.16944,-9.84046,-0.896205,1.6326,-7.0278,-3.64255,4.9337,-0.42081,8.00601,3.67814,4.01719,-5.21317
-5.93882,-9.46247,-7.63869,-2.95921,7.98541,-7.94771,2.40191,-8.40153,-5.51158,-6.21867,2.54622,-2.60879,0.670163,8.56564,8.22981,3.74439,3.44684,-4.43373,9.06773,4.3565,0.582439,-0.346621,2.97192,-9.88179,-7.03569,-3.48274,-5.59834,-2.33828,-2.01736,3.85855,-0.766612,6.16374,1.11527,-8.33581,-3.73547,4.89961,6.92518,-5.50346,-0.0317604,-6.46266,-5.76077,8.78401,-9.52694,8.15269,-6.50574,-4.5295,2.72741,-6.64648,-6.67389,-0.824026,-6.88889,-0.509737,6.05602,-7.61601,0.0235312,2.09385,5.6222,-5.42167,2.74084,-4.64381,-6.36632,-9.54719,2.28479,9.49904,7.92674,-2.1616,-1.16993,4.01858,-6.78009,1.52443,-3.20088,-7.52926,1.94628,5.91181,7.96339,-2.1261,0.490964,-5.3495,7.2036,-9.52327,5.91551,-0.565752,9.37956,-1.38165,-9.69873
1.92121,-3.32436,-5.90876,-5.83568,-8.92252,1.63471,-8.36773,-5.51158,-0.202347,1.47115,6.32232,8.46929,-2.09705,7.82529,-3.25987,-6.05771,4.83172,-7.64309,-2.21556,6.13625,-8.22177,9.64285,9.18157,6.52794,-0.988669,7.38768,-0.399618,-9.62473,-1.58138,-7.18,-7.04063,2.11147,8.50362,4.74026,4.4224,0.23702,3.46193,-2.52422,-5.69985,2.73659,4.29058,6.22827,4.76309,-2.0034,-4.35659,-9.37281,9.44549,-7.70509,-8.64692,2.16354,-2.15678,-5.56333,2.29776,-3.34746,-0.229169,2.93084,4.75989,-7.75893,8.64431,4.60479,-8.11521,-6.84081,-4.03787,-2.95791,7.37357,8.51289,-8.93523,-5.01997,-0.725268,-2.3235,-6.63053,-1.45844,4.8386,-8.53305,-7.90922,3.68947,8.73855,4.25905,2.94444,-7.82536,4.97013,9.62358,7.4416,1.88907,-5.99457
8.9655,4.75553,7.18772,-7.85263,-9.90216,-9.94643,-6.77014,-6.21867,1.47115,5.26631,7.62241,9.34569,1.7318,3.64677,-2.02823,1.42636,-2.6343,-2.83323,-8.21823,0.022979,0.65696,-8.63359,8.64119,-0.889297,-4.18409,9.44662,-8.83841,5.48773,1.50295,-4.31423,7.16228,8.7939,7.47895,-4.05019,5.10463,2.15052,1.94007,6.68555,3.72716,-4.83587,0.484226,-9.17505,9.42671,7.35687,-3.31172,0.64689,5.33549,-6.61078,5.80022,-9.66155,-2.09891,6.69338,6.99476,5.89,9.74311,-9.1901,-3.25842,-3.9907,-1.69722,8.94745,-0.360123,-1.57182,2.50084,-9.72469,-8.39634,-5.99356,6.37751,-7.59305,4.95724,0.0365165,3.78321,-1.2025,0.886617,7.34995,-9.31765,-2.53977,8.50414,2.50799,-7.34422,7.57078,9.50423,-7.47495,-0.841299,-0.232028,-3.56202
-5.7866,-0.537462,-2.74359,-9.85563,7.21489,-5.95077,2.00915,2.54622,6.32232,7.62241,-3.34699,-3.24952,-4.09831,-5.74644,-9.98991,3.97027,-2.01286,-3.16284,-2.68044,8.88671,7.52887,-9.03049,-4.97638,5.55323,-7.50593,7.75278,-4.64176,-3.50855,-1.5648,-1.90077,-5.30878,2.82553,1.62709,2.60494,-1.78141,-8.48824,0.0908122,5.55264,9.6964,7.03998,3.87575,-9.04897,9.65685,7.78249,3.78512,-8.19401,-9.23117,-5.12164,8.20378,-1.53171,-6.97789,-9.60332,0.311757,-2.99993,7.35129,-2.43898,1.06177,2.06958,3.62905,-3.55539,-5.04608,6.86347,9.02231,-1.55174,2.95905,5.37741,3.79814,-3.5308,-8.55923,5.18333,8.72177,-9.60329,5.74568,1.74649,-3.62,-0.487116,1.09676,-1.28451,4.63688,4.16889,8.6851,-5.07407,-5.80085,1.79785,9.55271
-4.87017,3.82887,1.92487,7.31844,4.71823,7.00818,1.20296,-2.60879,8.46929,9.34569,-3.24952,-2.28512,-3.07873,4.95452,9.99583,4.31428,-7.04656,4.10544,-1.2237,4.31117,9.90505,-6.58874,3.24842,-8.70435,9.44425,6.40483,6.81202,-5.25802,9.75009,9.96328,-2.26023,-6.46968,0.555693,-9.24818,5.40863,2.51789,-5.06363,5.28453,-9.05582,-1.48956,2.56538,0.297866,3.988,6.93246,-3.46525,7.57135,-7.98509,-0.670347,9.90844,8.62941,-4.29226,-6.00401,-9.23753,-4.35528,-4.33291,-9.85659,6.95387,7.98715,5.42034,6.70457,-4.47775,7.07558,7.79863,3.92186,-2.1595,6.86887,4.78335,5.20288,6.84542,9.97642,0.501121,-6.1813,2.62281,0.971627,-0.37516,4.7774,-0.832479,-0.899817,2.27571,-2.6724,7.35903,-9.79801,-3.24518,0.0183107,0.292957
5.13878,9.63882,-5.84064,7.83504,0.84936,-6.57457,-4.58205,0.670163,-2.09705,1.7318,-4.09831,-3.07873,-2.19964,3.88273,-5.01417,-3.50402,-0.35207,0.141044,-3.43356,5.15003,-1.64424,3.78636,4.82562,-5.71905,-5.55021,-1.35415,-2.69057,-7.51545,-0.466783,-6.55351,-4.73983,4.25891,-1.25401,-6.18866,-5.59933,6.34625,-4.26575,4.69846,0.329708,3.54299,7.87749,-9.97831,-9.76916,-8.95408,4.34379,9.47452,1.75269,5.39515,8.05735,-3.57306,2.69123,7.6006,3.16986,6.8105,-7.75219,8.33719,-0.351694,0.188674,9.61523,2.69752,0.852254,9.4912,-6.09234,4.41775,3.53953,-7.30274,0.0712789,6.81206,-0.316252,9.67258,-6.82482,0.312154,-8.73568,-0.392825,-1.91606,3.48821,6.24934,-5.00886,-7.97132,4.7527,-3.95614,2.13566,2.9925,-7.61491,6.79928
-6.09651,3.5155,-1.51323,7.06731,-8.28594,2.7622,7.18388,8.56564,7.82529,3.64677,-5.74644,4.95452,3.88273,6.40766,-4.89822,-9.01528,8.59964,-5.06749,-6.25614,-1.23622,-2.72055,-4.73578,7.53087,4.06595,1.5223,-5.68455,6.02393,4.9849,7.94811,-6.53328,-3.96966,5.36182,3.77941,9.25379,1.3728,3.39451,-7.51694,5.71196,3.33479,-5.30417,-8.53713,-1.80178,-6.95663,5.92271,-7.44359,-9.29772,5.01341,-9.28899,6.79994,-2.35383,-8.58467,1.76287,0.0682606,-3.21269,-8.52021,0.388809,7.33801,2.85591,9.38176,3.84429,6.92399,-3.49448,-6.62411,-4.15136,3.52478,4.79414,7.8125,6.27234,-0.892514,-5.46163,1.05421,-4.19719,2.16518,7.09499,3.30249,-5.30649,-2.98106,2.40435,-5.88753,7.26151,1.48669,-7.4345,8.16833,9.72876,1.21234
6.94789,-3.54008,-0.227402,9.14372,-2.79761,-8.17801,-4.13557,8.22981,-3.25987,-2.02823,-9.98991,9.99583,-5.01417,-4.89822,1.22338,-3.11191,-3.46996,-5.18335,6.32365,-3.72858,-9.66822,5.04366,2.0054,-3.36166,9.27079,-9.92006,-4.16142,-5.04884,-9.60059,7.32291,0.495468,1.54511,1.96501,6.48522,9.43698,-0.958567,-3.74534,-6.09588,0.324862,-7.04375,4.40711,0.716517,-8.30866,1.84903,-3.48922,9.39922,3.95746,-9.26851,-5.27505,6.32844,9.86759,1.86555,6.97198,8.84805,4.32251,0.825695,3.1444,0.65389,-8.91906,-1.86014,-8.24995,2.1818,-1.39439,-6.58196,-8.30916,8.00566,-0.588473,-8.86217,-6.87953,5.54671,-9.16371,-4.7538,-1.09977,-9.99592,3.12118,-4.21443,8.6916,1.11413,1.55178,-3.20813,-7.6229,4.14299,6.02825,5.21462,3.1019
5.34137,-2.54841,-7.88144,-0.301369,-8.92097,-4.58841,-9.54187,3.74439,-6.05771,1.42636,3.97027,4.31428,-3.50402,-9.01528,-3.11191,9.96668,2.2809,0.20206,4.43177,-1.93138,-6.43018,-7.67269,-2.13232,-8.9566,4.58693,7.81579,4.07298,2.75571,-0.963126,7.29138,1.82284,-0.905991,-0.743133,5.78852,0.0861504,-5.69655,7.35891,4.60355,-4.27465,-5.37261,-8.04698,-2.66768,-5.12512,5.19194,0.345864,5.37632,-0.596187,6.05203,-6.68923,0.825937,6.9521,-3.96698,-7.03316,7.93609,-7.28065,1.06073,3.32643,2.01078,9.22642,-7.2542,-8.86217,2.16823,2.17198,-1.84557,8.98496,7.30807,0.731783,-4.43085,6.67614,-1.547,-1.61015,-1.03401,-9.35269,0.97698,-5.74033,8.75641,-8.98366,-5.54254,-3.57037,4.26647,7.10759,4.25057,5.47851,-8.67833,8.90011
-6.81972,-9.86858,-9.84539,-5.82924,4.69829,-6.27374,4.51582,3.44684,4.83172,-2.6343,-2.01286,-7.04656,-0.35207,8.59964,-3.46996,2.2809,-9.34009,4.85595,2.91428,-4.30357,5.84426,-3.09612,-8.84314,5.44538,1.44352,4.36805,3.26366,-9.69663,3.79805,-7.25974,8.47155,5.48532,-3.46994,-1.74721,2.56845,7.7625,-1.74144,1.43378,0.875731,2.48858,-3.94318,4.50936,-7.0823,-8.33047,-4.0328,-8.48798,-2.58823,2.74384,-4.21789,-1.96625,-1.96573,-5.80707,7.46924,7.11174,-5.85327,1.58567,6.41192,-3.50043,2.71908,-4.72169,-5.44793,-1.30149,5.95257,7.0009,-0.396198,6.44387,-9.82542,-2.86151,9.85479,0.720096,-7.4092,0.598251,-6.26129,1.25288,-8.79015,7.11388,6.85946,8.98752,-6.64347,-3.58633,7.87349,-2.90623,-9.09071,8.92227,-5.64011
8.39697,1.76328,0.61933,7.69972,-8.27778,3.33692,7.56147,-4.43373,-7.64309,-2.83323,-3.16284,4.10544,0.141044,-5.06749,-5.18335,0.20206,4.85595,-7.60899,-7.45541,-5.04005,5.34784,-2.95645,-7.32231,5.3877,3.10714,4.14839,3.76972,3.87957,-9.68568,0.74303,-2.07812,7.1092,-9.72819,5.12716,-6.82828,8.6339,-2.11521,-8.36011,-2.03472,-5.13746,1.7126,1.00244,6.07024,-4.32021,1.83352,1.77248,1.80636,-9.60427,-1.71624,3.97772,4.49003,-4.73084,-2.64038,-5.1462,-3.93118,-7.66717,-3.81411,-8.8241,1.7595,-1.04371,2.62309,4.96086,-1.60046,0.394304,-7.03919,6.33047,8.54337,-3.5424,-3.56026,-0.4807,-8.45917,-0.924131,8.90107,7.93839,7.40034,-5.20512,7.67568,8.95711,9.73151,-7.9119,5.21703,-5.12652,-5.24509,-4.04854,-6.07297
2.39776,3.19119,-1.62523,-3.36854,-3.19072,-2.66741,7.17636,9.06773,-2.21556,-8.21823,-2.68044,-1.2237,-3.43356,-6.25614,6.32365,4.43177,2.91428,-7.45541,4.81647,8.21205,-8.33817,9.02284,1.82736,-3.19191,-3.99892,0.510845,9.10049,4.01882,-4.84493,-3.07208,-7.30814,9.78414,7.48771,4.8283,7.8598,-6.3629,-0.202258,-4.37053,5.34167,-6.26424,6.58949,3.87047,-0.786022,3.47798,7.30328,-1.57454,1.22469,-6.66114,-7.73549,-2.24757,1.58625,0.277609,3.37213,-1.54792,-2.84843,-6.17958,-8.48361,6.14526,-9.36509,-5.92593,3.6218,-1.9122,-4.2651,-0.454827,-9.92409,3.54222,9.39237,-3.8825,8.33477,-1.42843,-7.05602,1.61854,7.78251,4.17377,8.15724,8.5338,-5.89979,1.53557,3.42183,-3.61355,7.96341,-9.00953,6.35114,-8.39819,-9.22257
7.53475,-5.33999,2.86092,0.833108,2.08475,7.11838,-2.19332,4.3565,6.13625,0.022979,8.88671,4.31117,5.15003,-1.23622,-3.72858,-1.93138,-4.30357,-5.04005,8.21205,4.79777,7.8779,-2.74343,-7.68932,4.44341,5.25337,7.60582,-7.49031,-0.0217648,0.699255,-1.30573,2.66529,-9.38605,-8.51714,-7.74451,6.81611,-0.613875,6.02351,8.63326,-0.82739,-3.16504,4.93315,4.43451,-3.64486,-6.27016,-0.868776,-2.82939,6.27901,9.21355,8.33803,-9.70197,-7.57455,0.466552,-5.56493,4.73892,4.42665,-8.68832,2.96021,-6.1787,-8.05623,5.91512,-0.355027,2.73123,6.57574,-2.35264,-8.94912,-5.3223,-3.11207,4.4505,-3.08905,-1.9962,0.854675,-4.02815,8.39133,9.49007,4.06379,-5.18875,-1.34363,4.80555,5.09305,-7.15952,9.94785,0.803214,-1.98853,-6.08386,6.01592
1.673,-7.72756,9.27073,5.27864,7.48286,1.5357,8.0313,0.582439,-8.22177,0.65696,7.52887,9.90505,-1.64424,-2.72055,-9.66822,-6.43018,5.84426,5.34784,-8.33817,7.8779,2.23772,2.29316,7.30851,-5.40821,7.52885,0.893002,1.68082,1.85188,5.28776,0.925458,-0.272169,0.755177,5.17096,3.73441,6.42015,1.51419,-0.911058,3.22736,8.36959,-1.24566,-1.93444,1.24233,7.52409,-9.75074,-4.12292,-9.08425,-5.65024,1.18881,-0.131648,1.15741,-8.94792,3.79792,-3.71365,-6.6281,4.31182,6.67151,2.94171,6.01209,-6.20553,2.28961,-0.884226,1.74742,7.51249,-2.59984,0.906055,8.55493,-5.10088,0.192725,-8.45785,5.45273,9.58789,-3.72231,3.74724,4.43063,-0.364398,-0.11548,-3.64151,-5.50186,0.678466,-8.45161,9.32397,8.26764,-1.38231,9.80709,-2.35261
-7.53359,-0.520369,6.12654,-5.62588,9.14582,-4.79451,5.50449,-0.346621,9.64285,-8.63359,-9.03049,-6.58874,3.78636,-4.73578,5.04366,-7.67269,-3.09612,-2.95645,9.02284,-2.74343,2.29316,5.74329,5.29988,2.87059,4.12031,3.06914,-2.31222,3.45327,-7.50438,-4.40993,-3.23887,7.53568,-1.05862,2.69284,-7.0611,-0.449228,-9.52363,8.77302,-4.39713,-8.62662,6.30677,0.349077,-5.77212,2.31736,0.328642,-7.76976,-7.32791,-3.43648,-7.47565,-9.01617,8.53186,3.81357,5.25589,3.72385,-9.60639,-3.81781,-7.1115,-4.2204,3.59668,-7.06019,1.90465,-4.04433,2.87312,5.15353,-2.33981,-8.07359,4.97643,0.322285,-6.51285,-8.78328,1.1876,8.2294,-8.61901,-8.98078,5.12884,9.75235,-6.04757,-4.03461,0.454843,-4.65229,-4.74941,-0.85923,9.14196,-5.42237,3.57406
0.413839,-9.58772,2.77522,7.96354,-1.3377,-8.22019,6.35084,2.97192,9.18157,8.64119,-4.97638,3.24842,4.82562,7.53087,2.0054,-2.13232,-8.84314,-7.32231,1.82736,-7.68932,7.30851,5.29988,-4.29799,-7.20236,6.48752,0.66464,0.279885,-3.95939,2.66716,1.99714,-2.71409,3.21302,0.889156,7.92688,-7.63703,2.61865,-7.21334,4.64593,8.87461,-6.39341,-7.05123,4.28516,0.507582,9.81114,-4.28958,0.681157,-7.43732,-4.77296,4.03432,2.69514,-1.82586,1.76057,5.40738,-3.54627,1.45273,-3.58193,-9.16748,6.55275,-6.07014,6.83875,5.08411,6.0449,-9.61202,3.80986,-8.81985,-7.9366,-6.45158,-6.88812,-8.6422,-7.37004,4.67001,-7.50057,-8.79563,-4.75441,-6.68869,8.63591,-2.91913,-7.95303,7.53496,-6.28776,4.61265,6.98387,-4.60339,-4.57539,4.14463
-1.4534,-1.72823,5.77075,2.07879,2.92706,-7.38629,-9.24515,-9.88179,6.52794,-0.889297,5.55323,-8.70435,-5.71905,4.06595,-3.36166,-8.9566,5.44538,5.3877,-3.19191,4.44341,-5.40821,2.87059,-7.20236,-1.2388,-4.62709,-7.29781,8.40529,9.87829,9.96696,6.67042,-7.25118,8.76666,-1.68704,8.97215,-3.56835,6.36203,-5.83324,-2.14534,1.49872,-6.31122,-2.91909,-0.624443,0.321594,-7.05694,9.16079,7.24642,8.53556,-8.44518,5.04393,-0.988556,3.17462,3.96375,5.95802,-0.281441,8.62305,-1.76063,-4.00221,7.87998,1.51951,-7.39023,7.84104,-4.33432,4.40839,-7.38851,-7.16173,8.52742,4.76569,0.828394,3.76969,7.96169,-6.87168,2.536,-2.91038,2.67756,2.71746,-8.08975,6.45373,0.232071,8.65671,-8.51506,9.99755,0.644943,6.43509,2.68074,4.07334
-1.90027,1.68182,1.35333,-5.73385,-8.14156,-2.79601,4.52043,-7.03569,-0.988669,-4.18409,-7.50593,9.44425,-5.55021,1.5223,9.27079,4.58693,1.44352,3.10714,-3.99892,5.25337,7.52885,4.12031,6.48752,-4.62709,9.72976,3.72721,7.5117,3.44841,-6.81167,1.57226,-5.12171,-0.671686,-8.93002,-0.495312,-9.68967,-3.96257,-1.39842,2.44793,6.97433,-7.86395,-4.44364,-2.89236,-5.68902,-7.9597,-7.592,-9.44588,-2.09789,2.84481,2.22924,-0.288715,-0.403681,9.84278,9.93926,2.82159,0.214905,0.726752,-0.502059,-3.33721,2.69197,-5.66829,6.68043,5.91745,-0.303426,2.75772,-7.31441,9.04712,3.20782,-4.00459,2.83484,-3.42112,0.628586,-9.5197,-0.191621,-1.46816,7.01486,-1.7297,-1.22564,-1.59447,5.44358,2.45589,2.97186,0.976771,9.38732,-5.63609,-5.81766
-2.20617,3.11724,8.16406,-9.42395,7.8486,8.18991,4.78345,-3.48274,7.38768,9.44662,7.75278,6.40483,-1.35415,-5.68455,-9.92006,7.81579,4.36805,4.14839,0.510845,7.60582,0.893002,3.06914,0.66464,-7.29781,3.72721,-7.94859,-4.52745,-0.272101,-2.54998,-9.92884,1.44496,-8.5564,5.46363,-2.98202,-2.02966,-5.73101,6.67395,-8.94758,-4.46281,-7.92701,5.79668,-2.09769,6.65653,5.71941,2.60373,3.24111,2.17959,8.54697,-2.05503,-8.66041,-6.98749,1.44929,2.81755,4.95319,4.16608,5.30896,-3.8897,7.99237,-7.04792,2.74816,-3.66516,-0.369342,-3.38241,9.28206,-4.2144,-1.52082,-9.83197,5.12997,-9.55731,6.47103,9.37918,-4.04334,-7.50531,-6.26919,-9.17511,2.24548,-0.846872,-7.11506,6.51666,9.36788,6.43144,-1.09484,7.02723,8.14212,5.9226
-5.56285,-0.0958092,2.84747,-0.619301,-1.13742,-1.88186,-9.00982,-5.59834,-0.399618,-8.83841,-4.64176,6.81202,-2.69057,6.02393,-4.16142,4.07298,3.26366,3.76972,9.10049,-7.49031,1.68082,-2.31222,0.279885,8.40529,7.5117,-4.52745,3.41025,-2.95703,0.197025,2.74041,-7.07372,4.80423,-0.768207,-4.33603,-3.58469,7.58834,-6.07015,-9.14508,8.64963,7.29082,2.89415,9.85415,-5.54217,-8.10724,-4.0642,-6.64838,1.59844,2.37435,-2.33718,-8.17434,-9.37832,-5.98652,9.11391,-8.19103,-1.69423,-5.21339,4.27258,8.2362,8.19382,6.87371,-4.61891,4.32257,8.31687,1.60748,-1.93618,8.61899,7.29268,6.74726,0.584954,-0.73136,1.0426,5.4167,8.51149,-3.3939,0.309642,2.54481,-5.96275,8.22096,2.76719,-5.08532,-6.34993,-2.56989,-7.0039,1.50657,-4.28951
-0.703994,-4.71134,0.979532,-4.67676,1.59345,7.10118,-5.79585,-2.33828,-9.62473,5.48773,-3.50855,-5.25802,-7.51545,4.9849,-5.04884,2.75571,-9.69663,3.87957,4.01882,-0.0217648,1.85188,3.45327,-3.95939,9.87829,3.44841,-0.272101,-2.95703,2.78802,9.57507,0.454662,-7.60494,-0.940828,4.19706,0.163461,-4.97618,9.56434,-3.14478,-3.23421,-3.74236,1.4803,5.53627,-1.6769,-2.30764,7.87883,4.55631,-4.83643,-3.16323,7.47885,6.04893,-9.26337,-4.22735,2.48002,9.89141,-6.14444,-3.81792,-4.36185,-5.5411,9.78666,-6.05608,6.10319,5.69207,-8.38644,-6.73469,8.79186,-4.27586,5.33,-9.70048,0.818174,-4.95653,1.3048,-1.65515,-9.12264,-9.38553,-8.11063,6.10971,-1.81425,-0.272706,3.40042,1.97684,-7.9025,-7.40506,4.62442,-4.23586,7.31201,6.57662
6.24447,-8.02469,1.58793,2.75742,-6.07089,6.14643,-4.24986,-2.01736,-1.58138,1.50295,-1.5648,9.75009,-0.466783,7.94811,-9.60059,-0.963126,3.79805,-9.68568,-4.84493,0.699255,5.28776,-7.50438,2.66716,9.96696,-6.81167,-2.54998,0.197025,9.57507,-6.66904,-4.33153,-3.2793,-9.85543,6.381,7.79809,1.6574,-2.72406,-1.46967,6.72965,-6.45904,-4.40556,-9.31826,-7.48009,-6.29306,-5.96888,-7.28738,2.68764,-2.7996,-7.70284,-3.38345,-6.86457,-8.72171,5.33667,7.35536,-3.03316,9.39447,-8.58817,-2.20348,9.99238,5.43243,-7.31783,-6.45472,-0.734955,-9.99248,-7.93289,8.08871,-3.54967,-3.62155,-4.94109,8.41912,2.61696,1.78125,-3.53827,-0.988783,6.68553,-9.36707,7.11278,0.371871,6.61721,-3.23015,-6.60176,-0.0817104,-0.00676468,-0.715317,3.20067,-5.53899
4.83587,3.60928,-2.15468,4.35557,7.40051,9.40468,-2.69948,3.85855,-7.18,-4.31423,-1.90077,9.96328,-6.55351,-6.53328,7.32291,7.29138,-7.25974,0.74303,-3.07208,-1.30573,0.925458,-4.40993,1.99714,6.67042,1.57226,-9.92884,2.74041,0.454662,-4.33153,-6.70327,8.53753,4.47251,-7.18855,1.83742,-2.82692,-8.69654,3.8332,3.91292,8.12988,-9.31475,-0.789428,-5.42355,-0.058897,2.12882,4.19922,-9.68361,-8.35638,5.57396,-7.89016,-6.53867,-0.912495,5.87261,-4.50283,-4.07863,3.23853,8.06605,5.36082,0.486686,1.8179,1.61257,-4.32697,-1.24874,-2.47617,-0.973312,-4.38445,-8.93306,-2.83457,8.89191,4.90113,6.56114,6.04463,7.04745,-4.43518,-1.20822,-5.90917,-5.62179,-6.4961,5.86363,-5.21657,-4.07911,4.82967,9.2094,8.79602,5.25611,5.53919
3.64806,3.22007,-0.484129,-7.21378,6.51312,-8.31515,2.7316,-0.766612,-7.04063,7.16228,-5.30878,-2.26023,-4.73983,-3.96966,0.495468,1.82284,8.47155,-2.07812,-7.30814,2.66529,-0.272169,-3.23887,-2.71409,-7.25118,-5.12171,1.44496,-7.07372,-7.60494,-3.2793,8.53753,6.89342,3.60736,-5.75639,7.00964,-0.482225,1.11913,-5.2435,9.10802,8.96275,2.6146,-1.21526,-8.7937,5.90758,0.846744,0.577392,9.3775,6.32866,3.39337,-6.7957,8.25255,8.24344,-9.57908,-5.91486,-0.0822831,4.40224,-9.94932,-6.84373,-1.5326,1.59515,6.89706,-1.82238,3.2428,-7.4141,5.36319,8.18104,-8.88768,8.15589,-8.48685,-6.51482,-3.95436,-3.01535,-6.05991,6.48228,-9.04656,5.94088,-8.63343,-2.44756,0.353063,0.512512,-9.73987,8.5489,5.73507,-6.7858,-5.12379,9.48507
-4.96421,-9.91474,0.568381,9.17774,-9.24354,-5.07866,6.5917,6.16374,2.11147,8.7939,2.82553,-6.46968,4.25891,5.36182,1.54511,-0.905991,5.48532,7.1092,9.78414,-9.38605,0.755177,7.53568,3.21302,8.76666,-0.671686,-8.5564,4.80423,-0.940828,-9.85543,4.47251,3.60736,7.22495,8.59785,-2.42317,-0.286613,-6.41518,-4.97813,2.41418,1.14604,8.9309,0.00431279,5.79558,-0.516511,-3.43121,7.37877,4.52224,-9.39024,-3.8612,-9.62439,-2.98542,3.71474,1.87954,-2.5991,4.14932,-0.81569,4.63651,-8.36329,-0.968887,0.0233179,4.13059,8.18384,-3.32314,5.55884,6.35839,-4.19677,-7.07221,1.0828,5.91875,8.74828,-1.68152,-8.2689,6.6703,-3.66592,-4.91598,-6.90864,-1.15494,-6.53759,-5.58213,3.62723,-4.12457,4.20954,4.64024,2.03332,9.04812,-0.370569
4.6291,3.03324,7.93233,5.28181,4.1498,1.90087,-7.98405,1.11527,8.50362,7.47895,1.62709,0.555693,-1.25401,3.77941,1.96501,-0.743133,-3.46994,-9.72819,7.48771,-8.51714,5.17096,-1.05862,0.889156,-1.68704,-8.93002,5.46363,-0.768207,4.19706,6.381,-7.18855,-5.75639,8.59785,-9.19828,-6.75398,6.81265,2.61318,-8.70301,4.00313,-8.65122,6.77809,-9.10047,-0.911518,-5.51641,-3.72681,6.60343,0.108719,1.37972,-9.83727,8.45189,8.57824,4.89891,2.46396,5.45785,-2.08853,-4.87174,0.912261,-4.97839,5.87356,9.41663,-5.04671,0.338261,-7.28144,-3.30211,-4.04453,-2.20778,-6.68041,-0.294525,1.75573,-9.1056,-8.09886,1.41281,-0.46298,-1.43065,7.17628,8.48107,-0.481685,-1.39299,3.41172,-9.74729,-0.204017,-0.0962867,0.974561,1.67894,8.72305,-3.53324
-8.14691,-6.60135,1.96763,-5.56777,-2.73706,1.45502,6.11222,-8.33581,4.74026,-4.05019,2.60494,-9.24818,-6.18866,9.25379,6.48522,5.78852,-1.74721,5.12716,4.8283,-7.74451,3.73441,2.69284,7.92688,8.97215,-0.495312,-2.98202,-4.33603,0.163461,7.79809,1.83742,7.00964,-2.42317,-6.75398,-8.05662,4.44842,2.63217,-1.51079,-9.51343,-2.12317,9.31699,-9.70461,8.18196,4.05253,-7.78081,5.8518,-0.121048,-9.07778,-3.71818,9.53766,-9.5154,-0.94727,5.75425,4.59354,-4.41226,-0.782372,4.61874,-8.91733,0.702097,-7.72602,-3.34363,-6.88625,5.82471,-8.32937,-6.39724,-4.16604,-6.17008,6.27982,3.67914,0.0843118,-6.63748,0.83865,5.68717,9.15463,-5.42334,2.40653,5.78503,1.52297,-8.13348,-3.93462,9.6474,-1.64514,-9.1957,6.00715,5.54509,-9.36265
5.70559,-2.22421,5.76401,-7.8754,-2.96851,-1.502,-3.16541,-3.73547,4.4224,5.10463,-1.78141,5.40863,-5.59933,1.3728,9.43698,0.0861504,2.56845,-6.82828,7.8598,6.81611,6.42015,-7.0611,-7.63703,-3.56835,-9.68967,-2.02966,-3.58469,-4.97618,1.6574,-2.82692,-0.482225,-0.286613,6.81265,4.44842,7.70589,5.08428,-7.25693,1.89999,4.29218,5.9343,-8.66642,3.99069,6.26055,-2.56771,-4.92914,-9.54057,5.08431,-1.49747,4.39388,-7.26607,8.38313,9.953,-9.99618,-9.09514,3.39875,8.92488,-5.239,-2.92414,6.38594,2.61093,-9.46652,2.3152,-8.98583,-9.51791,1.30065,6.35633,-9.78112,-2.67736,4.0856,4.85672,3.13833,-2.81031,-5.32883,-6.27374,7.37651,-3.85714,6.3619,-6.63444,2.25477,1.10706,4.76882,9.02068,2.97116,2.75043,-4.12742
-8.39157,-0.151027,-3.80693,-4.70997,-0.428792,7.57284,-0.270004,4.89961,0.23702,2.15052,-8.48824,2.51789,6.34625,3.39451,-0.958567,-5.69655,7.7625,8.6339,-6.3629,-0.613875,1.51419,-0.449228,2.61865,6.36203,-3.96257,-5.73101,7.58834,9.56434,-2.72406,-8.69654,1.11913,-6.41518,2.61318,2.63217,5.08428,8.711,-0.860066,9.55822,9.8608,0.152018,0.456334,-1.84789,-5.61716,1.6853,3.79761,0.929971,0.354277,-4.07768,1.96875,-6.63106,-9.91369,-9.77472,-9.00689,-9.50202,9.09479,2.42872,-2.77336,-2.99196,-5.26346,0.387906,6.09216,4.1314,-5.79537,0.903072,2.5123,-0.290822,-7.52632,5.48503,-7.55635,1.27717,0.0813287,4.17039,-8.11039,1.8382,3.44312,2.10751,-5.87163,2.05585,-5.98049,-7.7587,-4.74183,4.17119,-0.597267,-1.16481,-0.795178
2.94631,-9.94748,3.91905,4.27007,7.88875,9.80291,-4.13379,6.92518,3.46193,1.94007,0.0908122,-5.06363,-4.26575,-7.51694,-3.74534,7.35891,-1.74144,-2.11521,-0.202258,6.02351,-0.911058,-9.52363,-7.21334,-5.83324,-1.39842,6.67395,-6.07015,-3.14478,-1.46967,3.8332,-5.2435,-4.97813,-8.70301,-1.51079,-7.25693,-0.860066,4.70932,-9.20025,4.58798,-7.27047,7.41829,7.24108,-7.76146,2.88427,-1.19085,9.40363,-4.62727,-0.465891,-7.88094,-0.307257,-1.60814,2.09035,9.90362,5.81744,0.604866,4.02211,-8.74835,-2.86971,4.77689,2.37382,6.53264,-7.65413,-8.6931,9.05915,4.4475,-9.50383,-7.87824,-9.76836,8.3643,1.69129,1.87783,-5.85801,1.48286,-0.498278,5.70119,8.67907,-2.06875,6.76982,5.6815,2.63617,-0.229896,8.95365,-6.05125,6.49566,-3.33184
-0.117848,-7.92874,-1.74958,9.26296,-2.2458,-9.96359,8.71006,-5.50346,-2.52422,6.68555,5.55264,5.28453,4.69846,5.71196,-6.09588,4.60355,1.43378,-8.36011,-4.37053,8.63326,3.22736,8.77302,4.64593,-2.14534,2.44793,-8.94758,-9.14508,-3.23421,6.72965,3.91292,9.10802,2.41418,4.00313,-9.51343,1.89999,9.55822,-9.20025,-2.32755,9.90327,-7.70817,9.78717,-3.07495,-9.76042,-7.46711,-3.33538,0.896722,0.656777,-9.04036,-9.91009,4.40133,3.75332,9.41968,3.37549,-4.67899,0.806666,-4.70919,-9.25451,-3.05847,7.80813,2.43542,0.790121,-8.33696,5.07056,-0.857084,9.71575,-5.1527,-6.33949,-0.282208,-4.96638,6.41249,-2.10268,0.68859,-6.96246,0.890292,1.10172,8.96648,-9.89651,-8.02946,-5.42092,-9.00939,-5.89628,9.13391,-6.69886,-7.97477,9.30828
9.16149,-7.27627,-2.43263,4.74837,-7.29652,9.81742,-3.29506,-0.0317604,-5.69985,3.72716,9.6964,-9.05582,0.329708,3.33479,0.324862,-4.27465,0.875731,-2.03472,5.34167,-0.82739,8.36959,-4.39713,8.87461,1.49872,6.97433,-4.46281,8.64963,-3.74236,-6.45904,8.12988,8.96275,1.14604,-8.65122,-2.12317,4.29218,9.8608,4.58798,9.90327,-9.7186,8.75329,-5.43162,2.65949,-5.13302,2.08416,-4.05064,-4.55505,6.83309,-0.648674,0.9993,-8.17452,0.107687,-3.72047,-7.71711,-2.13098,3.66384,6.76471,-8.48021,-9.29049,2.42693,-2.35013,-7.47152,9.14213,0.971029,1.24158,-4.476,5.41411,-5.20338,8.92802,3.86735,5.54055,2.70025,-1.39081,5.39582,1.82097,-6.76326,-8.68208,7.4746,-0.452669,3.96208,-8.22815,9.03353,7.93989,6.85935,1.88322,-8.56836
-8.51928,9.29972,-8.62385,6.13164,7.02139,2.41702,-0.392116,-6.46266,2.73659,-4.83587,7.03998,-1.48956,3.54299,-5.30417,-7.04375,-5.37261,2.48858,-5.13746,-6.26424,-3.16504,-1.24566,-8.62662,-6.39341,-6.31122,-7.86395,-7.92701,7.29082,1.4803,-4.40556,-9.31475,2.6146,8.9309,6.77809,9.31699,5.9343,0.152018,-7.27047,-7.70817,8.75329,9.81983,6.63847,-2.03548,5.50667,1.98982,-9.99816,-6.492,8.30177,5.59676,-6.2068,4.26555,-7.1273,-7.0959,-7.71309,5.02182,-3.87157,7.04914,9.23558,4.81282,-3.79263,1.32708,-2.70693,-3.88755,-1.4003,-0.684195,-4.01744,5.27467,-6.15413,-8.62047,5.70953,7.24313,-5.48793,-6.69472,2.92583,1.58809,7.67941,-0.242017,-4.20601,-0.271991,3.3984,3.85996,-9.89165,5.69974,8.43546,-3.36594,-7.82104
-6.31634,-9.03062,-8.71401,-2.72295,6.05031,2.10978,8.78711,-5.76077,4.29058,0.484226,3.87575,2.56538,7.87749,-8.53713,4.40711,-8.04698,-3.94318,1.7126,6.58949,4.93315,-1.93444,6.30677,-7.05123,-2.91909,-4.44364,5.79668,2.89415,5.53627,-9.31826,-0.789428,-1.21526,0.00431279,-9.10047,-9.70461,-8.66642,0.456334,7.41829,9.78717,-5.43162,6.63847,1.98445,-6.31569,5.80094,0.443928,0.46952,-0.412303,0.28657,3.88891,-0.724492,0.633323,4.78111,3.12558,5.1669,-2.35553,-3.41198,-6.77198,-0.750708,1.2591,-0.550007,8.39615,-0.489794,0.916438,-5.77366,-5.88595,-4.59211,1.24883,2.54629,8.10852,9.55182,-4.21328,-7.7812,-1.00681,-0.0924092,-5.75679,9.41689,-4.22696,-1.55604,4.17344,5.23157,9.94708,-3.30553,-3.96267,-6.23218,0.0164707,-6.07993
9.07182,2.25525,-0.490851,-9.01965,-1.79373,-7.871,1.642,8.78401,6.22827,-9.17505,-9.04897,0.297866,-9.97831,-1.80178,0.716517,-2.66768,4.50936,1.00244,3.87047,4.43451,1.24233,0.349077,4.28516,-0.624443,-2.89236,-2.09769,9.85415,-1.6769,-7.48009,-5.42355,-8.7937,5.79558,-0.911518,8.18196,3.99069,-1.84789,7.24108,-3.07495,2.65949,-2.03548,-6.31569,3.99194,5.08729,5.50287,-1.98307,-7.30885,8.53241,-2.87854,-9.44486,4.61938,3.73933,9.95166,3.58,8.54755,4.8794,3.67131,-4.70473,4.55758,6.47748,-8.61905,9.84174,2.12585,1.64619,8.18796,-9.72898,1.22447,-4.61171,7.75777,7.02921,-7.92252,-8.21673,9.1558,-5.04371,-3.84501,9.39229,-5.65338,-4.76884,4.71014,-3.37655,2.33518,-9.63469,-7.27837,4.67007,-4.50175,3.80505
-7.772,4.06886,-6.20728,9.83872,-3.39924,-4.76401,9.36728,-9.52694,4.76309,9.42671,9.65685,3.988,-9.76916,-6.95663,-8.30866,-5.12512,-7.0823,6.07024,-0.786022,-3.64486,7.52409,-5.77212,0.507582,0.321594,-5.68902,6.65653,-5.54217,-2.30764,-6.29306,-0.058897,5.90758,-0.516511,-5.51641,4.05253,6.26055,-5.61716,-7.76146,-9.76042,-5.13302,5.50667,5.80094,5.08729,-7.5834,2.663,7.0235,-7.52202,6.91344,-7.57734,-9.05716,-1.37064,-6.98746,7.62957,-3.9551,1.78566,8.68218,-5.85033,6.24536,1.39431,-7.30783,-6.42533,-0.1704,-9.3169,-8.12757,-8.32014,3.12657,-8.81221,1.95403,-5.57901,-9.57255,3.04608,7.54263,-6.09647,5.45406,-4.41484,-0.559545,-7.46979,7.25129,-5.15552,-3.16289,7.7815,1.92754,-0.995273,-8.83179,4.65688,5.64597
-6.06448,-8.54135,-5.40597,-1.80587,5.94754,0.369021,-5.70038,8.15269,-2.0034,7.35687,7.78249,6.93246,-8.95408,5.92271,1.84903,5.19194,-8.33047,-4.32021,3.47798,-6.27016,-9.75074,2.31736,9.81114,-7.05694,-7.9597,5.71941,-8.10724,7.87883,-5.96888,2.12882,0.846744,-3.43121,-3.72681,-7.78081,-2.56771,1.6853,2.88427,-7.46711,2.08416,1.98982,0.443928,5.50287,2.663,-5.99618,-8.82666,7.43488,0.507772,0.135091,-2.91611,-7.913,6.82507,-2.23401,-7.60938,-2.08517,3.95058,8.36464,-8.8114,-6.53389,8.34615,9.76659,6.34944,4.41923,1.39178,-8.50472,-3.04899,-5.35768,2.70728,8.22134,0.11214,-2.10292,-7.49628,-0.969605,1.24733,0.766138,-2.51212,9.05851,4.64482,-1.36291,2.49608,5.65178,-6.28161,3.32704,6.83753,-3.30589,7.48038
2.59997,9.30977,-4.46076,-1.73696,-4.39222,-3.7138,0.00972098,-6.50574,-4.35659,-3.31172,3.78512,-3.46525,4.34379,-7.44359,-3.48922,0.345864,-4.0328,1.83352,7.30328,-0.868776,-4.12292,0.328642,-4.28958,9.16079,-7.592,2.60373,-4.0642,4.55631,-7.28738,4.19922,0.577392,7.37877,6.60343,5.8518,-4.92914,3.79761,-1.19085,-3.33538,-4.05064,-9.99816,0.46952,-1.98307,7.0235,-8.82666,-1.94122,-0.99946,-5.37657,5.45498,5.35608,5.3538,-6.67559,-9.9544,8.96422,-5.40885,-3.44684,-4.15369,-2.97952,9.89753,0.327669,6.76859,-0.469606,-7.70074,2.23929,-1.27438,0.156111,1.90786,-4.10723,-9.92246,-4.89544,7.13986,5.49018,8.57018,-4.35394,-5.58741,9.91058,4.33394,9.19383,1.48933,6.0286,5.03295,8.40293,7.66264,0.930054,2.93768,0.385866
8.18303,1.15176,-6.2128,-0.932616,6.25261,-9.57194,6.26212,-4.5295,-9.37281,0.64689,-8.19401,7.57135,9.47452,-9.29772,9.39922,5.37632,-8.48798,1.77248,-1.57454,-2.82939,-9.08425,-7.76976,0.681157,7.24642,-9.44588,3.24111,-6.64838,-4.83643,2.68764,-9.68361,9.3775,4.52224,0.108719,-0.121048,-9.54057,0.929971,9.40363,0.896722,-4.55505,-6.492,-0.412303,-7.30885,-7.52202,7.43488,-0.99946,-1.95726,0.0666201,-7.11802,-0.995374,0.839192,-0.546737,2.77732,-4.9232,-0.311868,-5.33681,-4.21538,-8.22199,2.69285,-0.216539,-3.42842,3.96281,5.28457,-0.675606,2.79616,2.87307,-7.024,-5.42717,5.34038,4.74948,9.7734,-7.49041,-3.98016,-8.41542,8.07151,5.12751,6.90726,-9.79165,0.663038,0.223366,3.88423,-8.63948,2.45346,5.63237,5.12884,4.83641
-5.52674,3.87299,7.62063,1.17834,3.97891,2.29885,-1.60343,2.72741,9.44549,5.33549,-9.23117,-7.98509,1.75269,5.01341,3.95746,-0.596187,-2.58823,1.80636,1.22469,6.27901,-5.65024,-7.32791,-7.43732,8.53556,-2.09789,2.17959,1.59844,-3.16323,-2.7996,-8.35638,6.32866,-9.39024,1.37972,-9.07778,5.08431,0.354277,-4.62727,0.656777,6.83309,8.30177,0.28657,8.53241,6.91344,0.507772,-5.37657,0.0666201,4.54443,0.214095,-8.43225,0.971354,-9.90713,8.50552,1.51709,-1.38365,-2.96131,-1.14147,3.5104,-0.212318,8.10563,0.552255,5.83542,-8.51412,-3.33317,-8.7512,-8.79634,-7.24941,-1.11099,-3.35942,9.66513,-0.17901,2.74184,6.34295,-3.06439,-7.20468,-1.66646,1.16542,6.656,0.969253,-3.09887,-7.86796,5.27974,-3.04079,-8.04974,-1.11538,6.62625
-4.83403,1.46635,-9.93958,5.05049,-0.323793,6.06279,-2.59729,-6.64648,-7.70509,-6.61078,-5.12164,-0.670347,5.39515,-9.28899,-9.26851,6.05203,2.74384,-9.60427,-6.66114,9.21355,1.18881,-3.43648,-4.77296,-8.44518,2.84481,8.54697,2.37435,7.47885,-7.70284,5.57396,3.39337,-3.8612,-9.83727,-3.71818,-1.49747,-4.07768,-0.465891,-9.04036,-0.648674,5.59676,3.88891,-2.87854,-7.57734,0.135091,5.45498,-7.11802,0.214095,-9.1102,3.25175,1.71866,6.94094,-3.81852,-3.68418,-9.76234,8.19328,5.29664,-8.25699,7.15307,6.03224,5.28391,-6.01533,0.338334,-4.16347,2.63004,-1.18791,-7.83507,-2.90935,9.94545,-1.35565,-2.37186,3.14708,4.95422,3.7131,-2.83913,-6.95741,0.728726,0.255916,-4.90102,-7.33333,-8.61395,-5.1882,-0.439267,2.46302,-1.34142,-7.63469
9.50855,3.45488,-6.33406,-8.73453,-8.50578,-2.36665,5.46084,-6.67389,-8.64692,5.80022,8.20378,9.90844,8.05735,6.79994,-5.27505,-6.68923,-4.21789,-1.71624,-7.73549,8.33803,-0.131648,-7.47565,4.03432,5.04393,2.22924,-2.05503,-2.33718,6.04893,-3.38345,-7.89016,-6.7957,-9.62439,8.45189,9.53766,4.39388,1.96875,-7.88094,-9.91009,0.9993,-6.2068,-0.724492,-9.44486,-9.05716,-2.91611,5.35608,-0.995374,-8.43225,3.25175,-6.05963,-9.40821,5.09594,-2.84224,6.3592,2.72645,6.0467,2.05443,9.93418,2.74636,-4.99437,1.74771,5.28518,-2.69714,-9.37313,-1.20795,-0.395886,-2.49094,6.04229,-8.12332,5.26198,-7.28261,-8.63903,-0.228368,1.82061,-1.87696,9.6997,-9.13883,1.5026,-9.15946,6.82495,-8.5485,-2.06411,4.50131,2.58036,8.48824,-6.02823
8.71324,-5.59463,-1.93357,9.8655,2.83323,0.177915,8.2535,-0.824026,2.16354,-9.66155,-1.53171,8.62941,-3.57306,-2.35383,6.32844,0.825937,-1.96625,3.97772,-2.24757,-9.70197,1.15741,-9.01617,2.69514,-0.988556,-0.288715,-8.66041,-8.17434,-9.26337,-6.86457,-6.53867,8.25255,-2.98542,8.57824,-9.5154,-7.26607,-6.63106,-0.307257,4.40133,-8.17452,4.26555,0.633323,4.61938,-1.37064,-7.913,5.3538,0.839192,0.971354,1.71866,-9.40821,8.13459,8.6303,5.82238,2.43667,-2.37031,8.1923,-1.92908,-1.77944,2.23153,-7.20391,8.68282,7.09977,-8.59984,-3.10645,5.60135,-3.80426,4.39394,7.4725,-5.82465,0.974648,9.12149,-4.86376,-7.03603,7.57724,-6.95777,-5.49098,-7.55982,7.65862,7.50957,-8.77033,-5.73063,-3.66722,-2.82525,4.744,-1.47419,-3.60409
2.64444,9.68018,4.56567,-3.34862,-9.37348,3.7754,-1.04734,-6.88889,-2.15678,-2.09891,-6.97789,-4.29226,2.69123,-8.58467,9.86759,6.9521,-1.96573,4.49003,1.58625,-7.57455,-8.94792,8.53186,-1.82586,3.17462,-0.403681,-6.98749,-9.37832,-4.22735,-8.72171,-0.912495,8.24344,3.71474,4.89891,-0.94727,8.38313,-9.91369,-1.60814,3.75332,0.107687,-7.1273,4.78111,3.73933,-6.98746,6.82507,-6.67559,-0.546737,-9.90713,6.94094,5.09594,8.6303,8.07874,9.63096,1.36645,-2.94622,0.482115,8.88812,-6.28216,7.40549,-9.34314,-9.40415,1.60026,-4.59667,-6.82969,1.51339,-7.34132,0.352261,8.36397,-0.000592259,-1.67494,5.80568,-8.40983,2.67628,-6.2918,4.02763,4.94756,9.41887,-1.48085,-2.06052,7.6448,-0.075837,3.26765,-6.33498,-3.77882,-4.72092,3.60673
3.59903,6.44816,8.39968,-4.56541,-1.88161,2.78522,1.80702,-0.509737,-5.56333,6.69338,-9.60332,-6.00401,7.6006,1.76287,1.86555,-3.96698,-5.80707,-4.73084,0.277609,0.466552,3.79792,3.81357,1.76057,3.96375,9.84278,1.44929,-5.98652,2.48002,5.33667,5.87261,-9.57908,1.87954,2.46396,5.75425,9.953,-9.77472,2.09035,9.41968,-3.72047,-7.0959,3.12558,9.95166,7.62957,-2.23401,-9.9544,2.77732,8.50552,-3.81852,-2.84224,5.82238,9.63096,0.923222,7.57829,7.16602,-4.24409,-2.04583,6.38085,0.0934977,-9.5681,0.147487,6.78127,5.08608,-0.254347,-0.640885,5.21912,-7.57433,1.11577,-7.5866,-3.52725,3.23967,6.03639,-2.73091,-1.18349,-9.10983,2.03251,2.34491,3.96951,-6.64443,-9.38853,-5.1493,8.44548,6.13853,6.88413,4.0268,1.82612
1.3164,4.48294,-8.36572,-5.65796,-2.85474,-2.5857,9.95232,6.05602,2.29776,6.99476,0.311757,-9.23753,3.16986,0.0682606,6.97198,-7.03316,7.46924,-2.64038,3.37213,-5.56493,-3.71365,5.25589,5.40738,5.95802,9.93926,2.81755,9.11391,9.89141,7.35536,-4.50283,-5.91486,-2.5991,5.45785,4.59354,-9.99618,-9.00689,9.90362,3.37549,-7.71711,-7.71309,5.1669,3.58,-3.9551,-7.60938,8.96422,-4.9232,1.51709,-3.68418,6.3592,2.43667,1.36645,7.57829,-8.61088,-0.328748,-2.50377,2.62289,-7.05056,2.90572,-4.28017,3.68217,7.18671,-7.03905,-9.45442,-8.59925,-4.00267,-7.83668,4.96393,-5.73631,-0.650981,-5.45134,-8.0714,1.7554,-9.48535,-8.02967,-9.50665,-6.53159,2.64255,-9.49201,8.4407,-0.959379,-5.07012,9.10411,-8.92692,0.984194,-2.49441
7.00493,-9.12277,7.43598,8.91005,8.19033,5.24559,9.70249,-7.61601,-3.34746,5.89,-2.99993,-4.35528,6.8105,-3.21269,8.84805,7.93609,7.11174,-5.1462,-1.54792,4.73892,-6.6281,3.72385,-3.54627,-0.281441,2.82159,4.95319,-8.19103,-6.14444,-3.03316,-4.07863,-0.0822831,4.14932,-2.08853,-4.41226,-9.09514,-9.50202,5.81744,-4.67899,-2.13098,5.02182,-2.35553,8.54755,1.78566,-2.08517,-5.40885,-0.311868,-1.38365,-9.76234,2.72645,-2.37031,-2.94622,7.16602,-0.328748,1.77499,5.32272,8.5469,-8.93945,-0.069794,-7.06763,8.61376,2.09865,1.17694,6.39394,-2.85653,3.89953,5.44713,9.20127,3.83316,-1.90082,4.79418,6.90395,-8.81672,-5.5373,1.73408,4.42933,3.54869,5.78876,-4.58728,-4.80607,6.39257,5.88305,-9.60129,3.19151,-0.127805,6.80821
-9.05344,-6.56774,-4.91233,-7.29058,-6.69003,-7.02464,6.74565,0.0235312,-0.229169,9.74311,7.35129,-4.33291,-7.75219,-8.52021,4.32251,-7.28065,-5.85327,-3.93118,-2.84843,4.42665,4.31182,-9.60639,1.45273,8.62305,0.214905,4.16608,-1.69423,-3.81792,9.39447,3.23853,4.40224,-0.81569,-4.87174,-0.782372,3.39875,9.09479,0.604866,0.806666,3.66384,-3.87157,-3.41198,4.8794,8.68218,3.95058,-3.44684,-5.33681,-2.96131,8.19328,6.0467,8.1923,0.482115,-4.24409,-2.50377,5.32272,-0.581197,-9.8184,-3.02521,1.0096,-3.24117,-0.823421,-0.381832,-7.24232,9.95482,7.26793,-4.71614,7.72618,4.10873,2.37307,1.0534,-5.72023,6.66671,3.78487,7.90365,1.04011,8.00445,-4.05479,9.01927,1.8064,8.22593,-9.21909,2.72429,-4.7646,6.66618,-6.50739,-7.02712
