-4.54565,6.57322,-2.60504,-2.07024,-0.515218,5.09353,-5.30859,-4.13339,4.80664,-1.38835,-3.89504,6.7445,-0.848742,-6.53519,-5.58228,-3.76448,-3.12463,5.80567,7.94055,3.79528,1.89297,-3.00847,1.63697,-8.1831,-7.89897,5.56371,-6.89261,5.6788,1.9217,7.21178,-8.61719,-8.03067,1.93862,0.803244,6.47024,0.845793,-0.129957,1.89724,9.56355,2.35757,-3.44668,-4.78363,-5.5211,-2.10777,5.79019,-5.34503,-3.21938,-8.65157,9.95588,8.45686,4.98232,0.443351,3.33369,-0.392975,0.309062,7.7021,9.82416,1.70308,8.97569,-0.521731,-6.32586,7.13204,-2.65167,2.04895,1.06452,-9.12449,5.05271,-4.00988,-6.38851,0.0375871,7.85986,0.645557,4.09649,-2.04791,0.396654,6.29978,-9.98813,-7.88745,-8.67269,8.06119,9.66202,1.72206,-2.38668,2.19074,4.3005,-5.97345
6.57322,-4.7347,5.2714,9.97433,-8.66275,1.73369,-7.50061,1.03848,-4.78445,-1.80928,-7.43256,9.68368,5.22145,4.13204,6.87128,7.32016,-1.77825,8.87352,1.0081,-7.16223,-2.18766,6.01939,-9.50681,-0.033755,-7.8526,3.6406,-7.75131,-2.09428,6.36208,-7.00673,-4.252,-7.41992,-5.87158,0.171107,3.77482,7.62832,-5.0512,-8.09335,-5.65084,-4.26971,-9.70524,-9.04995,8.67297,5.98863,-2.69309,8.38014,4.5222,-9.04385,2.42363,-0.143771,5.87053,-9.80751,-8.32126,4.30885,3.57976,-8.56773,-4.61957,4.05236,-7.96775,5.4725,-3.3135,-6.56529,3.94611,-8.49133,-9.58926,-2.10662,-7.42021,-3.89233,7.8215,-2.14236,-0.881315,1.97305,9.16528,7.23738,-2.70102,-4.85413,6.99698,4.06236,-1.74524,-3.05418,6.54109,1.75698,-7.77252,-6.27136,4.61208,6.3556
-2.60504,5.2714,9.38535,5.2576,-5.61005,6.9787,-9.49848,-0.724162,2.50182,-3.62922,-9.2589,-8.18897,-9.99814,-9.62187,-9.92824,5.08037,2.36687,-5.38695,1.16864,-2.70373,9.48658,-9.42622,2.68242,-2.08237,-5.2821,5.66884,-0.300576,-7.88278,2.28171,-0.0128975,-9.52823,-5.59685,4.74239,-8.67812,-5.22537,3.08315,-6.38006,-6.82936,-9.93591,7.65018,-3.69058,2.34104,0.919333,-9.23642,-3.38158,7.51588,5.00314,9.63641,-1.72946,-8.954,9.17462,5.33726,-0.578808,-8.01176,7.28625,1.80992,6.54578,-2.40372,8.04446,-5.55012,7.20627,0.499145,3.37928,-6.59171,6.65026,3.02032,-2.4181,-7.93174,-0.48415,-1.94234,-3.97965,-4.17762,-0.387776,-2.64602,6.85807,-6.54529,3.98268,-3.73454,3.12048,3.55205,-5.00791,-1.71297,1.72226,-7.13751,-3.94963,-9.13922
-2.07024,9.97433,5.2576,9.68504,9.5934,-9.40439,-6.5675,7.22849,5.9387,1.34786,-1.5877,1.45064,-1.5104,0.91985,-9.10568,6.90132,-0.980528,7.70012,7.27766,-1.26276,-9.42501,-0.8464,0.842279,6.4452,1.07832,-7.92527,7.53953,-2.98232,4.48179,-6.08708,-1.19286,-0.807369,-3.33183,5.70731,-4.17954,-6.06569,-3.60713,4.5552,-2.3644,-3.61412,-0.646207,8.47136,-1.29903,6.98305,7.7278,2.67087,-8.02077,-6.97359,-9.90917,5.45535,2.63322,5.0195,-0.356549,-4.90658,0.126279,-9.21857,-7.33135,-1.15129,5.53946,4.27362,9.24384,-8.9001,-0.483488,-1.29031,2.18077,3.58339,-5.32741,4.49528,7.97989,3.58777,-0.92161,-5.29651,-4.5764,-2.89161,-2.25424,0.715702,2.11729,1.58102,0.962458,9.8311,9.56805,3.8615,-2.52065,4.55871,2.9719,-1.6893
-0.515218,-8.66275,-5.61005,9.5934,0.529236,9.56668,4.89476,0.440887,-5.23883,-0.84795,3.93058,6.37268,8.4286,6.59394,-1.93336,-1.25326,-7.11906,-4.07298,-7.4837,9.28494,-9.59274,7.84109,-2.70696,-6.0742,5.37416,-4.19209,8.89902,6.93441,-5.17124,5.58298,3.29111,7.81898,0.278691,-9.56402,-7.63076,-4.19055,4.92451,6.57039,8.84918,-3.17398,3.21508,5.76243,-4.39303,1.28272,6.30211,2.81337,1.54694,-7.35215,-1.98642,-9.20949,2.12267,-3.53547,-0.928765,2.81872,9.56491,2.83084,8.44921,-4.79702,-5.81325,8.16542,-6.90722,4.36656,-0.219194,-3.26821,3.64283,9.27995,-9.90216,-6.63156,6.57262,0.702129,-2.31412,7.19447,-3.88787,6.54711,8.12817,-4.05324,4.63333,-1.36386,-6.5068,-5.35686,-2.74544,6.54903,5.09787,-7.64014,8.1536,6.68448
5.09353,1.73369,6.9787,-9.40439,9.56668,-9.75105,5.67033,0.966139,7.05318,-2.96117,7.72146,-9.82,0.213307,2.39452,-8.31595,-9.08978,-8.82167,9.34589,-0.729379,3.68065,0.636946,-7.74644,9.43741,7.87311,7.49661,-7.95996,1.61121,0.960976,0.0971868,4.73641,4.72982,9.68069,-3.83721,-5.50831,-1.98012,8.89438,6.81374,-5.17061,-1.35829,5.4835,9.85993,1.57988,4.72381,-8.6346,-0.909785,-3.47016,-5.0043,-1.15645,1.77379,-1.74265,-9.08142,-7.40521,-2.37227,-4.75977,0.957927,7.24431,8.61556,0.653331,4.75631,3.56401,1.61266,-7.95907,-0.0221868,-3.14568,1.20794,-3.76008,8.82827,-5.91743,4.35344,0.612962,-0.0232971,5.20217,8.52496,6.93197,-3.02437,1.61774,-2.00876,9.06967,-7.78513,1.64809,1.56763,-0.192297,-4.86303,-2.56178,9.06263,6.80889
-5.30859,-7.50061,-9.49848,-6.5675,4.89476,5.67033,-2.8801,8.82436,5.93764,0.319198,-3.48195,3.03276,-4.91301,-9.22565,1.97023,1.91833,-2.00872,7.27778,5.98036,-4.08052,-0.957682,-5.89623,-9.86664,-3.25522,5.10927,1.77115,7.28196,1.94201,-7.03574,-8.2429,-1.25882,9.87232,6.64577,4.78442,-2.61521,-6.0678,9.30763,-0.120291,-4.75884,2.90793,-9.37674,-7.77315,8.69341,-1.12468,4.16392,-7.30943,-1.72005,0.957214,7.76259,-4.83518,8.36852,-5.50641,1.10365,7.51109,-8.09866,-9.15955,-9.18552,2.7307,3.20362,9.8519,-5.21579,3.32129,0.0452745,-0.243997,-2.4677,-7.24953,-1.32239,0.528594,-6.99363,8.7162,3.35725,3.74987,1.39052,-6.34204,-0.190539,1.16241,7.99995,-9.45559,0.0428075,-2.75245,6.44348,6.11057,7.51012,1.73322,-7.95473,5.54268
-4.13339,1.03848,-0.724162,7.22849,0.440887,0.966139,8.82436,1.80344,-4.2535,0.862024,5.78353,-7.59605,1.61178,-9.15617,-3.76738,-8.98925,-1.01467,7.63951,4.42573,4.99246,-1.17754,6.70464,-2.82561,-1.46486,0.735057,-2.84164,7.33921,-6.58964,-2.37619,2.71388,8.30374,-8.36351,7.55214,-6.80553,5.21682,-3.10064,-0.831308,3.96264,6.13461,6.97877,4.379,1.9685,8.14238,-4.08981,-3.50468,-8.66415,-6.09208,-1.43718,7.05936,8.70726,-8.96897,0.464847,-5.93981,4.66271,6.04447,-2.70502,4.14475,3.13727,7.10951,-0.0533024,-4.43163,-1.78842,1.99221,9.32019,-4.16982,9.49866,-4.02264,9.2186,4.75429,-9.15249,-0.540873,-0.354124,-3.71086,5.85802,-2.40191,-1.50009,-4.42539,-3.87175,0.251719,4.0952,-8.99009,2.9959,-1.72148,8.84567,8.21884,-4.81617
4.80664,-4.78445,2.50182,5.9387,-5.23883,7.05318,5.93764,-4.2535,-5.21835,-6.94513,9.56379,-6.69372,-4.05103,9.92647,1.78359,-0.499792,-5.79743,2.95763,-9.95462,-4.66318,3.05975,-8.77188,7.6747,9.18923,3.43032,8.20731,-4.29904,-0.967699,0.345747,1.97262,3.63513,3.9684,5.00227,2.49367,6.88817,5.39681,-8.29716,-9.67196,-0.222964,9.52302,0.03674,-7.4581,-8.7625,4.99774,-4.67511,9.47809,8.79865,6.39129,4.39528,2.9516,4.46461,-0.755534,-6.962,6.96062,-2.33028,-3.45802,6.1723,9.24865,4.97072,-3.61326,-1.45879,-9.3776,-8.91611,-1.55467,4.58095,7.5533,0.535088,-6.59636,1.52571,-4.92952,2.1192,-0.327436,-6.51312,-0.969562,-5.65421,9.76788,3.31923,5.55226,-0.0775064,-3.5996,-4.70438,-3.46606,-5.46777,-7.35162,-0.71201,-2.5618
-1.38835,-1.80928,-3.62922,1.34786,-0.84795,-2.96117,0.319198,0.862024,-6.94513,6.65114,2.84539,-0.570734,5.26893,-6.80716,-1.8066,1.72928,-6.65538,-0.928819,1.5238,4.43006,-7.38917,-6.6344,-4.00122,0.592614,4.76773,8.13289,-2.12876,-0.78603,-6.55642,2.11559,-7.88554,-7.75358,-0.971734,-1.34009,-9.90381,-7.05563,-6.85894,-1.45638,5.64632,4.38399,7.74825,-6.39687,4.04857,8.40546,1.47924,6.01317,-5.70875,7.6433,-5.90655,-6.41054,-0.881086,-8.84825,-1.69951,-9.40144,0.0566933,-0.948785,-7.48609,4.03311,-1.07655,-8.97577,1.01326,7.779,5.6014,-8.79424,-4.4626,-4.47703,-4.10554,-5.48957,-8.09488,6.38763,-2.29256,-3.85266,4.92191,-1.32582,-5.39363,-7.9734,-7.85298,-6.64721,4.07885,-4.16771,6.75216,-3.48051,-6.87605,-0.700401,8.51256,-8.18124
-3.89504,-7.43256,-9.2589,-1.5877,3.93058,7.72146,-3.48195,5.78353,9.56379,2.84539,2.43682,1.47279,-9.15067,4.68998,-5.26002,1.74489,-0.862469,9.8848,-4.40587,9.78771,2.48414,1.69277,-5.59561,3.4135,-7.44015,8.06489,8.22958,-7.3741,-7.16495,7.06157,1.03309,7.06296,-3.7276,-3.20336,-3.13357,8.38881,7.6711,2.29865,-5.80062,0.209313,-5.85913,-2.04203,1.58316,-5.00168,-3.52931,6.84353,6.86257,-4.28327,7.57469,4.63388,9.81821,-5.13493,-9.8094,8.16113,9.8969,5.49319,-2.10366,7.94984,1.08472,2.13997,-8.32188,8.42546,6.33103,-8.75021,1.36961,9.51381,-5.39569,-0.687235,-4.63317,1.98184,5.51559,-3.30372,-5.45431,5.70513,6.16752,-9.09411,-1.70948,-5.46431,9.48016,-2.7397,-8.97349,0.194254,4.00262,-1.47953,-0.132103,7.33052
6.7445,9.68368,-8.18897,1.45064,6.37268,-9.82,3.03276,-7.59605,-6.69372,-0.570734,1.47279,-8.00147,0.305683,8.34976,-5.10519,7.18632,-0.560831,-1.35322,-9.3901,1.74011,3.44708,-9.86879,0.162415,-5.51874,-3.71585,9.11639,-6.09348,-2.86376,-9.97004,-1.36676,9.00104,1.45712,-3.54334,3.57993,-8.88446,-6.20324,-6.76978,-8.85883,-3.20625,-2.44879,-8.69585,-7.3437,3.01444,9.05549,1.59632,8.55464,6.18967,-7.29022,1.16861,2.59447,-9.07046,-4.28474,8.22567,0.439663,-3.21054,0.935813,-2.85467,-4.45029,-7.77843,-7.40029,8.0115,7.14869,2.66543,-2.58025,-8.33335,9.72539,5.15235,8.33005,-3.18197,-4.084,2.76251,5.78546,6.0281,5.32366,-2.6175,-6.13376,4.82046,8.59587,-5.26942,-7.56549,-4.95291,-0.990633,6.52904,0.899822,-0.160147,6.44485
-0.848742,5.22145,-9.99814,-1.5104,8.4286,0.213307,-4.91301,1.61178,-4.05103,5.26893,-9.15067,0.305683,-1.74479,-7.33751,-3.08531,-2.28722,-1.69708,3.84421,6.18088,-9.36603,-9.12171,4.35308,-5.33973,-1.96883,0.74198,2.57609,-8.25973,0.616311,-9.4778,2.88353,-1.11029,-2.41551,-5.1314,-8.19127,0.697076,9.67579,-0.637797,8.38138,8.47272,0.554114,-8.57688,-0.350876,-7.48754,-7.03583,-4.41485,-4.72272,-4.40319,2.17623,0.942244,1.17312,-9.13972,6.08497,7.46161,-1.84594,2.06033,8.14869,1.7125,9.64751,6.15463,8.83293,-0.911102,-8.96334,1.03695,-8.15,3.88958,-5.151,6.85875,-7.43804,-5.99934,-7.96913,-7.8639,-3.91799,-6.98194,3.40636,4.77835,-8.10469,-4.47935,5.38793,-1.13156,-9.66658,4.09351,7.51057,-7.08352,-5.63556,2.60476,-1.77901
-6.53519,4.13204,-9.62187,0.91985,6.59394,2.39452,-9.22565,-9.15617,9.92647,-6.80716,4.68998,8.34976,-7.33751,-9.3902,-7.71018,-5.99548,-7.66594,-6.23764,-5.66607,9.65901,-9.8553,-8.86063,0.429045,9.34366,4.02943,-9.29629,-3.01144,-9.44431,-0.454755,5.99762,3.30603,-8.11901,4.03968,-9.56118,0.316818,-6.60228,5.16549,-5.4221,5.96076,-8.2873,-8.17974,-9.83394,3.28766,1.98888,-9.08872,-0.125442,2.12574,3.2311,-8.35242,4.88918,6.71859,3.3066,-9.74833,7.57875,9.44147,7.44833,-6.80202,3.36876,7.38679,-3.68362,-2.37278,9.86382,5.19193,2.53167,-2.91761,6.65641,5.68041,-7.39601,3.20024,-3.04443,-4.22871,0.18199,-2.23817,-8.8783,-1.80713,-0.289383,-7.78956,9.86106,-7.51205,8.8536,-9.39306,-0.483851,7.98774,-4.26747,-5.46548,-2.89686
-5.58228,6.87128,-9.92824,-9.10568,-1.93336,-8.31595,1.97023,-3.76738,1.78359,-1.8066,-5.26002,-5.10519,-3.08531,-7.71018,-9.94285,-8.08727,6.26047,-7.53423,-3.74593,9.23173,6.28701,-4.33207,-0.00939165,6.71467,-1.74888,-2.17006,8.25329,0.158662,-9.89923,-1.72913,6.51712,4.83185,3.99776,1.17395,8.83266,-4.85719,-8.95748,-4.22457,-5.32063,-5.05639,-1.0097,-4.90123,0.185126,8.18604,-6.70297,7.39865,-8.47885,-8.74434,0.427601,-6.56131,8.60347,4.8206,0.260304,5.24608,2.22759,-3.52654,3.23475,3.25251,5.17752,-3.51782,6.90475,-0.428014,6.10753,9.10918,5.29205,1.55183,-9.52444,-8.21346,-3.15226,3.46289,-2.71703,-3.03871,9.99898,9.40252,-6.04957,-4.44017,-2.92596,4.15894,9.55692,-3.727,8.48179,0.295183,6.48949,2.35959,6.97604,-8.6403
-3.76448,7.32016,5.08037,6.90132,-1.25326,-9.08978,1.91833,-8.98925,-0.499792,1.72928,1.74489,7.18632,-2.28722,-5.99548,-8.08727,3.80687,8.29758,4.92721,-7.42884,6.82996,3.2844,-0.221287,-0.277512,8.87578,-3.0986,8.38036,-8.40235,4.31631,4.22753,7.84319,7.18173,-3.55175,-7.26833,-1.88847,-7.91069,9.1539,-8.00726,0.491682,-6.2204,-1.02297,0.642671,-1.89451,4.89666,9.72024,9.07158,6.28011,-2.71208,-1.89047,0.583319,9.39162,5.83864,-7.89833,2.31919,1.35916,7.65734,-2.04045,3.39845,3.95236,2.05979,3.2492,-0.766659,-4.23351,-7.9197,-9.59849,6.31825,-0.0101866,-7.05418,8.78876,-4.41359,-2.54107,6.36147,8.12953,4.87672,5.25574,7.50673,-4.41902,-2.47258,3.02185,-5.63185,8.2208,6.48176,9.87804,-8.32587,-8.13783,6.76276,-7.98789
-3.12463,-1.77825,2.36687,-0.980528,-7.11906,-8.82167,-2.00872,-1.01467,-5.79743,-6.65538,-0.862469,-0.560831,-1.69708,-7.66594,6.26047,8.29758,9.46075,-7.84248,-8.05032,-5.287,5.19459,3.87146,3.85576,-8.44977,1.74052,-2.99108,-0.304011,4.93635,0.1986,-4.17323,-3.03417,3.74201,7.21253,0.309776,9.79899,-5.2567,-0.608716,4.95453,-5.04273,-2.99922,-8.39022,-1.44923,-1.65654,-3.07823,9.90669,-3.96309,-3.189,-5.72727,-6.50367,9.10615,-8.22916,-1.5295,4.67578,5.46264,8.99789,-9.40796,4.47869,-7.01635,8.11912,5.14811,0.437128,-1.18874,-7.05826,5.6828,6.8217,-9.66185,-1.04376,-7.86371,4.31018,-1.61398,-9.05216,4.16058,-5.68794,-1.78825,4.0406,3.97218,0.490999,0.907291,7.06966,7.56442,-0.357566,3.11724,0.770928,2.69598,-4.5913,-4.39353
5.80567,8.87352,-5.38695,7.70012,-4.07298,9.34589,7.27778,7.63951,2.95763,-0.928819,9.8848,-1.35322,3.84421,-6.23764,-7.53423,4.92721,-7.84248,-6.27382,8.08398,-3.51507,8.38635,7.86772,6.81747,-0.0949281,7.58016,-4.67711,-7.02868,4.49301,-6.37385,-1.97021,0.975835,3.29942,-4.36804,-5.20105,3.78483,4.21067,-5.61794,9.01598,4.68429,-1.72092,-5.03048,2.38768,-0.597853,2.99627,6.73695,8.29801,6.17812,-5.30521,4.13682,-4.66835,-9.06699,-8.26766,9.30298,-0.0857675,-3.17991,8.22721,-3.24037,8.04888,9.40335,9.04586,2.41771,-3.49252,4.68084,4.56802,-4.56967,-5.5043,-3.56451,-0.104111,-3.34191,-9.62483,-5.8011,6.3497,-0.715965,3.87286,1.73366,4.87435,1.44816,4.64857,8.9654,-4.3111,-9.21152,9.68163,-5.86862,4.80007,-1.82128,-2.36446
7.94055,1.0081,1.16864,7.27766,-7.4837,-0.729379,5.98036,4.42573,-9.95462,1.5238,-4.40587,-9.3901,6.18088,-5.66607,-3.74593,-7.42884,-8.05032,8.08398,4.83886,5.07924,3.8965,-7.92834,-6.64057,1.40959,2.45404,-1.75979,1.94635,-4.14758,-1.89946,8.95794,-2.25016,-7.43055,8.37267,1.11047,-9.64676,-1.00833,6.22119,7.69028,-8.25814,7.52429,-7.97499,-9.28669,-6.05941,-0.46685,-9.98685,4.30069,-3.53024,5.39318,-8.54141,-7.31522,0.902451,-3.99613,9.19207,3.35917,-8.51265,1.09925,-1.81205,3.51572,4.17943,-7.59712,5.19586,4.07555,-3.96192,-6.224,-1.96255,3.76519,-4.51457,0.00656198,-8.50389,2.33148,2.38381,-1.65599,1.49169,4.90621,-0.203204,-1.91427,1.28925,-4.9868,-2.23005,7.41694,0.540771,-9.30535,4.7311,7.73623,1.59857,-6.71083
3.79528,-7.16223,-2.70373,-1.26276,9.28494,3.68065,-4.08052,4.99246,-4.66318,4.43006,9.78771,1.74011,-9.36603,9.65901,9.23173,6.82996,-5.287,-3.51507,5.07924,-5.91641,-9.46006,-5.57738,-6.55861,-5.86607,4.44875,8.05053,-5.43111,9.52883,2.27523,4.50655,6.61534,3.97488,-0.53391,-5.29548,3.99258,1.36271,2.04551,-9.32783,-7.55055,5.74025,3.83431,-3.40265,6.75063,-1.57051,-3.18088,-6.15134,9.27608,6.24994,-5.94507,-1.63865,-5.77702,5.47691,-0.641653,5.1449,5.18068,4.68682,8.19863,-3.00605,3.19926,-1.88085,1.38904,8.6531,-6.30592,3.49669,-5.85668,8.07466,-7.59333,-6.50683,-9.49062,2.03874,-8.43028,4.19878,7.81213,7.19203,9.26601,1.04656,2.56412,5.95464,5.80245,3.59432,-7.26778,1.27983,-4.03995,0.517514,-4.34316,-2.85716
1.89297,-2.18766,9.48658,-9.42501,-9.59274,0.636946,-0.957682,-1.17754,3.05975,-7.38917,2.48414,3.44708,-9.12171,-9.8553,6.28701,3.2844,5.19459,8.38635,3.8965,-9.46006,-8.96712,7.39435,-5.01988,1.86441,-5.41233,6.88174,4.18627,5.94768,2.04587,2.40833,0.0797193,4.70973,1.51465,9.70229,9.38869,5.07679,6.16152,6.32776,-4.3549,1.99056,-8.05204,8.74179,3.3417,6.82113,7.76884,-0.637068,2.76545,8.8541,1.75289,4.01953,5.549,-5.70843,6.7545,1.4012,-7.10112,5.76451,8.16897,0.198004,-1.13698,-9.39723,-0.826876,3.51379,-0.829063,8.46927,-5.16045,6.09033,-6.30109,2.61255,3.90585,-4.88979,-6.74264,5.13327,9.99602,-7.36275,9.24879,-8.52916,-0.82764,1.00935,1.54919,0.551502,-4.06041,2.89732,-9.93211,-5.51758,3.65397,-8.98697
-3.00847,6.01939,-9.42622,-0.8464,7.84109,-7.74644,-5.89623,6.70464,-8.77188,-6.6344,1.69277,-9.86879,4.35308,-8.86063,-4.33207,-0.221287,3.87146,7.86772,-7.92834,-5.57738,7.39435,7.73454,3.54451,-9.78415,6.96748,-4.08037,3.20611,6.86863,8.80556,5.72402,-9.90233,5.05338,-9.32322,6.42753,-2.40228,-6.43141,7.31807,3.12413,-3.52429,-5.21326,-2.76186,-0.972441,-4.61251,9.3142,-4.85697,-2.55449,3.52024,1.02922,6.0615,-9.0931,7.87747,3.92154,3.59269,6.29797,6.65235,-4.93144,9.19901,-4.43714,-6.71363,2.20266,-2.51202,-5.07019,6.89468,6.26355,-7.56475,8.45172,5.18252,7.39625,6.43912,-5.84957,-5.48941,8.81519,-5.85014,-4.41903,7.15119,2.3521,8.51654,-6.80933,-6.98429,-7.08175,8.951,6.5759,9.1596,-0.957389,-6.48167,0.776724
1.63697,-9.50681,2.68242,0.842279,-2.70696,9.43741,-9.86664,-2.82561,7.6747,-4.00122,-5.59561,0.162415,-5.33973,0.429045,-0.00939165,-0.277512,3.85576,6.81747,-6.64057,-6.55861,-5.01988,3.54451,1.91401,-7.97853,9.93619,2.23367,8.10272,7.20938,-7.39885,1.74474,7.23348,5.33112,-1.37309,-9.22047,-6.60843,8.86833,9.18728,-6.42385,0.931932,7.23609,-5.53442,6.32386,5.55688,3.02909,-6.68861,-1.42867,1.39668,-6.33758,-5.99753,-3.67446,-7.9699,-3.67931,-5.13867,8.17609,-0.676771,-0.905658,-9.23761,-3.70974,-3.86592,-2.82538,6.03876,-8.3607,4.80597,-5.66403,-0.195875,-4.7201,0.347365,5.4007,8.7723,-1.5646,-6.1867,3.49022,-3.56368,5.46599,9.52439,3.18385,4.40076,9.47846,5.32455,-9.54457,-2.33256,4.37936,9.52124,2.08526,4.40306,-2.74507
-8.1831,-0.033755,-2.08237,6.4452,-6.0742,7.87311,-3.25522,-1.46486,9.18923,0.592614,3.4135,-5.51874,-1.96883,9.34366,6.71467,8.87578,-8.44977,-0.0949281,1.40959,-5.86607,1.86441,-9.78415,-7.97853,3.64996,-6.13832,-6.18619,5.41619,6.19225,1.78966,5.90147,9.95664,-2.58305,-1.05958,9.77152,5.61486,-9.07073,5.53775,-0.461395,-7.42768,9.46805,-9.35304,5.83433,2.5303,-9.73935,-3.55386,5.51134,-5.41792,1.20583,1.5591,3.89946,3.21104,-8.5409,3.07667,0.0484718,-2.2624,0.946838,-3.21573,-5.48157,0.00984495,9.2945,-2.86087,2.31726,1.35512,9.99692,-8.43947,-8.53046,3.25566,4.03413,-9.67613,-0.739564,-9.78046,-1.08722,8.66285,-9.29602,6.92892,9.29206,-4.45289,-2.70729,3.7185,-4.74773,-9.25731,6.99289,9.56483,5.53567,5.84993,-9.25856
-7.89897,-7.8526,-5.2821,1.07832,5.37416,7.49661,5.10927,0.735057,3.43032,4.76773,-7.44015,-3.71585,0.74198,4.02943,-1.74888,-3.0986,1.74052,7.58016,2.45404,4.44875,-5.41233,6.96748,9.93619,-6.13832,3.13204,-4.21714,4.3568,-9.92927,5.22006,2.18292,7.42324,6.70995,-5.37214,4.9382,-0.266598,0.676482,-6.95247,6.09163,-9.69194,2.00911,3.75839,3.25474,8.99875,-8.88742,-5.2261,1.12389,-4.91404,-0.918486,-8.72203,1.74736,-7.09483,3.04768,3.26645,-0.312344,-4.46902,6.08445,4.40279,8.93736,2.81005,-5.38393,-2.09619,-5.83029,-2.56149,1.23239,3.63891,1.65077,3.26279,1.53352,-6.8425,9.90871,-1.20753,4.85558,3.58719,8.18995,-4.37322,-7.55515,0.98699,5.33755,-8.09801,-0.8569,-1.92578,8.95042,4.04118,2.50982,5.4016,-6.38964
5.56371,3.6406,5.66884,-7.92527,-4.19209,-7.95996,1.77115,-2.84164,8.20731,8.13289,8.06489,9.11639,2.57609,-9.29629,-2.17006,8.38036,-2.99108,-4.67711,-1.75979,8.05053,6.88174,-4.08037,2.23367,-6.18619,-4.21714,-4.97493,6.61543,9.19114,4.92931,-1.27395,2.34742,-5.61565,0.324908,3.79201,-7.98215,3.20646,8.49122,-2.67698,-6.93329,7.84447,8.28129,-5.7257,-7.03014,9.25506,-7.00103,5.36822,-9.56369,9.25342,-1.49409,3.71916,0.304026,-9.61394,6.73211,-4.67119,-6.17194,0.0650645,-5.12407,4.38084,-1.83963,-8.28972,6.61325,-8.19779,5.67128,-0.906266,-6.6261,8.43733,2.61909,-6.5804,-1.58189,5.78566,-5.00883,-2.35226,4.88907,2.63061,-9.00289,5.44261,2.28755,7.25029,8.85272,-1.86977,-3.19504,6.37257,-7.35322,-8.55118,7.80623,-7.15517
-6.89261,-7.75131,-0.300576,7.53953,8.89902,1.61121,7.28196,7.33921,-4.29904,-2.12876,8.22958,-6.09348,-8.25973,-3.01144,8.25329,-8.40235,-0.304011,-7.02868,1.94635,-5.43111,4.18627,3.20611,8.10272,5.41619,4.3568,6.61543,5.02674,0.980656,-2.98373,-0.452418,-8.27991,5.81793,2.35599,4.82064,-3.42289,0.326092,0.79128,2.1817,9.70238,-1.64288,-5.51555,9.71757,-8.93519,4.96161,-9.99361,0.490518,-7.33901,-2.88427,9.65644,-7.91635,-5.16483,-2.64383,6.45607,-2.89787,0.445648,-3.14783,5.28983,6.40377,7.16843,-9.98261,6.04735,3.59635,-5.24018,-7.67997,-8.51028,-2.95413,5.67189,-8.95278,3.68537,-4.16936,-4.39435,1.78747,-7.92122,7.94074,6.46426,-7.37112,-8.58607,5.04278,7.46962,8.50755,-6.12779,-0.512845,2.32773,0.941442,5.06178,3.97755
5.6788,-2.09428,-7.88278,-2.98232,6.93441,0.960976,1.94201,-6.58964,-0.967699,-0.78603,-7.3741,-2.86376,0.616311,-9.44431,0.158662,4.31631,4.93635,4.49301,-4.14758,9.52883,5.94768,6.86863,7.20938,6.19225,-9.92927,9.19114,0.980656,-0.654671,-1.07244,-7.95318,-3.72138,-8.84161,3.18395,9.66559,6.32299,-4.85522,-5.61423,-4.79279,2.81136,4.27735,-0.142459,-9.11246,-8.4373,3.26436,2.52863,-9.16134,0.20739,8.24719,3.45359,3.07231,6.53041,-9.40069,-4.80265,6.6599,2.61208,1.29728,-0.514384,3.35212,-1.70954,-1.09224,1.28266,1.89876,9.8788,-9.3123,-9.88534,-4.5303,0.147978,-9.23343,3.794,9.5761,8.00395,7.86917,-8.48181,8.77803,7.28562,7.12079,-9.38894,-3.26215,7.24654,4.86171,8.17356,2.76366,0.211728,4.47115,5.22993,7.70831
1.9217,6.36208,2.28171,4.48179,-5.17124,0.0971868,-7.03574,-2.37619,0.345747,-6.55642,-7.16495,-9.97004,-9.4778,-0.454755,-9.89923,4.22753,0.1986,-6.37385,-1.89946,2.27523,2.04587,8.80556,-7.39885,1.78966,5.22006,4.92931,-2.98373,-1.07244,1.92752,7.67833,-3.45334,-9.577,2.08948,-4.052,-3.52797,1.20872,-8.12488,1.59535,1.9638,1.19777,-4.92234,5.11756,-9.08751,-1.87945,-3.78498,-4.81218,-6.75898,4.2506,8.65725,3.65101,-1.00558,8.65247,-2.70161,9.18959,7.07467,7.50038,4.16878,9.68909,6.36143,8.75707,3.79803,-3.18925,-1.35379,-1.85844,0.0251246,6.44251,9.93364,-3.93943,3.04105,-0.698551,-9.81838,-0.0138862,-7.6148,-3.13492,-8.65018,5.77546,-5.80216,-5.05118,-3.13241,3.56956,-4.96686,0.674549,-5.56844,2.34562,-4.5227,-6.87446
7.21178,-7.00673,-0.0128975,-6.08708,5.58298,4.73641,-8.2429,2.71388,1.97262,2.11559,7.06157,-1.36676,2.88353,5.99762,-1.72913,7.84319,-4.17323,-1.97021,8.95794,4.50655,2.40833,5.72402,1.74474,5.90147,2.18292,-1.27395,-0.452418,-7.95318,7.67833,-3.98991,2.88576,-0.717679,1.20246,-3.60872,-8.80347,0.0869185,0.604841,-9.44777,4.55094,-9.81155,6.51783,1.63099,-3.19619,-8.3775,-6.22499,-8.91034,0.626693,-3.5973,1.88438,0.250051,-0.195998,-6.69608,1.50519,-9.95554,-1.25273,0.818796,-0.182476,-5.37337,-6.10352,-0.79792,-1.72971,-5.00509,0.862042,9.47198,8.73099,3.64803,-8.23353,-0.634098,3.71779,7.27495,9.44148,-3.8088,1.48193,-4.43871,0.840493,3.12625,9.65452,-0.177859,5.93292,3.68734,-2.5011,1.26617,4.85535,-2.99936,7.5839,-7.27755
-8.61719,-4.252,-9.52823,-1.19286,3.29111,4.72982,-1.25882,8.30374,3.63513,-7.88554,1.03309,9.00104,-1.11029,3.30603,6.51712,7.18173,-3.03417,0.975835,-2.25016,6.61534,0.0797193,-9.90233,7.23348,9.95664,7.42324,2.34742,-8.27991,-3.72138,-3.45334,2.88576,5.15878,-6.93646,-7.22142,-4.00311,-2.02634,2.79432,4.91705,-6.49116,-5.61348,9.78744,4.30832,-4.53547,-6.18538,-7.45961,1.8232,-0.984998,1.51084,8.63638,-8.63459,4.05103,-7.66144,-9.91928,0.537161,4.6013,-0.834121,8.6755,-4.22652,-8.71143,2.88941,-5.90767,-8.04211,9.0815,3.62961,-2.16893,4.25186,-3.16276,8.85644,-9.48414,-7.68556,2.83866,7.33221,-5.97682,-8.09271,8.37009,1.82349,-3.75307,2.53078,-3.15644,0.35545,-6.27378,-3.32594,3.45037,-1.31508,-2.77191,-4.37212,7.43327
-8.03067,-7.41992,-5.59685,-0.807369,7.81898,9.68069,9.87232,-8.36351,3.9684,-7.75358,7.06296,1.45712,-2.41551,-8.11901,4.83185,-3.55175,3.74201,3.29942,-7.43055,3.97488,4.70973,5.05338,5.33112,-2.58305,6.70995,-5.61565,5.81793,-8.84161,-9.577,-0.717679,-6.93646,-9.4713,1.1964,1.98778,-8.50215,6.1062,6.35976,-8.08913,-2.69736,0.826859,-6.01161,-9.52446,4.42045,-3.14383,-6.12199,-8.25298,-9.16899,-7.80032,-1.22016,1.73486,-5.56019,-5.36088,-2.43779,7.51313,-2.23262,-3.17134,8.38394,6.87029,6.55141,-7.31421,-7.58154,-9.99008,9.75535,4.20784,-4.01167,5.09972,4.29725,6.10836,0.947797,-6.12978,6.34805,6.91101,-3.64526,-9.95649,8.35664,-4.82426,-6.94805,7.02401,-2.68647,7.16367,4.15676,-7.36824,4.18706,9.78751,-6.10355,4.29295
1.93862,-5.87158,4.74239,-3.33183,0.278691,-3.83721,6.64577,7.55214,5.00227,-0.971734,-3.7276,-3.54334,-5.1314,4.03968,3.99776,-7.26833,7.21253,-4.36804,8.37267,-0.53391,1.51465,-9.32322,-1.37309,-1.05958,-5.37214,0.324908,2.35599,3.18395,2.08948,1.20246,-7.22142,1.1964,-6.28766,-9.34157,9.00532,6.47063,0.777874,-6.32242,4.79857,5.46166,9.13114,8.89191,-8.89994,-4.4123,7.69326,-8.2868,-6.22352,-2.34691,5.97727,-6.53185,-8.91481,0.204858,-7.43187,-0.185537,9.32249,-0.0208915,-6.28149,8.33659,4.07197,4.907,3.19143,-2.59581,-6.30328,-8.50491,-9.87109,-1.24089,1.53125,2.46469,-8.10787,4.12735,9.61761,9.53164,-3.51615,7.34491,0.376261,-2.47011,-5.68863,7.35778,3.27639,-6.15096,-3.48013,-3.28773,-2.86958,-6.37296,2.24306,-3.78568
0.803244,0.171107,-8.67812,5.70731,-9.56402,-5.50831,4.78442,-6.80553,2.49367,-1.34009,-3.20336,3.57993,-8.19127,-9.56118,1.17395,-1.88847,0.309776,-5.20105,1.11047,-5.29548,9.70229,6.42753,-9.22047,9.77152,4.9382,3.79201,4.82064,9.66559,-4.052,-3.60872,-4.00311,1.98778,-9.34157,-5.20974,-5.95399,3.40999,-1.05599,-7.31057,-4.09296,-0.403237,-2.31991,-9.83557,9.90048,-1.04017,9.34111,-0.427358,7.59507,-5.14818,-4.45402,-6.47274,7.14414,9.44459,-0.325772,4.30742,0.224589,-5.87548,5.4611,-4.61908,5.018,-5.2115,8.44538,0.46865,2.6369,6.62353,0.788505,9.13529,-5.05469,-1.40704,4.09436,-7.01464,-4.88476,4.83113,-7.44626,-8.79173,-5.94384,-1.42413,9.02545,-1.22606,-8.87601,8.79119,2.48157,-8.62052,0.00364062,8.71458,9.62237,6.1337
6.47024,3.77482,-5.22537,-4.17954,-7.63076,-1.98012,-2.61521,5.21682,6.88817,-9.90381,-3.13357,-8.88446,0.697076,0.316818,8.83266,-7.91069,9.79899,3.78483,-9.64676,3.99258,9.38869,-2.40228,-6.60843,5.61486,-0.266598,-7.98215,-3.42289,6.32299,-3.52797,-8.80347,-2.02634,-8.50215,9.00532,-5.95399,-3.08471,-4.14881,2.37962,0.217275,-9.14198,4.02842,-7.59884,7.76087,6.07062,-5.21943,1.50262,9.45252,3.21223,0.289964,0.573052,-6.84869,-2.32957,4.34517,3.55776,4.75011,0.628007,-1.55736,6.23603,6.64614,-8.69832,7.25243,-3.31256,2.1297,-3.34563,3.06142,7.89347,2.18819,4.61314,7.40752,-8.41666,2.53749,-8.70312,7.0103,1.11159,3.80504,-6.5264,6.47555,-7.04248,-9.06434,4.79888,6.70627,3.80439,-3.39622,5.6406,-5.29692,7.75804,1.84192
0.845793,7.62832,3.08315,-6.06569,-4.19055,8.89438,-6.0678,-3.10064,5.39681,-7.05563,8.38881,-6.20324,9.67579,-6.60228,-4.85719,9.1539,-5.2567,4.21067,-1.00833,1.36271,5.07679,-6.43141,8.86833,-9.07073,0.676482,3.20646,0.326092,-4.85522,1.20872,0.0869185,2.79432,6.1062,6.47063,3.40999,-4.14881,7.7695,-6.08597,3.8086,6.48843,3.08013,8.06476,7.74177,-0.0039752,7.11439,8.38919,7.35413,-1.8329,-2.07653,0.347167,2.52691,-0.402737,-9.20695,7.22143,-9.91999,4.09855,-0.719845,9.64672,8.15459,-6.25455,9.86594,-9.50541,1.1511,-0.918938,-3.56269,3.94538,-7.16845,9.41105,3.63423,-5.76814,9.78168,-4.0864,1.99224,-2.9818,-5.01634,5.319,2.68567,-2.79102,2.51579,7.41488,3.93087,9.16049,-3.3401,6.97872,-7.24356,-9.51201,5.67831
-0.129957,-5.0512,-6.38006,-3.60713,4.92451,6.81374,9.30763,-0.831308,-8.29716,-6.85894,7.6711,-6.76978,-0.637797,5.16549,-8.95748,-8.00726,-0.608716,-5.61794,6.22119,2.04551,6.16152,7.31807,9.18728,5.53775,-6.95247,8.49122,0.79128,-5.61423,-8.12488,0.604841,4.91705,6.35976,0.777874,-1.05599,2.37962,-6.08597,-7.77924,-3.84352,-6.61777,5.88486,9.01367,-1.05186,5.58746,3.20547,-6.17244,-1.78306,-2.74014,8.26837,-7.70517,-6.14025,-3.66695,8.22995,-8.73085,-4.96643,-7.92333,5.11169,-9.77467,7.86104,4.05014,-1.77869,-0.222362,3.13655,9.45229,-9.32843,2.00687,-0.254046,-9.51263,-1.32197,2.16816,2.25619,3.58656,-4.87711,4.11178,7.08462,5.3234,7.40209,9.6203,-0.855784,5.23874,-7.5448,-5.87262,-8.12162,-1.19052,4.55101,1.97538,-2.33646
1.89724,-8.09335,-6.82936,4.5552,6.57039,-5.17061,-0.120291,3.96264,-9.67196,-1.45638,2.29865,-8.85883,8.38138,-5.4221,-4.22457,0.491682,4.95453,9.01598,7.69028,-9.32783,6.32776,3.12413,-6.42385,-0.461395,6.09163,-2.67698,2.1817,-4.79279,1.59535,-9.44777,-6.49116,-8.08913,-6.32242,-7.31057,0.217275,3.8086,-3.84352,-2.4565,-0.271629,0.0699817,5.09511,-7.49632,6.50955,3.78594,-1.68524,7.00452,-6.68712,9.91498,-4.01092,5.00595,0.936552,5.63502,-2.99617,-6.49343,7.30109,9.90497,1.98825,-0.0174858,3.6858,-0.826364,2.15173,7.18142,2.66131,1.35145,-2.65991,-9.73611,5.75232,-7.70214,6.19599,9.03589,4.18213,8.69471,-7.90957,-6.99375,-2.31617,4.25745,6.80661,6.36289,3.96811,-5.15679,-2.86254,-4.3694,9.64602,-0.249246,7.67534,6.58514
9.56355,-5.65084,-9.93591,-2.3644,8.84918,-1.35829,-4.75884,6.13461,-0.222964,5.64632,-5.80062,-3.20625,8.47272,5.96076,-5.32063,-6.2204,-5.04273,4.68429,-8.25814,-7.55055,-4.3549,-3.52429,0.931932,-7.42768,-9.69194,-6.93329,9.70238,2.81136,1.9638,4.55094,-5.61348,-2.69736,4.79857,-4.09296,-9.14198,6.48843,-6.61777,-0.271629,9.07937,-2.31314,-9.32048,6.37127,-4.43626,-1.10941,-4.3837,-2.25516,4.47347,5.98709,-8.35872,4.40184,8.82051,-0.151331,6.06592,3.93591,-0.82071,-0.555405,-0.104802,7.18875,9.97891,2.62892,-1.93116,-2.64833,2.03662,-8.26576,0.341235,7.34895,0.745192,1.44334,-0.410974,-8.6292,7.00636,5.36255,5.24378,5.47098,3.49138,0.234408,0.109232,-1.83547,-1.70795,-4.37418,-9.0761,-4.6876,-1.64768,3.30861,-8.10252,3.65043
2.35757,-4.26971,7.65018,-3.61412,-3.17398,5.4835,2.90793,6.97877,9.52302,4.38399,0.209313,-2.44879,0.554114,-8.2873,-5.05639,-1.02297,-2.99922,-1.72092,7.52429,5.74025,1.99056,-5.21326,7.23609,9.46805,2.00911,7.84447,-1.64288,4.27735,1.19777,-9.81155,9.78744,0.826859,5.46166,-0.403237,4.02842,3.08013,5.88486,0.0699817,-2.31314,1.72699,8.50662,8.65391,4.41935,-4.5918,-9.77478,-9.13301,-8.74752,-2.54914,3.81378,9.14825,8.60739,3.29889,2.69565,1.46828,7.29457,-3.63957,-9.07582,7.94415,-2.59492,-4.33783,-3.01667,-3.96836,5.05258,4.682,-4.61145,-0.0117024,7.80898,-3.09157,7.10338,-4.46415,-0.936552,5.39468,4.04053,-7.85295,3.37495,3.80225,0.00499732,-8.84336,-8.0593,6.67598,8.38991,-0.146053,5.99096,9.33893,-6.69617,-6.20449
-3.44668,-9.70524,-3.69058,-0.646207,3.21508,9.85993,-9.37674,4.379,0.03674,7.74825,-5.85913,-8.69585,-8.57688,-8.17974,-1.0097,0.642671,-8.39022,-5.03048,-7.97499,3.83431,-8.05204,-2.76186,-5.53442,-9.35304,3.75839,8.28129,-5.51555,-0.142459,-4.92234,6.51783,4.30832,-6.01161,9.13114,-2.31991,-7.59884,8.06476,9.01367,5.09511,-9.32048,8.50662,3.6115,-1.22349,1.66165,5.73234,-7.24909,-0.345059,-3.77476,8.54776,-2.32429,-0.318053,-5.06894,8.05511,2.73761,-1.88672,-5.58007,0.612685,-1.48087,3.04926,-7.29179,2.7456,1.09889,9.84149,6.17505,0.477831,-0.836636,6.45755,-4.52551,9.43504,5.82934,-8.49313,-2.29181,9.89999,5.02861,-9.38992,6.22004,5.32991,2.97809,3.45012,-1.92178,-4.10405,1.54035,6.05976,-8.64072,8.89575,0.801662,-3.43566
-4.78363,-9.04995,2.34104,8.47136,5.76243,1.57988,-7.77315,1.9685,-7.4581,-6.39687,-2.04203,-7.3437,-0.350876,-9.83394,-4.90123,-1.89451,-1.44923,2.38768,-9.28669,-3.40265,8.74179,-0.972441,6.32386,5.83433,3.25474,-5.7257,9.71757,-9.11246,5.11756,1.63099,-4.53547,-9.52446,8.89191,-9.83557,7.76087,7.74177,-1.05186,-7.49632,6.37127,8.65391,-1.22349,3.95672,5.72863,7.81331,-9.21422,-8.99137,-8.64069,6.66824,1.71544,-3.32194,-0.592766,-5.00107,-7.298,9.1789,6.20818,-4.47551,0.634299,0.4316,-9.82877,-3.37888,-1.21489,6.98843,0.918978,8.90278,-5.37419,0.162267,3.41687,2.44385,-4.03406,-0.146547,-0.589966,-5.85452,-5.36131,7.53166,-0.43555,-5.67336,-7.51011,9.2316,-4.29664,0.762092,5.7372,-8.62826,-6.33693,1.48074,6.72275,0.0997661
-5.5211,8.67297,0.919333,-1.29903,-4.39303,4.72381,8.69341,8.14238,-8.7625,4.04857,1.58316,3.01444,-7.48754,3.28766,0.185126,4.89666,-1.65654,-0.597853,-6.05941,6.75063,3.3417,-4.61251,5.55688,2.5303,8.99875,-7.03014,-8.93519,-8.4373,-9.08751,-3.19619,-6.18538,4.42045,-8.89994,9.90048,6.07062,-0.0039752,5.58746,6.50955,-4.43626,4.41935,1.66165,5.72863,-8.37336,2.02987,1.33415,1.185,-4.16587,-3.40804,4.7259,-2.07821,7.88382,-6.86822,9.14441,6.22026,2.07235,-1.62587,-3.85139,9.58579,3.52437,2.19973,7.82861,2.21131,2.14764,4.96924,8.3768,-0.818333,-3.58517,-0.801568,7.11518,1.53717,1.7837,-9.59539,-3.93046,6.45292,5.30548,3.6094,-1.56026,3.04738,3.02396,2.00082,9.28534,9.24562,8.17485,-1.57681,-6.65546,-2.70535
-2.10777,5.98863,-9.23642,6.98305,1.28272,-8.6346,-1.12468,-4.08981,4.99774,8.40546,-5.00168,9.05549,-7.03583,1.98888,8.18604,9.72024,-3.07823,2.99627,-0.46685,-1.57051,6.82113,9.3142,3.02909,-9.73935,-8.88742,9.25506,4.96161,3.26436,-1.87945,-8.3775,-7.45961,-3.14383,-4.4123,-1.04017,-5.21943,7.11439,3.20547,3.78594,-1.10941,-4.5918,5.73234,7.81331,2.02987,-2.37961,-9.07706,-0.939244,-7.31016,-5.7228,-3.02978,-2.68802,9.58458,-9.93704,-9.55448,-5.24724,2.01656,-8.18689,-5.56293,3.82,2.46156,-6.29297,-5.11902,-8.73974,-5.28929,3.38658,7.93096,-1.34918,4.28262,7.64187,0.953593,3.01726,-7.29986,2.57086,6.31377,-0.24857,-3.94384,-5.14835,9.64821,8.19243,9.21986,-4.49546,9.08783,1.62562,6.67986,8.70047,-1.05913,-2.90862
5.79019,-2.69309,-3.38158,7.7278,6.30211,-0.909785,4.16392,-3.50468,-4.67511,1.47924,-3.52931,1.59632,-4.41485,-9.08872,-6.70297,9.07158,9.90669,6.73695,-9.98685,-3.18088,7.76884,-4.85697,-6.68861,-3.55386,-5.2261,-7.00103,-9.99361,2.52863,-3.78498,-6.22499,1.8232,-6.12199,7.69326,9.34111,1.50262,8.38919,-6.17244,-1.68524,-4.3837,-9.77478,-7.24909,-9.21422,1.33415,-9.07706,-2.36739,-8.96926,-8.18407,-0.819103,-2.59621,0.366837,3.53391,5.45638,1.65804,1.29687,0.680257,-4.7041,-7.30473,-3.4227,-1.40357,9.75173,-2.51006,-7.73005,0.0583633,0.0632799,-2.56973,4.40942,-5.56735,-8.283,-2.1227,-4.88824,-4.68942,-7.51529,7.95118,-3.29085,1.87372,-1.04376,8.19743,-8.35694,-6.75062,9.15092,2.6834,8.56471,-6.49354,2.56222,-7.8923,-7.79068
-5.34503,8.38014,7.51588,2.67087,2.81337,-3.47016,-7.30943,-8.66415,9.47809,6.01317,6.84353,8.55464,-4.72272,-0.125442,7.39865,6.28011,-3.96309,8.29801,4.30069,-6.15134,-0.637068,-2.55449,-1.42867,5.51134,1.12389,5.36822,0.490518,-9.16134,-4.81218,-8.91034,-0.984998,-8.25298,-8.2868,-0.427358,9.45252,7.35413,-1.78306,7.00452,-2.25516,-9.13301,-0.345059,-8.99137,1.185,-0.939244,-8.96926,-1.37396,-0.314763,-2.49447,-7.39276,8.63293,-3.91082,-5.01775,9.35396,4.4412,8.79061,-8.0862,9.12591,8.98639,0.0229173,5.01312,-6.87262,-3.74656,-0.531424,-6.81242,-3.13754,-0.905682,1.20223,6.61385,9.50858,4.65227,6.89748,5.88372,0.232967,6.57678,3.90981,-5.93029,-3.67048,-4.35338,-8.89201,4.76752,-7.87243,5.67763,3.72489,-6.16654,-4.5422,-2.60097
-3.21938,4.5222,5.00314,-8.02077,1.54694,-5.0043,-1.72005,-6.09208,8.79865,-5.70875,6.86257,6.18967,-4.40319,2.12574,-8.47885,-2.71208,-3.189,6.17812,-3.53024,9.27608,2.76545,3.52024,1.39668,-5.41792,-4.91404,-9.56369,-7.33901,0.20739,-6.75898,0.626693,1.51084,-9.16899,-6.22352,7.59507,3.21223,-1.8329,-2.74014,-6.68712,4.47347,-8.74752,-3.77476,-8.64069,-4.16587,-7.31016,-8.18407,-0.314763,7.20642,-1.74222,-7.39958,-4.02234,1.40284,8.68371,-6.38434,0.632775,-3.93922,-2.28371,5.67411,-9.31007,-3.99391,3.60387,6.22162,5.99381,6.24591,-4.54935,-3.14393,6.72194,-5.8827,5.57862,-9.18912,-8.99671,-7.32294,-3.29547,-9.83065,1.7913,-7.14045,5.98755,2.1388,-9.90954,-1.0482,5.38832,-0.0623745,-5.31321,6.92725,3.62857,-3.75416,0.575768
-8.65157,-9.04385,9.63641,-6.97359,-7.35215,-1.15645,0.957214,-1.43718,6.39129,7.6433,-4.28327,-7.29022,2.17623,3.2311,-8.74434,-1.89047,-5.72727,-5.30521,5.39318,6.24994,8.8541,1.02922,-6.33758,1.20583,-0.918486,9.25342,-2.88427,8.24719,4.2506,-3.5973,8.63638,-7.80032,-2.34691,-5.14818,0.289964,-2.07653,8.26837,9.91498,5.98709,-2.54914,8.54776,6.66824,-3.40804,-5.7228,-0.819103,-2.49447,-1.74222,2.56119,-1.09421,0.634069,-2.68265,-0.81468,-7.48965,0.457065,0.657468,-4.16566,8.99117,0.150027,-0.847289,-0.76005,1.77102,8.88064,1.17645,3.42207,-1.77369,-8.95128,3.35109,7.88628,-5.47715,3.12716,2.69513,-6.55482,-0.294874,-8.3484,-4.97628,-3.57384,-7.32616,-5.37833,4.59724,8.25603,2.95065,-5.17021,-0.785431,6.28184,-7.47269,-2.19497
9.95588,2.42363,-1.72946,-9.90917,-1.98642,1.77379,7.76259,7.05936,4.39528,-5.90655,7.57469,1.16861,0.942244,-8.35242,0.427601,0.583319,-6.50367,4.13682,-8.54141,-5.94507,1.75289,6.0615,-5.99753,1.5591,-8.72203,-1.49409,9.65644,3.45359,8.65725,1.88438,-8.63459,-1.22016,5.97727,-4.45402,0.573052,0.347167,-7.70517,-4.01092,-8.35872,3.81378,-2.32429,1.71544,4.7259,-3.02978,-2.59621,-7.39276,-7.39958,-1.09421,-2.7361,-2.70145,2.00744,-8.63956,6.82511,-6.40563,9.90333,-2.21796,1.02154,7.38767,-8.90034,-0.904433,-7.69156,4.75304,-3.20777,7.15163,-4.42207,1.21196,-1.75784,9.83363,-1.36295,-7.54449,6.47683,1.41952,8.3802,-5.1062,-4.46278,-1.62206,-3.56691,-0.575889,1.36392,3.21371,4.39642,4.7997,4.43612,-5.71847,6.88791,9.15616
8.45686,-0.143771,-8.954,5.45535,-9.20949,-1.74265,-4.83518,8.70726,2.9516,-6.41054,4.63388,2.59447,1.17312,4.88918,-6.56131,9.39162,9.10615,-4.66835,-7.31522,-1.63865,4.01953,-9.0931,-3.67446,3.89946,1.74736,3.71916,-7.91635,3.07231,3.65101,0.250051,4.05103,1.73486,-6.53185,-6.47274,-6.84869,2.52691,-6.14025,5.00595,4.40184,9.14825,-0.318053,-3.32194,-2.07821,-2.68802,0.366837,8.63293,-4.02234,0.634069,-2.70145,-2.97489,1.75465,-4.5257,-1.70537,-6.49285,-0.658653,7.21967,8.71083,0.00818187,7.94581,-6.10554,-7.81892,0.564841,-3.9635,-1.96621,9.42136,5.30659,1.95111,0.424644,2.56663,-1.40722,7.79635,-4.31427,-4.87779,6.60828,-0.532682,-0.115985,-8.51444,4.16208,2.96328,-8.86599,-9.96074,7.98857,-5.26284,3.73598,9.78954,6.55842
4.98232,5.87053,9.17462,2.63322,2.12267,-9.08142,8.36852,-8.96897,4.46461,-0.881086,9.81821,-9.07046,-9.13972,6.71859,8.60347,5.83864,-8.22916,-9.06699,0.902451,-5.77702,5.549,7.87747,-7.9699,3.21104,-7.09483,0.304026,-5.16483,6.53041,-1.00558,-0.195998,-7.66144,-5.56019,-8.91481,7.14414,-2.32957,-0.402737,-3.66695,0.936552,8.82051,8.60739,-5.06894,-0.592766,7.88382,9.58458,3.53391,-3.91082,1.40284,-2.68265,2.00744,1.75465,1.80665,-3.00297,-2.52725,9.04757,5.31088,7.32631,-3.98864,-2.31124,4.7826,-0.926925,0.32231,-1.50918,-0.0608407,-2.19803,-1.70726,-8.76335,-0.111289,9.47438,2.13917,-9.83589,9.49468,5.30099,-7.62722,1.20469,8.70856,7.13265,-6.63583,-0.00297203,-2.00488,-6.38317,7.61194,-4.54458,-3.55539,-7.94327,4.76567,-9.58895
0.443351,-9.80751,5.33726,5.0195,-3.53547,-7.40521,-5.50641,0.464847,-0.755534,-8.84825,-5.13493,-4.28474,6.08497,3.3066,4.8206,-7.89833,-1.5295,-8.26766,-3.99613,5.47691,-5.70843,3.92154,-3.67931,-8.5409,3.04768,-9.61394,-2.64383,-9.40069,8.65247,-6.69608,-9.91928,-5.36088,0.204858,9.44459,4.34517,-9.20695,8.22995,5.63502,-0.151331,3.29889,8.05511,-5.00107,-6.86822,-9.93704,5.45638,-5.01775,8.68371,-0.81468,-8.63956,-4.5257,-3.00297,-5.55805,-1.40513,-4.92909,3.01779,0.438355,-5.54967,-5.90366,-6.62666,5.90435,1.8139,-6.26353,5.11405,7.90564,-8.53064,-1.54585,8.65399,8.11944,2.17178,4.73066,2.01565,3.03705,3.41926,-8.09028,1.8215,1.74369,-6.30501,-5.44836,3.37396,5.66026,-3.87947,1.50021,-8.68995,-1.11839,5.72314,-7.54155
3.33369,-8.32126,-0.578808,-0.356549,-0.928765,-2.37227,1.10365,-5.93981,-6.962,-1.69951,-9.8094,8.22567,7.46161,-9.74833,0.260304,2.31919,4.67578,9.30298,9.19207,-0.641653,6.7545,3.59269,-5.13867,3.07667,3.26645,6.73211,6.45607,-4.80265,-2.70161,1.50519,0.537161,-2.43779,-7.43187,-0.325772,3.55776,7.22143,-8.73085,-2.99617,6.06592,2.69565,2.73761,-7.298,9.14441,-9.55448,1.65804,9.35396,-6.38434,-7.48965,6.82511,-1.70537,-2.52725,-1.40513,-8.96593,-2.85534,4.69788,-3.59525,6.04183,4.75056,6.938,7.63487,-4.78718,-1.09585,2.46035,8.18533,-0.84258,5.40658,9.86224,1.53432,-9.77798,3.82022,0.66594,-7.09541,3.71727,-2.93237,-5.24373,-4.78475,0.318414,-5.93813,-8.19784,-1.08298,8.90112,-6.10598,7.6484,0.205523,4.89732,-7.91088
-0.392975,4.30885,-8.01176,-4.90658,2.81872,-4.75977,7.51109,4.66271,6.96062,-9.40144,8.16113,0.439663,-1.84594,7.57875,5.24608,1.35916,5.46264,-0.0857675,3.35917,5.1449,1.4012,6.29797,8.17609,0.0484718,-0.312344,-4.67119,-2.89787,6.6599,9.18959,-9.95554,4.6013,7.51313,-0.185537,4.30742,4.75011,-9.91999,-4.96643,-6.49343,3.93591,1.46828,-1.88672,9.1789,6.22026,-5.24724,1.29687,4.4412,0.632775,0.457065,-6.40563,-6.49285,9.04757,-4.92909,-2.85534,0.906797,-1.1884,8.08941,-9.89129,-1.32201,0.685753,-2.81007,-6.57841,-5.32105,6.5667,-3.29027,-0.222814,-5.60242,-2.9167,7.80082,7.637,-8.81146,6.42329,-6.16738,-3.25502,-5.77311,-6.86404,-6.9138,1.44707,6.97777,3.81877,2.52226,8.9245,-0.867599,5.13941,-1.76933,8.76526,2.8941
