9.25711,-2.41453,-0.991503,6.90068,7.33431,-7.35484,1.98685,-8.27786,-0.208753,0.904082,4.8052,1.22891,0.858168,3.8402,-2.31596,6.45864,-1.11435,4.78362,0.738317,2.53393,8.98969,8.71084,-7.78795,7.18504,6.07527,2.01696,4.06524,-3.80381,4.25339,-4.02939,-2.58505,-3.61016,-4.42452,6.50622,-6.5375,5.08477,-9.90751,9.57594,8.43908,0.349221,8.70365,-5.03819,7.42418,0.961254,5.30702,-8.97096,-5.16246,-0.178062,7.05653,-6.60934,0.722636,-4.61364,-1.04153,-8.41523,5.1571,-1.2169,4.85063,-1.58393,9.17766,3.01242,-7.2018,4.35949,7.95668,3.06924,6.75465,-2.13354,-2.69714,-7.02544,6.38712,-1.08719,-2.28107,-8.9915,5.61592,-3.0212,3.50848,-5.92118,5.03341,1.76546,9.00354,4.96323,-3.24558,9.05299,-1.71643,-4.00578,-4.47273,-0.664894,5.46672
-2.41453,9.37777,-4.90294,-6.31099,-5.05041,-1.4924,9.86907,-3.25833,-5.37335,2.1101,-6.3716,-0.511838,-7.36269,-7.78498,9.56203,8.81487,-1.20849,3.83881,4.16318,1.46698,2.12429,5.50396,-6.17123,5.43305,6.09114,-9.66134,6.12671,1.24255,-8.09225,-1.33742,-3.64258,1.79837,7.86404,7.17729,-9.64564,-3.37235,-0.495935,-9.78963,6.91476,-2.97086,4.40263,7.89164,1.20447,6.65223,-2.6203,1.42287,-1.21821,-6.05501,5.46845,-4.4734,7.30337,-0.840002,2.2628,9.29789,4.02667,-7.72162,-0.599034,3.74389,9.94508,-1.5785,-0.802343,-7.54314,5.12567,5.19266,-4.23276,-1.72252,2.42887,-4.69833,-0.925561,-2.5953,2.03021,6.46451,4.48654,9.3022,0.631235,9.51079,4.98482,4.32748,4.74639,5.66147,9.8998,-0.0950397,3.55395,7.5624,5.75394,9.92343,-0.942375
-0.991503,-4.90294,4.09246,5.57466,-4.23463,5.01519,-6.49614,4.52184,2.43768,0.388119,-0.556714,5.86443,9.52733,8.97468,-2.60467,7.50276,-2.38615,-1.54851,7.80938,4.61581,3.84418,-9.45996,1.83519,-2.90106,2.94618,-8.48986,-8.34674,3.53463,-6.62241,6.92844,-1.44693,-8.94037,-1.49294,-8.33553,-7.26173,-2.60549,-2.25604,0.0232697,9.71614,7.35431,-1.41754,1.1989,-7.07714,-1.63393,-3.59227,3.50542,2.32355,7.04604,8.83659,0.136812,9.71368,9.29436,2.80719,-0.757631,2.64779,9.14822,-8.75508,3.63458,-0.594618,8.56533,-6.26916,6.6526,-0.0292282,-6.95497,-0.170823,5.86815,-1.03386,-6.02509,6.92383,-8.30754,0.33422,8.34335,-4.14327,-7.41088,6.81828,1.84604,-5.46626,-2.49958,8.80547,4.69351,-5.03008,-2.19758,-7.40868,4.49983,7.40332,-7.66378,-3.6319
6.90068,-6.31099,5.57466,-0.690568,2.72116,2.27017,1.79125,6.63166,-1.31527,-0.157375,-6.17927,0.589649,8.96338,4.70783,9.62504,-6.96892,6.28339,-9.87798,-1.78773,-3.72855,-8.19895,9.64266,-4.78542,-2.28851,-3.31385,7.15971,-3.82396,9.02154,6.56294,6.87841,-7.61621,-5.76231,-0.177636,-1.14602,2.5617,2.76444,-7.94451,-3.83782,-9.36344,0.864041,7.0981,6.4677,5.4605,9.22005,-2.87712,5.55598,7.71585,8.02622,3.41523,-2.07575,-4.58159,-1.7809,5.47385,1.04108,5.27741,3.92672,-0.896982,0.404081,4.78784,-1.38407,-5.66653,6.9467,2.14816,5.13009,6.11995,7.85977,6.3645,6.27326,5.96654,1.92252,-1.9089,-3.62069,-9.16144,-9.29798,-3.18366,-6.45885,-5.80716,-9.45022,-5.44099,-2.59965,3.62821,-2.14879,-2.00705,-5.51702,-3.17586,-2.28742,-0.224406
7.33431,-5.05041,-4.23463,2.72116,1.11825,-8.57549,7.63109,-3.93286,8.23707,0.452509,1.04537,5.9255,3.36134,8.29471,-2.56343,5.04002,-2.57703,4.66149,3.36124,-7.87995,0.584465,-1.47711,-5.58439,2.78049,-1.22096,-4.38317,5.72169,7.90181,5.16929,1.19895,-4.87033,-4.74535,-4.54278,-4.54874,-4.73236,-7.00719,-3.19936,-7.70831,4.20446,-1.58544,0.629947,-7.18868,-0.691702,-8.5782,5.88404,2.42274,-2.00522,-8.95475,-6.49741,-3.81818,-9.07405,2.95449,2.41336,-8.90236,6.92418,-9.92437,-9.29652,3.5078,8.76273,0.160432,-5.58388,-6.32759,1.07453,5.21734,-6.81169,6.94376,9.40307,-2.60465,7.19975,6.26324,9.63058,5.48452,-3.70382,6.79133,4.8403,-9.66838,8.89567,4.96398,9.92692,-3.54002,-5.99937,0.00166641,7.79341,0.131246,9.74721,3.64988,3.73598
-7.35484,-1.4924,5.01519,2.27017,-8.57549,9.29009,-9.74158,-6.03858,0.315384,-2.51049,-7.38189,-2.91049,-7.90993,-9.98521,9.63647,-0.702967,-2.61976,-8.27194,-0.028499,6.54581,4.73377,4.03522,9.37172,8.94568,2.03895,6.63622,-8.29326,-7.00295,2.35826,-1.86058,-0.963647,-1.49244,-9.22001,-8.0686,-3.54357,-1.13747,1.92955,-4.87234,-8.6508,0.477824,4.52184,-1.67913,-1.20096,-9.66238,8.66771,1.6522,-0.552328,7.40244,5.28464,-4.85437,-4.57364,4.01951,-2.36783,0.945919,3.20638,-5.10847,8.79025,-6.68982,-1.39782,5.25679,-2.7228,0.427137,-0.247261,-4.68541,-2.14362,2.182,-6.06299,7.35844,8.2111,3.92876,-1.99959,1.03923,-2.08548,-5.36677,6.84771,-1.0334,1.92825,-0.158097,1.99092,8.10288,3.46111,-1.10919,4.79491,-4.95346,-8.49977,-6.40758,-1.26162
1.98685,9.86907,-6.49614,1.79125,7.63109,-9.74158,-0.156093,-6.30414,-8.54187,-2.79836,5.29671,7.85046,-4.56852,3.99673,-7.76153,4.62621,7.73145,-0.514962,7.34571,-8.29216,3.23545,6.04833,-7.12334,0.661826,-3.97244,5.49939,4.06452,-8.96586,1.94465,9.53546,-4.40296,7.06162,1.63886,-7.16824,-5.67623,7.24032,-6.5953,-4.38145,-8.01286,7.95465,0.237211,-9.91441,8.31655,7.23546,-8.30712,-2.54521,-3.76538,8.64545,-7.61593,-7.81148,3.10076,-8.26995,-4.23598,-7.61121,0.487592,5.93118,-2.04578,-9.30806,-7.93182,-6.05603,-0.665659,0.755602,-0.867761,2.27809,-3.9547,-1.57283,7.36862,-7.10236,8.13361,5.74033,7.67249,7.29074,-5.44648,3.61694,7.75776,1.73895,8.84882,-4.68773,-8.41907,-7.43497,8.63959,8.29667,-5.19092,2.40239,-6.79233,2.87526,-8.91146
-8.27786,-3.25833,4.52184,6.63166,-3.93286,-6.03858,-6.30414,-3.41425,-7.73493,2.02936,-8.64416,-7.67176,-9.80773,-1.92245,-4.93951,5.39346,-8.21861,8.55075,5.74823,-9.47497,9.54016,-9.7162,-7.10742,-4.75056,-3.79297,7.45596,4.54134,9.93464,-7.4636,1.8768,-4.00442,-7.22342,-5.46686,-7.46285,5.70012,-8.50793,-3.47573,-2.73897,-2.36545,-2.05739,1.4614,-7.44768,-5.79287,-7.20053,-5.87677,7.81872,0.0287723,-4.06877,-4.5555,8.00738,8.88535,5.82204,-2.4305,6.73035,-5.06505,-1.32914,8.32748,-4.1438,0.327278,-8.6113,3.21602,-8.92601,-8.75942,-1.18907,1.33717,-6.9215,5.37436,1.08248,-5.83711,5.57772,6.98471,3.1536,7.03061,6.29821,8.29849,8.31619,6.62837,5.60643,-0.93952,-4.95682,-3.93367,8.51181,8.08555,-8.22854,2.18873,-8.85123,-1.08225
-0.208753,-5.37335,2.43768,-1.31527,8.23707,0.315384,-8.54187,-7.73493,-4.74356,2.962,-6.61881,-2.93184,-9.66689,-0.793972,0.45526,1.53497,-8.26361,-9.7539,-4.84045,-0.573397,-7.76904,-8.2538,2.61223,-9.36406,-9.73882,-7.00239,-3.36548,0.0479354,2.60103,6.74052,9.25963,-8.25967,9.94177,3.64963,-8.65247,-7.75709,9.12676,4.79296,-0.28807,-8.39322,-1.24629,0.662325,7.39314,-9.0053,-0.23303,0.970768,-3.8575,7.4636,7.72809,-2.65854,-3.55611,4.44868,-7.20326,-9.44682,3.1576,0.713249,8.89049,-3.91243,-8.92169,-6.61021,-8.347,2.28712,-9.20306,2.73653,-2.51472,2.74308,7.59143,1.48497,3.71717,-7.83344,2.11242,-2.98265,-3.64854,-4.8521,9.45398,-9.60013,5.84681,-9.67259,-6.75735,3.80722,-5.45078,2.88761,-4.40605,-9.26201,7.72419,-2.95352,1.71773
0.904082,2.1101,0.388119,-0.157375,0.452509,-2.51049,-2.79836,2.02936,2.962,9.10841,8.45928,3.49572,1.2083,-0.451146,-4.65025,-4.77137,3.41661,-6.40246,8.9886,-8.49107,6.93901,-7.55552,3.5723,4.54402,3.88949,4.01641,-4.5965,3.83532,-9.36751,2.95274,5.01762,-3.76149,8.56149,-6.33226,9.3101,-4.51245,-1.01449,-4.26707,9.7287,9.56671,-7.10311,-0.956347,-0.123384,9.20552,-7.18716,-3.7144,-5.84923,-7.85924,-8.36294,-2.46828,-0.822036,-6.39825,-4.34219,2.24593,0.141327,-5.75858,-5.28224,7.29371,-2.01279,-4.26885,1.68634,0.209881,1.2005,5.03156,0.0338261,3.52261,-5.03453,-9.4532,-3.4151,-3.35456,5.00435,-1.18595,4.98627,-1.50461,-0.702501,8.1372,4.19354,-5.09785,5.57768,-3.8517,-3.11858,-8.0233,-2.98786,-6.72744,1.2422,9.97682,5.9865
4.8052,-6.3716,-0.556714,-6.17927,1.04537,-7.38189,5.29671,-8.64416,-6.61881,8.45928,8.78969,-7.75213,-7.26611,4.61382,-5.77075,-9.63252,-3.57871,-5.84042,7.71076,-9.75296,-9.37911,9.61696,-7.66971,-4.17299,-4.5029,-7.60632,-7.08316,-0.839874,3.61698,1.64624,9.06033,6.52405,3.0812,-2.7275,-4.3956,5.09371,6.22837,7.88886,-3.39374,6.53481,-1.18615,-3.66735,7.97081,-4.00776,3.87466,3.61459,-0.869404,-8.45704,2.8144,6.66213,5.27326,6.74389,-1.47259,3.69287,-4.2693,-2.75707,-1.01022,8.3072,-3.65432,-5.83128,-1.6963,5.47548,5.64486,-1.25937,-5.21597,2.53215,-3.1635,-4.33332,4.38263,0.805198,6.99963,0.341972,1.94741,5.20591,-3.71589,7.14787,-8.97039,-1.68011,-7.59376,7.40069,0.324861,9.39791,6.73395,7.33175,-2.15186,2.45335,0.9138
1.22891,-0.511838,5.86443,0.589649,5.9255,-2.91049,7.85046,-7.67176,-2.93184,3.49572,-7.75213,-7.40145,-9.39737,-2.18609,7.39464,-7.00558,-6.29679,7.65191,8.94311,9.94905,8.96776,2.15344,8.37388,2.03585,5.47936,5.40242,-5.01272,-1.18119,2.83064,1.04216,-1.90941,5.69228,-8.81415,4.76755,-7.00523,-7.63882,5.78217,-5.00336,-7.79636,-2.83622,-3.25297,3.04444,-8.84476,2.31326,-8.7534,-4.69109,-8.39395,-0.939666,-2.64705,2.63664,-3.00387,5.38746,-1.1356,-0.783806,3.26457,-6.51287,-1.14947,-9.32712,-3.55017,-0.653064,6.47977,-5.82441,-8.10347,-5.08465,-0.895946,-3.98045,4.82625,9.69931,4.49591,5.07342,1.54316,1.39241,-7.00248,1.7428,-1.46476,8.40321,-8.79653,-4.14054,-6.22666,-8.60942,-6.73756,5.93444,-5.55832,-9.23339,7.85964,-2.21306,4.878
0.858168,-7.36269,9.52733,8.96338,3.36134,-7.90993,-4.56852,-9.80773,-9.66689,1.2083,-7.26611,-9.39737,8.63301,9.84229,8.69818,-6.18113,-1.42913,-7.0327,7.11574,-7.00239,6.55997,5.53897,6.25297,-5.14091,-7.83328,4.54869,8.0269,0.167891,7.85362,-2.57695,-6.65889,-7.2124,4.55958,7.06284,-3.03071,-5.88861,3.46277,-0.492446,-6.97001,-0.171831,5.90756,4.30721,7.5662,2.52707,8.08212,5.16857,-2.49587,-0.842877,8.11703,7.82873,-0.0102962,4.38828,6.05612,-3.3927,3.47253,-6.70143,-2.89985,-1.1054,3.63141,0.963399,-6.59268,8.07189,-4.0958,2.74666,0.905475,3.93783,2.59595,0.828436,0.207007,0.435126,3.14711,-3.49893,-2.64493,-5.88039,-8.75538,6.52853,7.32986,0.910923,-3.82322,-7.04157,-8.49281,3.18304,-8.19062,8.32439,3.22722,-8.99225,-3.4229
3.8402,-7.78498,8.97468,4.70783,8.29471,-9.98521,3.99673,-1.92245,-0.793972,-0.451146,4.61382,-2.18609,9.84229,-1.77839,7.70201,6.2788,-5.74792,7.13467,-1.16959,-2.47529,8.68566,-6.26603,2.2788,4.97101,-0.831283,5.22952,3.65833,-1.84187,-8.87244,-7.26842,-6.98875,-8.39145,-4.4699,6.75749,2.61897,0.826299,9.78754,-7.56478,-3.75683,-9.08891,5.33297,-0.0431952,-0.814099,-8.38088,-9.37167,-7.40499,0.61074,1.38811,6.49192,6.80727,8.40734,-3.61085,-3.56497,-9.0013,0.640547,-4.49954,8.65832,-0.17303,-1.51388,-7.73132,-1.74929,-4.10218,9.94331,-3.4689,-1.96537,6.32129,-2.66796,5.38738,-7.08873,6.43671,-5.5881,-4.83398,1.60651,-1.78334,7.08101,9.18631,1.3152,5.04326,8.94907,-0.0886552,-6.06126,8.11576,7.50846,-5.40484,2.71867,8.83592,4.52188
-2.31596,9.56203,-2.60467,9.62504,-2.56343,9.63647,-7.76153,-4.93951,0.45526,-4.65025,-5.77075,7.39464,8.69818,7.70201,-7.85875,3.98954,2.57766,9.04569,-0.0855544,7.79284,-1.6384,-4.10936,-3.9271,1.52114,-5.51438,-9.69567,-0.852337,1.39771,2.30117,1.7695,9.48226,2.76155,-8.82282,6.21772,3.7613,9.38438,4.58928,8.62247,6.37685,-5.84457,-4.57154,2.65398,-6.52387,5.26651,3.86624,7.17758,-8.32475,0.730411,-8.60197,0.190034,3.88138,6.17074,-0.406287,9.92224,-9.60184,4.42547,7.24914,7.58737,6.88384,-3.66502,5.9787,7.57422,-8.01868,-9.13454,-8.48611,-9.98165,2.33764,-9.10361,-2.76191,7.41922,3.85088,5.29674,5.66761,4.94133,-1.53845,2.02803,0.779484,-6.75469,4.458,0.481106,6.35592,2.69889,6.21488,9.54398,9.7102,-6.58396,-7.39096
6.45864,8.81487,7.50276,-6.96892,5.04002,-0.702967,4.62621,5.39346,1.53497,-4.77137,-9.63252,-7.00558,-6.18113,6.2788,3.98954,4.99293,-1.91405,-9.37382,-3.61383,-2.34848,8.33819,-7.11212,7.97886,-2.51914,-9.71138,3.98933,9.09289,-2.75954,8.75529,-5.36155,1.16729,0.659395,4.07827,-3.58244,-6.16496,-9.67445,5.44446,4.78737,-2.56794,6.95705,-7.90214,3.16904,-3.09983,3.52077,7.46672,9.50253,-3.50056,9.75497,2.26449,6.71136,5.16667,0.597051,2.08499,6.74308,5.66114,-2.03515,-1.25001,-3.49327,7.93785,0.72349,-5.43289,-1.26438,-3.83561,-9.91593,3.70671,9.83589,9.01748,2.2315,-9.6428,-1.55497,-3.87055,0.684643,-0.741123,2.6143,4.6049,2.16203,1.95973,-9.78023,9.74877,6.09209,0.436751,4.11747,-1.43947,-9.70118,2.90529,-8.75781,-6.5955
-1.11435,-1.20849,-2.38615,6.28339,-2.57703,-2.61976,7.73145,-8.21861,-8.26361,3.41661,-3.57871,-6.29679,-1.42913,-5.74792,2.57766,-1.91405,6.75,3.93867,-3.48286,-1.343,-3.12498,6.40542,-6.94844,8.51713,4.25927,-4.35262,-7.80746,5.28703,7.05863,5.41682,-6.40113,7.19013,-3.23563,3.27444,-5.65958,-4.30587,4.59891,9.64257,-5.12682,1.26827,3.96545,-5.68926,-7.51852,-1.19075,-6.85195,-0.599287,1.9355,-1.20545,7.50662,-1.25018,-6.00784,-8.80139,-8.34356,7.40636,-3.47685,-5.97393,6.64954,-7.13796,-3.70078,4.55998,-5.35866,1.54313,-1.49581,1.75279,3.85812,-2.28963,-0.101431,-6.14712,4.78925,7.46712,-1.64671,6.89486,5.12064,-5.41965,2.1328,7.08569,-2.27363,8.154,-4.3469,-6.35486,-4.8883,6.84155,5.65403,0.9055,-0.644635,-4.54576,-7.00022
4.78362,3.83881,-1.54851,-9.87798,4.66149,-8.27194,-0.514962,8.55075,-9.7539,-6.40246,-5.84042,7.65191,-7.0327,7.13467,9.04569,-9.37382,3.93867,4.51358,-5.50831,7.59796,-9.27539,3.35828,5.46631,-9.40097,-1.63113,9.4835,-9.21603,-6.02707,2.03493,-9.80846,-1.67908,4.39729,8.68569,9.39717,3.82624,9.08569,2.67387,9.88037,-1.839,5.78691,-2.03244,2.23668,6.47722,-4.27747,-1.91427,-6.22706,2.55462,-0.663587,-2.10265,8.58061,-6.91183,6.95737,1.49596,-5.52944,4.45682,-3.81637,-4.22164,-9.27329,-0.669964,4.96301,-1.98798,3.4828,-7.1532,-5.07099,4.75985,-9.44083,6.66855,1.21069,9.51883,3.24191,4.72979,4.72364,8.21953,-1.23008,6.05087,-3.74552,-1.81185,-5.97043,-6.77296,7.72561,5.92096,-2.25708,4.38717,-0.393986,5.55511,7.86812,-4.30079
0.738317,4.16318,7.80938,-1.78773,3.36124,-0.028499,7.34571,5.74823,-4.84045,8.9886,7.71076,8.94311,7.11574,-1.16959,-0.0855544,-3.61383,-3.48286,-5.50831,-0.59862,7.7732,-5.88774,2.44322,-3.49436,1.13738,0.435796,-0.340346,-3.58187,0.834809,0.556129,-3.66399,4.78309,-4.14043,-1.73026,-3.9191,3.87351,-5.43463,-9.65947,-0.794886,2.30995,6.99366,-8.38659,7.71636,6.65046,9.6409,-3.69256,-9.52193,-5.45331,-8.6791,1.31865,5.92394,-5.86845,1.95124,-6.16877,-3.44695,-0.0445209,-5.17971,4.35659,7.29553,-9.74467,-5.25752,-5.84115,9.58039,9.68845,-2.1036,5.60148,-5.73216,-3.6903,3.10953,-1.47852,-1.40379,2.36809,-5.06751,-1.1139,6.82211,-2.23523,1.07411,-1.64027,-7.67076,-5.32504,-5.85125,-8.57997,-1.47549,-0.308497,-7.55445,2.67907,-1.08168,0.508735
2.53393,1.46698,4.61581,-3.72855,-7.87995,6.54581,-8.29216,-9.47497,-0.573397,-8.49107,-9.75296,9.94905,-7.00239,-2.47529,7.79284,-2.34848,-1.343,7.59796,7.7732,-3.26314,-0.322472,3.3996,6.68889,-3.57791,-5.05381,6.67433,-4.22565,9.89868,-2.58604,-3.77623,6.50177,-4.37858,-4.10243,6.11555,7.82565,-2.13015,-1.95158,-7.74436,3.31372,-5.07077,0.615294,5.59133,-6.77041,6.83974,4.48984,-0.912924,-4.48808,8.50383,-2.05971,-0.331941,3.04816,-9.76605,-2.15543,-4.14986,5.82824,2.98509,-0.243352,3.74126,-6.99324,1.7114,3.53421,-5.17841,-4.25952,3.62181,4.7815,6.2182,6.66187,-1.00454,6.00138,2.06115,-5.14158,-5.57407,-3.66698,7.99937,5.02761,9.02769,-7.09299,8.47021,-1.53122,7.96699,5.22222,-8.83508,-6.42752,-6.03346,-9.72031,-4.38344,-3.29784
8.98969,2.12429,3.84418,-8.19895,0.584465,4.73377,3.23545,9.54016,-7.76904,6.93901,-9.37911,8.96776,6.55997,8.68566,-1.6384,8.33819,-3.12498,-9.27539,-5.88774,-0.322472,8.55875,-6.46746,-3.89759,-5.66694,6.05542,3.65433,-6.28474,-8.20673,1.53614,9.68708,1.04077,-9.63267,8.75848,6.89646,-1.16403,-9.59497,1.46373,-1.50572,4.23166,-1.46405,3.82844,-4.05407,-1.2474,-7.93138,-7.00755,-6.68228,3.21226,2.11939,4.38996,6.52945,-8.56059,7.77363,3.784,0.571557,1.31522,7.06105,-9.98977,-8.85451,8.26435,4.48205,-7.61831,-6.14879,0.299152,-4.43644,4.50721,6.37129,1.63858,7.69134,9.53388,-4.19151,-1.19442,-6.30228,6.24357,6.21114,9.79402,-0.0584187,-5.53483,-4.75913,-3.77008,-5.49058,-6.20215,3.51454,-1.91324,3.68778,8.41986,-9.45226,4.70271
8.71084,5.50396,-9.45996,9.64266,-1.47711,4.03522,6.04833,-9.7162,-8.2538,-7.55552,9.61696,2.15344,5.53897,-6.26603,-4.10936,-7.11212,6.40542,3.35828,2.44322,3.3996,-6.46746,7.06054,-4.20304,-2.0579,-6.34505,-9.98365,-6.42944,9.81511,-7.71146,-0.331181,3.03418,-1.7268,3.32442,-7.61342,-6.17922,-8.96714,-5.01807,1.13838,-7.13355,1.25174,-0.688421,7.03889,-4.88888,-3.09151,1.42516,-9.23524,-5.3737,9.41974,8.64392,5.31185,-2.07801,-9.07407,-2.97254,4.41102,-8.4042,1.25957,-4.41665,-7.98822,7.83849,7.31608,-4.09112,2.3748,-6.7577,-0.382836,-0.6605,-0.195247,-1.87591,6.24929,-7.38001,6.51323,-9.12975,-3.01352,-9.46492,-7.24358,-4.13855,3.44555,4.84852,-5.13479,2.27318,8.88002,6.07293,5.6204,4.4109,3.39795,-5.6626,-7.70311,-1.15211
-7.78795,-6.17123,1.83519,-4.78542,-5.58439,9.37172,-7.12334,-7.10742,2.61223,3.5723,-7.66971,8.37388,6.25297,2.2788,-3.9271,7.97886,-6.94844,5.46631,-3.49436,6.68889,-3.89759,-4.20304,8.65207,-6.8676,7.64285,-5.33518,-0.426784,-9.48936,6.01035,7.52751,-5.38888,3.37645,8.33851,0.942204,5.83418,-1.3411,5.42719,3.00527,4.7405,-0.739334,-4.80514,3.67114,-3.21829,2.82278,-4.96703,0.333151,7.85272,-6.4895,-3.94361,-5.1497,-8.11184,7.37629,-9.16492,-9.48341,-9.92087,8.38293,-1.10904,1.70679,-0.579535,2.01872,6.70372,-6.1999,3.60208,-8.66132,-2.53258,5.1374,0.415913,-3.7405,-0.256603,6.79756,-4.06495,7.84324,7.52503,-7.80399,0.0961151,2.05127,3.60039,-1.02828,-5.26187,7.52297,0.546998,5.82473,-0.482442,-8.5879,1.42691,0.47238,5.9634
7.18504,5.43305,-2.90106,-2.28851,2.78049,8.94568,0.661826,-4.75056,-9.36406,4.54402,-4.17299,2.03585,-5.14091,4.97101,1.52114,-2.51914,8.51713,-9.40097,1.13738,-3.57791,-5.66694,-2.0579,-6.8676,2.23445,-4.75988,2.95362,4.18617,-1.44489,-7.03226,5.85981,9.93651,4.87528,-6.50456,-8.39782,7.32861,-6.00705,-4.89665,-1.93143,-2.24498,-3.35294,-2.69911,7.92261,9.71509,1.27541,6.13395,0.827232,8.17093,3.69156,7.98467,1.87774,2.93558,-3.21922,-1.8067,-2.63641,3.13422,1.58204,8.4082,9.03138,-4.02246,-7.48445,-5.49042,2.4433,-2.98986,7.44765,-1.13017,-9.03991,-6.76005,-1.2741,-1.03036,-1.28954,1.71265,6.98531,-5.6779,-7.60197,9.55071,3.41498,-2.11611,-9.67415,1.13911,-1.04673,5.65331,-5.34653,-6.38864,3.54188,-6.19531,-3.35892,3.90263
6.07527,6.09114,2.94618,-3.31385,-1.22096,2.03895,-3.97244,-3.79297,-9.73882,3.88949,-4.5029,5.47936,-7.83328,-0.831283,-5.51438,-9.71138,4.25927,-1.63113,0.435796,-5.05381,6.05542,-6.34505,7.64285,-4.75988,-1.92839,6.13415,-7.18707,-4.51552,3.95869,-6.37233,-8.98511,5.09931,-9.86193,-3.51665,-1.32782,4.26854,0.215886,3.81782,-0.963875,5.92623,7.07321,8.47229,-8.41681,-5.03229,0.593671,-3.23184,6.66268,-6.51541,-3.30201,-5.41052,-3.35758,-6.52785,7.39745,0.725908,-3.94463,7.29347,5.71837,-4.11806,-8.4534,2.60418,-7.65257,2.67386,-7.55614,-9.49853,-1.06553,-8.55355,8.01748,-9.71213,3.89318,7.05802,3.09961,-8.18518,-5.17863,8.1955,-7.62701,8.35627,9.28295,2.20277,-6.32217,3.05436,5.39227,5.02684,-2.09773,-2.79881,-6.64333,-8.48724,6.7073
2.01696,-9.66134,-8.48986,7.15971,-4.38317,6.63622,5.49939,7.45596,-7.00239,4.01641,-7.60632,5.40242,4.54869,5.22952,-9.69567,3.98933,-4.35262,9.4835,-0.340346,6.67433,3.65433,-9.98365,-5.33518,2.95362,6.13415,-4.62742,2.07788,8.75849,0.80122,0.367796,8.11633,5.96446,-8.22106,-7.33886,4.37753,-3.50703,2.14007,-1.26976,6.83292,4.23322,-1.91854,-5.2878,-6.33792,-8.99914,-0.0801161,-7.31869,-2.90582,-7.73228,-3.00335,2.28652,-7.9074,-3.63682,-9.86806,1.00966,1.27737,9.90006,1.79902,-2.31342,-4.39602,3.9235,-6.238,-5.57101,-7.23333,8.40888,0.195264,6.32457,-9.51099,-7.25446,5.68707,-0.782556,-3.35334,-4.3887,-9.44266,0.106011,-5.79689,-1.05947,-8.48567,7.57379,8.64988,-0.843325,3.73865,9.57826,7.77464,-4.93971,-5.02456,9.43367,3.21957
4.06524,6.12671,-8.34674,-3.82396,5.72169,-8.29326,4.06452,4.54134,-3.36548,-4.5965,-7.08316,-5.01272,8.0269,3.65833,-0.852337,9.09289,-7.80746,-9.21603,-3.58187,-4.22565,-6.28474,-6.42944,-0.426784,4.18617,-7.18707,2.07788,7.09896,6.89092,4.08244,7.03694,6.45716,1.26314,4.15281,-5.58146,-2.43817,-9.87377,5.70449,-8.94553,6.69785,7.74765,-9.50737,1.99255,1.32149,-0.715263,-7.39118,-8.30124,-0.361464,9.79792,-0.701522,-5.83155,5.71925,-7.19076,-1.4298,0.108509,-3.369,-5.09035,-0.666752,0.299731,6.26546,-7.44212,-4.34344,1.36009,3.62792,-2.24083,-7.34016,-9.36684,2.48999,0.435033,6.48665,-7.04035,3.08636,5.37211,-7.84208,-8.99369,9.38805,-0.0797106,-0.682782,-7.13341,6.56996,5.01046,-9.79591,3.91094,8.39275,0.448805,-5.69225,9.60596,-6.938
-3.80381,1.24255,3.53463,9.02154,7.90181,-7.00295,-8.96586,9.93464,0.0479354,3.83532,-0.839874,-1.18119,0.167891,-1.84187,1.39771,-2.75954,5.28703,-6.02707,0.834809,9.89868,-8.20673,9.81511,-9.48936,-1.44489,-4.51552,8.75849,6.89092,-5.16228,-6.72142,-0.0670775,-3.18514,1.15924,6.275,6.12133,3.45895,3.60859,1.22183,1.33049,4.8988,1.82015,0.392171,-7.73199,4.24835,-3.02014,7.46881,6.13878,-5.70259,5.17121,-7.16134,-0.676912,-4.25368,-0.714114,6.17669,7.43352,8.44203,9.9521,-5.8009,-5.45541,-9.10283,-6.63063,1.32074,-7.32526,-3.5516,3.13525,-6.02336,-0.923339,3.09375,6.80821,0.447117,-2.63659,-9.40305,-2.18894,-4.27319,-4.72862,-9.4881,1.49823,3.78056,1.00357,-5.34693,-0.977673,-4.32962,-0.237997,2.88728,4.50032,5.49985,-9.44143,5.71962
4.25339,-8.09225,-6.62241,6.56294,5.16929,2.35826,1.94465,-7.4636,2.60103,-9.36751,3.61698,2.83064,7.85362,-8.87244,2.30117,8.75529,7.05863,2.03493,0.556129,-2.58604,1.53614,-7.71146,6.01035,-7.03226,3.95869,0.80122,4.08244,-6.72142,-0.175928,5.83715,-0.139402,-8.37145,-0.722483,3.45938,-0.900359,1.9907,-2.3032,0.704299,8.85245,7.02321,8.34234,-1.24806,1.5934,-9.5347,-1.93023,9.36175,9.31466,5.51817,0.396173,3.91916,-5.46556,-7.57836,-1.78142,1.93011,0.366166,-9.97552,-2.51288,-3.95203,-9.91262,9.59306,1.72704,-3.1685,-5.2883,-6.00452,0.214862,3.38621,7.91294,-6.60666,0.505572,6.56977,5.03119,-0.968795,-7.40624,0.921148,-0.395597,7.02246,-5.52153,6.96371,-5.26462,9.67588,6.81749,7.75987,-3.539,-4.78499,-4.76204,7.43372,-9.74252
-4.02939,-1.33742,6.92844,6.87841,1.19895,-1.86058,9.53546,1.8768,6.74052,2.95274,1.64624,1.04216,-2.57695,-7.26842,1.7695,-5.36155,5.41682,-9.80846,-3.66399,-3.77623,9.68708,-0.331181,7.52751,5.85981,-6.37233,0.367796,7.03694,-0.0670775,5.83715,-8.58473,-1.21669,3.59367,-9.85335,-1.51069,-5.4991,-1.20141,-5.72819,2.82536,-2.75123,-6.25512,-6.12951,-6.66828,-3.33875,-5.04977,8.91956,4.28545,6.65579,3.95698,2.19692,-7.951,-1.17394,-1.42938,1.77684,1.26438,-3.40612,0.722827,-3.59522,-0.0345121,-8.20876,8.14008,3.93485,-6.72684,6.07365,-4.92706,1.17618,-8.85424,-2.28823,-2.62729,-3.58335,-3.6347,-8.43416,1.45049,-0.739653,-2.62973,2.04717,6.93595,9.64245,0.132817,0.199161,-2.61044,-3.42958,-5.3179,2.64015,1.64827,-8.05842,5.94353,6.0041
-2.58505,-3.64258,-1.44693,-7.61621,-4.87033,-0.963647,-4.40296,-4.00442,9.25963,5.01762,9.06033,-1.90941,-6.65889,-6.98875,9.48226,1.16729,-6.40113,-1.67908,4.78309,6.50177,1.04077,3.03418,-5.38888,9.93651,-8.98511,8.11633,6.45716,-3.18514,-0.139402,-1.21669,-7.08554,8.43351,5.07317,-6.90538,-0.590656,-4.86933,9.19827,8.45981,-7.12025,5.37157,-1.15818,2.08616,-1.86688,1.80718,1.76581,-2.39706,-6.27444,-9.2961,-5.8507,3.68192,4.87041,-8.56764,0.985029,1.4469,-7.33732,-8.59401,8.34944,5.85787,-4.60668,-5.81369,-8.82905,9.78411,-4.54879,-9.79343,9.62653,8.7813,6.08352,0.632472,8.02129,-2.13987,7.91534,2.14982,0.102576,9.62915,6.21638,9.43921,5.71046,1.56556,8.76597,3.97691,-3.9996,5.48282,5.63145,2.16543,-9.10861,-0.752465,2.4292
-3.61016,1.79837,-8.94037,-5.76231,-4.74535,-1.49244,7.06162,-7.22342,-8.25967,-3.76149,6.52405,5.69228,-7.2124,-8.39145,2.76155,0.659395,7.19013,4.39729,-4.14043,-4.37858,-9.63267,-1.7268,3.37645,4.87528,5.09931,5.96446,1.26314,1.15924,-8.37145,3.59367,8.43351,0.809655,5.23395,3.9356,-6.00047,6.07696,0.552914,-4.44847,1.47823,8.94726,-2.74642,-7.25087,0.822581,3.35932,-8.80154,9.40079,0.399054,-5.47113,3.71759,6.40776,6.91213,4.68242,0.982101,-0.495887,-4.67312,9.27228,5.89374,-1.75787,-9.68412,5.78894,3.57776,7.95064,4.14122,-6.02811,1.27744,4.1838,4.82293,-4.62792,-2.98953,5.46604,2.40465,9.86535,-8.78232,-5.14744,8.20996,7.95565,1.79189,3.91084,0.228756,-3.33073,8.68543,5.37798,5.81454,-7.88889,-6.55835,6.60435,3.79639
-4.42452,7.86404,-1.49294,-0.177636,-4.54278,-9.22001,1.63886,-5.46686,9.94177,8.56149,3.0812,-8.81415,4.55958,-4.4699,-8.82282,4.07827,-3.23563,8.68569,-1.73026,-4.10243,8.75848,3.32442,8.33851,-6.50456,-9.86193,-8.22106,4.15281,6.275,-0.722483,-9.85335,5.07317,5.23395,-6.57118,-1.68956,-1.94768,-6.65995,-9.27644,-5.9037,-7.48818,7.96481,1.55537,-6.85442,-0.733871,-3.08721,1.48017,1.92637,-6.62568,5.94677,8.75035,4.67644,-1.0061,-3.62979,1.23483,-8.87379,0.114054,-2.78529,-2.67316,9.79664,-0.94535,-6.42641,-3.81866,4.69029,-5.64774,-1.32857,6.68324,4.30526,4.71155,-7.41433,-1.53888,3.27007,0.300863,3.74436,-8.90162,9.69068,-2.18644,-3.51326,-9.48472,-8.09445,0.908397,7.36164,2.64783,-9.85877,-0.674676,-6.00328,-8.63465,-7.07805,0.748422
6.50622,7.17729,-8.33553,-1.14602,-4.54874,-8.0686,-7.16824,-7.46285,3.64963,-6.33226,-2.7275,4.76755,7.06284,6.75749,6.21772,-3.58244,3.27444,9.39717,-3.9191,6.11555,6.89646,-7.61342,0.942204,-8.39782,-3.51665,-7.33886,-5.58146,6.12133,3.45938,-1.51069,-6.90538,3.9356,-1.68956,7.04739,-5.90295,-7.04248,-3.47147,-1.3794,1.84165,-3.65895,3.86596,5.64086,-9.63249,-7.97476,-4.30359,-3.82645,-0.373674,2.13482,-4.38054,4.8915,6.09359,2.44042,2.15965,1.58783,-8.31592,1.34286,-3.9544,1.61013,-4.9895,-3.24847,5.81251,-8.69331,-1.23527,-9.59441,-8.42948,-8.05142,0.511241,6.8199,2.87934,4.70225,-9.41181,-4.92586,-8.48574,-6.68805,7.1695,-8.50627,-1.84038,3.69955,3.35889,7.3961,-6.09868,-0.99821,-0.311051,-3.68964,1.00874,-7.55969,2.55927
-6.5375,-9.64564,-7.26173,2.5617,-4.73236,-3.54357,-5.67623,5.70012,-8.65247,9.3101,-4.3956,-7.00523,-3.03071,2.61897,3.7613,-6.16496,-5.65958,3.82624,3.87351,7.82565,-1.16403,-6.17922,5.83418,7.32861,-1.32782,4.37753,-2.43817,3.45895,-0.900359,-5.4991,-0.590656,-6.00047,-1.94768,-5.90295,5.69176,-7.46951,0.877783,-9.49293,9.19235,1.19292,9.41168,9.27414,4.87055,-3.91632,-0.986778,-4.11191,0.064789,-1.64601,-5.39256,-4.97231,-1.65043,-9.52241,1.00589,8.51107,0.278211,8.78571,-8.0046,-6.81874,4.65258,9.67879,-0.981953,3.16637,-6.4679,5.77523,-7.04964,-4.32734,-4.53296,3.05245,-6.57427,3.03629,0.549246,8.12542,-4.20441,-5.44369,-4.09059,-3.46232,0.340119,5.20383,-5.90191,-2.86048,9.34266,6.00096,2.28472,8.53837,4.02717,9.60037,-9.15542
5.08477,-3.37235,-2.60549,2.76444,-7.00719,-1.13747,7.24032,-8.50793,-7.75709,-4.51245,5.09371,-7.63882,-5.88861,0.826299,9.38438,-9.67445,-4.30587,9.08569,-5.43463,-2.13015,-9.59497,-8.96714,-1.3411,-6.00705,4.26854,-3.50703,-9.87377,3.60859,1.9907,-1.20141,-4.86933,6.07696,-6.65995,-7.04248,-7.46951,2.98618,-6.40941,4.81043,-3.04153,-0.810889,5.39158,2.98688,5.02905,-6.56161,-6.86825,3.09614,-9.71672,9.29921,3.32223,-0.102995,9.14212,5.90349,-0.150199,-6.38977,-1.59128,-3.89676,9.29736,-4.80667,-3.15377,-5.78235,-4.36305,-0.492142,-5.3959,1.75816,6.29947,2.88446,-7.0299,0.411245,9.71001,-1.50097,8.20954,-7.7109,-0.299894,9.76574,6.72649,5.5846,-6.83263,7.21932,8.00345,6.39037,2.8773,0.440543,1.77617,-9.95559,-8.60676,-3.88301,8.07798
-9.90751,-0.495935,-2.25604,-7.94451,-3.19936,1.92955,-6.5953,-3.47573,9.12676,-1.01449,6.22837,5.78217,3.46277,9.78754,4.58928,5.44446,4.59891,2.67387,-9.65947,-1.95158,1.46373,-5.01807,5.42719,-4.89665,0.215886,2.14007,5.70449,1.22183,-2.3032,-5.72819,9.19827,0.552914,-9.27644,-3.47147,0.877783,-6.40941,8.20922,-5.2175,8.02977,6.79818,-1.29543,-6.43988,-5.65848,3.28297,7.88239,-7.69433,-8.88074,2.83031,-9.35751,-8.55187,-9.32797,0.245571,-9.48068,1.61829,7.68009,4.24886,4.06848,-4.18111,-8.29221,-0.204377,8.15312,5.92026,6.2798,8.37466,-8.63753,4.98732,-1.95701,-7.08634,-5.25886,1.30993,-3.32923,-2.98386,0.983893,6.89718,6.47945,9.7347,-4.07905,-1.68222,-0.732549,-3.44133,-1.84895,9.54454,-7.38281,-9.77939,6.24648,0.430821,3.30474
9.57594,-9.78963,0.0232697,-3.83782,-7.70831,-4.87234,-4.38145,-2.73897,4.79296,-4.26707,7.88886,-5.00336,-0.492446,-7.56478,8.62247,4.78737,9.64257,9.88037,-0.794886,-7.74436,-1.50572,1.13838,3.00527,-1.93143,3.81782,-1.26976,-8.94553,1.33049,0.704299,2.82536,8.45981,-4.44847,-5.9037,-1.3794,-9.49293,4.81043,-5.2175,-2.41782,-0.188316,-4.19279,0.824158,1.59018,2.57478,3.51401,-7.31576,-0.253659,-7.7906,-3.80967,9.35618,9.86329,6.21177,8.02909,-8.7963,4.99726,-0.993549,-4.42644,3.10218,-7.14758,-1.45657,-5.32867,-1.12273,-5.92452,-1.14322,1.75762,-4.12173,0.392614,-0.137057,6.94365,2.56332,-4.436,5.52295,1.10003,9.83331,9.67445,-9.68659,8.35666,-5.60208,-1.36183,0.677646,-2.63913,5.61522,1.27104,9.5212,-4.81828,-5.5947,7.21026,-8.77998
8.43908,6.91476,9.71614,-9.36344,4.20446,-8.6508,-8.01286,-2.36545,-0.28807,9.7287,-3.39374,-7.79636,-6.97001,-3.75683,6.37685,-2.56794,-5.12682,-1.839,2.30995,3.31372,4.23166,-7.13355,4.7405,-2.24498,-0.963875,6.83292,6.69785,4.8988,8.85245,-2.75123,-7.12025,1.47823,-7.48818,1.84165,9.19235,-3.04153,8.02977,-0.188316,-4.09919,-8.29528,-7.57374,5.24811,-2.86405,7.9437,0.614013,9.77091,-8.21939,-7.0914,-2.41128,8.6314,-1.20412,-0.0238131,8.35581,5.52019,-4.69245,-9.63005,6.52594,4.83696,3.12589,-4.037,-0.0300505,6.00493,-0.134333,-0.125267,6.36118,3.27914,3.33105,-2.91531,-1.1521,3.37026,-1.11237,-3.8213,-3.9016,7.6483,-8.52751,-6.42526,5.22271,-0.68107,-5.13496,1.22065,-5.15874,-2.9748,-6.67089,-9.40245,-6.21588,0.465345,-5.78618
0.349221,-2.97086,7.35431,0.864041,-1.58544,0.477824,7.95465,-2.05739,-8.39322,9.56671,6.53481,-2.83622,-0.171831,-9.08891,-5.84457,6.95705,1.26827,5.78691,6.99366,-5.07077,-1.46405,1.25174,-0.739334,-3.35294,5.92623,4.23322,7.74765,1.82015,7.02321,-6.25512,5.37157,8.94726,7.96481,-3.65895,1.19292,-0.810889,6.79818,-4.19279,-8.29528,-3.42497,7.92218,0.615687,-7.65195,1.41274,-5.46337,-8.15535,2.25397,2.22937,-4.36444,0.0384098,-3.86999,8.97449,9.05153,3.93072,-0.31796,7.74379,9.97426,-4.79114,-1.58166,-5.01589,7.87157,-2.73888,0.374155,-3.97789,-1.52562,-2.17397,-5.71153,-9.10239,-5.74979,-2.18443,8.2089,-3.59631,7.23562,-1.27519,5.71381,-5.02388,8.92236,8.27438,-4.18101,-0.032202,-2.51713,7.08181,-5.10934,2.80216,5.05803,-8.77577,-8.30695
8.70365,4.40263,-1.41754,7.0981,0.629947,4.52184,0.237211,1.4614,-1.24629,-7.10311,-1.18615,-3.25297,5.90756,5.33297,-4.57154,-7.90214,3.96545,-2.03244,-8.38659,0.615294,3.82844,-0.688421,-4.80514,-2.69911,7.07321,-1.91854,-9.50737,0.392171,8.34234,-6.12951,-1.15818,-2.74642,1.55537,3.86596,9.41168,5.39158,-1.29543,0.824158,-7.57374,7.92218,8.23059,-4.8633,9.12127,9.62048,8.65527,5.54332,4.64553,7.34252,4.84238,4.88006,-1.04935,-8.54768,2.76092,-7.42539,0.359007,8.91641,-0.905463,6.98456,6.67171,4.23183,-9.09414,-7.95222,-6.33757,1.98832,4.35757,9.5657,3.9124,5.42158,4.34949,-8.64326,-5.18601,7.21934,-2.82033,6.06528,3.90444,-9.60013,8.94259,6.73216,-2.38416,5.51042,3.65384,-0.525937,-4.07927,-6.02238,6.69641,7.88772,5.67933
-5.03819,7.89164,1.1989,6.4677,-7.18868,-1.67913,-9.91441,-7.44768,0.662325,-0.956347,-3.66735,3.04444,4.30721,-0.0431952,2.65398,3.16904,-5.68926,2.23668,7.71636,5.59133,-4.05407,7.03889,3.67114,7.92261,8.47229,-5.2878,1.99255,-7.73199,-1.24806,-6.66828,2.08616,-7.25087,-6.85442,5.64086,9.27414,2.98688,-6.43988,1.59018,5.24811,0.615687,-4.8633,8.24375,-9.41542,9.76784,-7.32762,1.85832,-7.46628,6.22636,-6.64482,3.4002,-5.22032,-1.53176,8.80438,8.95494,8.82302,1.06236,-4.54144,-9.22048,3.05483,4.8799,-1.66003,-5.73047,1.09652,-3.49666,1.91553,3.69111,-9.09342,2.76379,-8.81564,-7.22243,-0.327999,3.79746,9.12271,8.824,-2.50422,4.42253,0.0317652,2.40221,9.44483,-2.82747,-8.45279,9.3838,-7.95667,-1.67488,-7.10451,-9.06661,9.62541
7.42418,1.20447,-7.07714,5.4605,-0.691702,-1.20096,8.31655,-5.79287,7.39314,-0.123384,7.97081,-8.84476,7.5662,-0.814099,-6.52387,-3.09983,-7.51852,6.47722,6.65046,-6.77041,-1.2474,-4.88888,-3.21829,9.71509,-8.41681,-6.33792,1.32149,4.24835,1.5934,-3.33875,-1.86688,0.822581,-0.733871,-9.63249,4.87055,5.02905,-5.65848,2.57478,-2.86405,-7.65195,9.12127,-9.41542,4.64774,1.21091,-8.08166,-4.65743,-6.01147,1.63454,7.31942,7.80512,3.31508,-5.09243,2.05894,7.92545,-2.91367,-7.97047,7.05734,2.23768,3.02184,-7.55205,-6.62302,-3.79476,-1.2517,-9.15916,-4.51786,3.59433,-3.22288,-0.951159,9.59054,-7.08498,-0.574118,-7.62601,4.17702,7.59376,-6.65444,-3.99313,0.874432,5.27321,-1.40405,2.40625,-5.9302,-4.62647,3.15872,6.70972,-4.93032,1.71148,-8.24594
0.961254,6.65223,-1.63393,9.22005,-8.5782,-9.66238,7.23546,-7.20053,-9.0053,9.20552,-4.00776,2.31326,2.52707,-8.38088,5.26651,3.52077,-1.19075,-4.27747,9.6409,6.83974,-7.93138,-3.09151,2.82278,1.27541,-5.03229,-8.99914,-0.715263,-3.02014,-9.5347,-5.04977,1.80718,3.35932,-3.08721,-7.97476,-3.91632,-6.56161,3.28297,3.51401,7.9437,1.41274,9.62048,9.76784,1.21091,-8.68591,-4.85409,-4.42262,5.32972,-1.54223,3.34145,-1.68061,0.332188,5.76293,3.86196,-3.21892,2.01187,-0.494511,-7.27326,8.88718,-2.77052,-0.842191,9.40834,-9.81047,-8.58667,2.57088,0.898488,6.98938,1.01614,-6.41088,2.03566,-7.09119,-5.47765,-1.87597,4.18067,9.04886,-6.56054,3.87438,1.20133,8.56867,4.74049,-7.23375,9.15884,-3.58349,-5.86649,-7.5015,1.56163,0.991242,1.57883
5.30702,-2.6203,-3.59227,-2.87712,5.88404,8.66771,-8.30712,-5.87677,-0.23303,-7.18716,3.87466,-8.7534,8.08212,-9.37167,3.86624,7.46672,-6.85195,-1.91427,-3.69256,4.48984,-7.00755,1.42516,-4.96703,6.13395,0.593671,-0.0801161,-7.39118,7.46881,-1.93023,8.91956,1.76581,-8.80154,1.48017,-4.30359,-0.986778,-6.86825,7.88239,-7.31576,0.614013,-5.46337,8.65527,-7.32762,-8.08166,-4.85409,3.82606,4.389,-6.30451,-8.10609,5.18249,-6.67042,-4.04872,-8.782,-0.104787,-4.13898,-4.20837,-4.55564,-7.791,7.70666,3.31173,-7.44305,-0.537214,-7.53968,6.40103,-7.05324,-0.964249,0.12941,2.41248,1.56579,-5.88838,-2.96999,-2.90842,-2.98262,8.07476,-4.19987,-6.44501,-7.61137,9.86035,9.62727,7.2434,4.1903,-3.8531,-1.64085,3.95776,-7.5019,-7.9904,9.72738,6.46191
-8.97096,1.42287,3.50542,5.55598,2.42274,1.6522,-2.54521,7.81872,0.970768,-3.7144,3.61459,-4.69109,5.16857,-7.40499,7.17758,9.50253,-0.599287,-6.22706,-9.52193,-0.912924,-6.68228,-9.23524,0.333151,0.827232,-3.23184,-7.31869,-8.30124,6.13878,9.36175,4.28545,-2.39706,9.40079,1.92637,-3.82645,-4.11191,3.09614,-7.69433,-0.253659,9.77091,-8.15535,5.54332,1.85832,-4.65743,-4.42262,4.389,2.3199,-2.26156,-2.66179,-8.13138,2.74187,-0.931562,-3.84471,-9.00979,8.05988,-9.56747,3.02898,5.35755,-1.86711,-3.71672,0.202543,0.0393893,-1.2827,-4.37323,8.67064,5.95638,9.00367,6.41132,8.75531,0.752981,1.26526,-2.04558,6.49864,-5.47375,-3.25116,2.3314,-1.28096,-7.88597,-0.70104,-8.74462,-2.04612,9.25636,7.42832,-9.0853,0.182338,-7.74224,3.56474,-3.54405
-5.16246,-1.21821,2.32355,7.71585,-2.00522,-0.552328,-3.76538,0.0287723,-3.8575,-5.84923,-0.869404,-8.39395,-2.49587,0.61074,-8.32475,-3.50056,1.9355,2.55462,-5.45331,-4.48808,3.21226,-5.3737,7.85272,8.17093,6.66268,-2.90582,-0.361464,-5.70259,9.31466,6.65579,-6.27444,0.399054,-6.62568,-0.373674,0.064789,-9.71672,-8.88074,-7.7906,-8.21939,2.25397,4.64553,-7.46628,-6.01147,5.32972,-6.30451,-2.26156,6.2164,4.65606,-6.51233,-3.43237,-7.15169,0.59539,-1.63917,7.54739,-2.52632,9.68115,-7.7432,-9.42894,0.515444,2.71813,2.41878,0.768615,3.21736,6.01957,9.73023,-2.00419,6.05157,-0.701642,-8.06189,-2.01039,7.53878,0.0529306,8.23589,-1.7973,4.27773,6.28612,8.12662,2.22238,-9.72383,6.37786,1.37955,0.585061,3.22482,-2.28705,-5.97243,7.60798,2.69556
-0.178062,-6.05501,7.04604,8.02622,-8.95475,7.40244,8.64545,-4.06877,7.4636,-7.85924,-8.45704,-0.939666,-0.842877,1.38811,0.730411,9.75497,-1.20545,-0.663587,-8.6791,8.50383,2.11939,9.41974,-6.4895,3.69156,-6.51541,-7.73228,9.79792,5.17121,5.51817,3.95698,-9.2961,-5.47113,5.94677,2.13482,-1.64601,9.29921,2.83031,-3.80967,-7.0914,2.22937,7.34252,6.22636,1.63454,-1.54223,-8.10609,-2.66179,4.65606,1.42968,1.30816,7.52731,8.82229,-7.3764,0.193236,6.99398,-8.07865,8.30237,7.84561,-6.75261,7.44548,9.40346,-4.57424,4.58203,-9.73459,3.12622,-6.09921,-2.21985,-0.11335,5.75836,6.71266,-0.241018,-2.5647,1.00115,8.84648,8.19567,7.3868,-6.90493,-8.3058,6.74188,-0.108086,-2.19649,4.53046,-4.64806,-8.63813,-1.34135,-7.7756,-7.12788,8.53917
7.05653,5.46845,8.83659,3.41523,-6.49741,5.28464,-7.61593,-4.5555,7.72809,-8.36294,2.8144,-2.64705,8.11703,6.49192,-8.60197,2.26449,7.50662,-2.10265,1.31865,-2.05971,4.38996,8.64392,-3.94361,7.98467,-3.30201,-3.00335,-0.701522,-7.16134,0.396173,2.19692,-5.8507,3.71759,8.75035,-4.38054,-5.39256,3.32223,-9.35751,9.35618,-2.41128,-4.36444,4.84238,-6.64482,7.31942,3.34145,5.18249,-8.13138,-6.51233,1.30816,8.36813,5.29828,9.3999,8.27474,-0.167178,-3.99685,-0.318847,4.67763,8.1493,-8.99539,5.3981,-0.593356,-9.10714,2.34332,6.19846,-3.18979,9.64697,-8.10143,-2.4208,2.17351,2.9774,-7.82478,7.08774,-8.91241,8.49416,-4.87034,-1.79199,-9.37114,5.01767,4.6677,7.2037,8.81439,9.23789,7.6999,0.0906371,0.79116,-3.6741,2.1806,-0.577291
-6.60934,-4.4734,0.136812,-2.07575,-3.81818,-4.85437,-7.81148,8.00738,-2.65854,-2.46828,6.66213,2.63664,7.82873,6.80727,0.190034,6.71136,-1.25018,8.58061,5.92394,-0.331941,6.52945,5.31185,-5.1497,1.87774,-5.41052,2.28652,-5.83155,-0.676912,3.91916,-7.951,3.68192,6.40776,4.67644,4.8915,-4.97231,-0.102995,-8.55187,9.86329,8.6314,0.0384098,4.88006,3.4002,7.80512,-1.68061,-6.67042,2.74187,-3.43237,7.52731,5.29828,4.81651,-0.671641,9.96766,3.35681,-6.59233,-2.36865,-1.63962,7.75895,-5.00585,-4.35516,-9.18122,9.36351,9.15466,-2.22354,-9.98675,-8.4014,-7.36376,2.568,-0.559329,9.57643,-7.58306,6.37759,-4.26691,8.20833,-8.64206,-6.70045,-0.774174,5.56599,7.0653,-9.77621,3.66444,2.87126,-1.49294,-7.02603,-2.79997,-7.72934,-9.13038,-2.21354
0.722636,7.30337,9.71368,-4.58159,-9.07405,-4.57364,3.10076,8.88535,-3.55611,-0.822036,5.27326,-3.00387,-0.0102962,8.40734,3.88138,5.16667,-6.00784,-6.91183,-5.86845,3.04816,-8.56059,-2.07801,-8.11184,2.93558,-3.35758,-7.9074,5.71925,-4.25368,-5.46556,-1.17394,4.87041,6.91213,-1.0061,6.09359,-1.65043,9.14212,-9.32797,6.21177,-1.20412,-3.86999,-1.04935,-5.22032,3.31508,0.332188,-4.04872,-0.931562,-7.15169,8.82229,9.3999,-0.671641,-9.54451,4.24622,-2.64316,3.3221,0.595137,0.396699,6.55746,-6.61885,5.22179,5.1179,6.28697,1.09776,2.09326,5.05015,5.45502,4.6542,-0.236471,7.0884,-8.81634,-4.47439,0.462634,-0.479243,2.7382,0.612148,2.24721,-0.272536,3.33103,7.96625,-3.2985,-5.65122,7.0623,-5.56832,-4.12169,-1.10644,0.805199,-9.19,8.39422
-4.61364,-0.840002,9.29436,-1.7809,2.95449,4.01951,-8.26995,5.82204,4.44868,-6.39825,6.74389,5.38746,4.38828,-3.61085,6.17074,0.597051,-8.80139,6.95737,1.95124,-9.76605,7.77363,-9.07407,7.37629,-3.21922,-6.52785,-3.63682,-7.19076,-0.714114,-7.57836,-1.42938,-8.56764,4.68242,-3.62979,2.44042,-9.52241,5.90349,0.245571,8.02909,-0.0238131,8.97449,-8.54768,-1.53176,-5.09243,5.76293,-8.782,-3.84471,0.59539,-7.3764,8.27474,9.96766,4.24622,-6.5726,-5.66656,-5.13558,8.36854,8.41454,1.0574,1.46772,-0.284941,8.70584,7.20973,-0.105672,9.26342,-3.47658,5.39145,-6.46678,7.72462,-8.24163,-0.814001,0.127275,-8.89458,-0.299002,-4.2421,-5.038,-5.72571,6.91962,1.63119,-6.30542,3.67809,-5.98468,0.396959,5.35595,0.920685,-8.79299,5.08518,-9.73418,-6.30332
-1.04153,2.2628,2.80719,5.47385,2.41336,-2.36783,-4.23598,-2.4305,-7.20326,-4.34219,-1.47259,-1.1356,6.05612,-3.56497,-0.406287,2.08499,-8.34356,1.49596,-6.16877,-2.15543,3.784,-2.97254,-9.16492,-1.8067,7.39745,-9.86806,-1.4298,6.17669,-1.78142,1.77684,0.985029,0.982101,1.23483,2.15965,1.00589,-0.150199,-9.48068,-8.7963,8.35581,9.05153,2.76092,8.80438,2.05894,3.86196,-0.104787,-9.00979,-1.63917,0.193236,-0.167178,3.35681,-2.64316,-5.66656,-2.57046,-0.567151,1.26283,-5.42,-6.01757,5.41002,-0.299307,0.703864,-7.07199,3.94364,-9.40263,1.93142,-0.908696,-6.99136,-5.27789,-5.70592,-1.17342,9.78947,8.58088,2.83237,0.841248,3.3198,-2.673,-1.1247,4.44894,-9.10454,-5.60142,-1.45912,-3.36715,2.47625,7.29289,-6.00003,-9.40491,-2.89346,-3.40615
-8.41523,9.29789,-0.757631,1.04108,-8.90236,0.945919,-7.61121,6.73035,-9.44682,2.24593,3.69287,-0.783806,-3.3927,-9.0013,9.92224,6.74308,7.40636,-5.52944,-3.44695,-4.14986,0.571557,4.41102,-9.48341,-2.63641,0.725908,1.00966,0.108509,7.43352,1.93011,1.26438,1.4469,-0.495887,-8.87379,1.58783,8.51107,-6.38977,1.61829,4.99726,5.52019,3.93072,-7.42539,8.95494,7.92545,-3.21892,-4.13898,8.05988,7.54739,6.99398,-3.99685,-6.59233,3.3221,-5.13558,-0.567151,-4.42819,2.74627,8.9897,-4.89973,-3.62005,6.4619,-2.62888,-7.74571,-2.86717,3.68978,5.17369,-7.75787,9.1698,7.50119,-7.84544,-9.44198,-8.66305,6.50883,7.51222,-7.9108,-4.35548,0.460042,-2.34016,-1.50251,7.10783,9.43196,9.2112,-8.73052,5.44996,-4.21853,0.352837,3.36693,8.36299,-9.97218
