4.66874,-3.07441,-5.36624,-7.21179,2.23957,1.44139,9.91613,5.24312,5.59334,-2.76522,4.17274,1.75953,-5.45775,8.18741,6.54559,3.15137,2.42258,-4.41072,-8.57154,7.57282,2.53605,-9.76012,5.79539,-1.91362,8.74809,-1.48366,8.9705,2.44154,5.65905,-4.38819,-6.55474,-4.63799,6.90299,1.46182,-7.26761,-0.450764,-6.28417,1.75891,0.698457,1.02813,3.50477,4.54432,-5.5578,-9.83604,-9.70997,-4.52461,4.04682,-6.26489,7.8863,-1.24635,-3.3454,9.0651,1.17055,-1.18004,0.570638,-1.64577,6.89178,-7.41712,-5.10504,0.0833599,0.0325626,1.85794,2.70356,-4.68603,3.77916,-9.83926,-3.8332,0.649995,4.04177,-8.01391,-2.86807,5.98496,0.264346,-3.36458,5.48333,-5.16415,-9.70801,9.86673,-6.35804,0.0897247,-5.3447,9.41713,-9.93272,-3.98612,3.70214,-2.56974,4.82964,8.73117
-3.07441,4.75561,8.97969,-4.07077,-8.53903,0.684718,-5.46809,0.944843,-4.03043,-7.28165,-5.70315,-7.30841,-0.526138,-7.99067,-1.25996,-7.45538,-2.13672,4.01975,-3.06639,0.595764,-1.61922,-7.83992,6.83167,-7.34618,9.7014,1.75327,3.8355,-5.70657,-2.0324,-7.8976,2.21715,-4.21942,3.69139,-2.58319,-3.16706,-6.8444,-4.72058,0.0028636,-8.68867,6.12363,6.53247,-5.82043,-1.06951,1.86958,4.67728,1.38183,5.38022,7.9348,9.27454,-9.56915,-1.97878,-5.07174,-8.89647,-2.69566,2.93793,4.99987,0.297297,4.05334,-6.28008,6.813,9.32376,4.92508,4.37099,-1.56485,6.92274,-3.3295,4.65674,5.82943,-9.89398,0.406853,1.15552,-5.60778,5.06199,-9.70686,-0.998684,-0.00460607,-0.590102,-8.29699,9.51805,-3.16542,-3.06601,-8.27049,1.73754,-9.82451,-2.33125,2.61175,-4.07205,-3.42799
-5.36624,8.97969,2.89536,-7.15582,1.04588,5.54086,9.34946,-3.80172,-5.55248,-6.23121,3.665,-7.54807,8.46111,8.01118,4.14748,-5.01355,5.92304,-7.69313,7.88946,-1.8925,7.92951,-7.54466,7.3455,-9.39454,-0.921017,1.7882,2.59909,-4.31593,-8.63906,-6.75174,-8.11688,3.42492,7.56003,-4.15719,2.18442,-6.70694,-8.654,-5.54282,-2.4627,1.35233,5.3712,-7.29475,3.47269,3.99888,-2.47056,7.01503,-1.54689,-6.46389,-1.38685,-9.24539,-9.01022,0.431421,-3.17903,7.51987,1.73033,-8.649,-4.1262,-1.11788,7.87643,2.85882,2.07971,8.31803,-9.67638,-4.73988,0.700977,6.29566,2.72345,9.5158,2.78922,0.681021,-9.85033,3.60236,-7.01238,9.65174,-4.62291,4.36717,4.41837,-9.88438,1.14674,-6.11106,-2.45741,8.13682,-3.74937,4.76681,-0.782485,9.40293,-7.25958,-2.22884
-7.21179,-4.07077,-7.15582,0.352692,-5.9243,-7.15943,-9.68186,0.29968,4.98755,-6.02488,-0.691244,-6.95188,-5.47122,5.41456,3.08011,6.96453,-3.93253,1.82799,4.32001,4.62543,2.17915,5.71108,0.830332,-8.2208,-8.53766,8.49231,-3.10931,-2.78203,0.973865,-5.73443,-3.8054,2.72239,-9.14792,6.98151,1.25001,-2.96193,-4.99062,-0.89191,-4.87092,1.60935,-4.81193,2.56016,-7.23024,3.45084,-8.90354,4.23553,-4.43333,9.5856,6.65585,-7.04279,2.89507,-5.21397,6.21556,-4.79602,5.64528,6.91215,-6.67658,-2.13433,6.38808,0.985069,-3.59894,7.07234,2.63218,3.34851,6.99683,9.924,6.60753,-6.20117,3.22155,6.38524,8.82682,-4.61453,-0.985002,-5.5802,-7.70718,-5.24469,-6.78725,0.796339,2.82669,-9.95237,-0.0768078,2.78705,4.98644,-1.95559,6.54192,9.74406,-2.58925,6.14138
2.23957,-8.53903,1.04588,-5.9243,-5.30133,-4.3782,-7.04072,-5.95689,3.23277,6.59333,-7.58947,-1.60244,-6.96785,6.91896,-4.55425,-0.977517,2.78861,-4.2207,5.48686,-2.7569,-1.50017,-2.44258,-7.49582,-5.60063,1.49428,-5.9189,-1.96558,5.48868,-8.28761,-8.4895,-7.24597,-7.00976,-3.87305,-9.77056,-8.87134,-4.19524,-6.96094,-0.253985,-2.84443,-4.12529,8.43231,5.60467,8.51268,6.95802,-3.39511,-3.27714,-1.97216,0.540102,3.64979,5.53664,-5.60864,7.06366,-2.54182,6.53323,-5.82974,3.36466,-0.92562,2.25431,4.93529,0.548873,3.13094,-2.55038,1.84133,-3.39894,-7.23582,-8.82842,6.98237,-7.63904,0.703328,3.04962,-9.7803,6.83644,-8.11923,7.23567,-9.49283,3.10936,2.23992,2.34624,7.98282,9.8518,3.95934,-6.619,-4.7457,-4.63445,-7.36751,9.09656,5.33398,-0.42006
1.44139,0.684718,5.54086,-7.15943,-4.3782,-4.48328,1.70799,5.39,6.20175,-7.3446,0.488756,0.473241,-0.151341,-2.96721,4.62162,5.19569,-3.14166,5.62442,-0.252141,8.02332,1.63695,-9.88927,8.5839,-7.26981,1.03482,-4.83794,-6.87736,-5.78605,-8.08983,4.549,5.99278,-9.51551,8.35446,-1.35118,-9.87565,-1.27473,-0.876745,4.10836,-0.312648,-0.0774437,-2.55647,-3.93055,0.435201,3.32033,2.30841,-2.32213,-4.08209,2.74625,6.85028,3.5562,8.07656,0.943174,2.66729,5.32448,6.28,-7.75509,-1.29962,5.90217,-3.38412,0.447244,2.83643,-1.69631,-4.46739,-2.56586,-7.25972,-2.39755,-9.32078,9.35364,1.16457,0.854637,-4.1815,-5.7155,8.91524,1.51962,-1.74658,-4.01241,1.88248,4.66841,-9.82773,-5.1565,6.2279,9.4001,-7.7493,-4.72371,6.08625,3.76297,6.20308,-0.283571
9.91613,-5.46809,9.34946,-9.68186,-7.04072,1.70799,8.31916,7.30323,9.92703,0.219415,9.93267,4.25495,0.0460433,1.97082,2.11192,-9.39882,1.61626,-6.9859,-8.73505,0.768761,8.17379,-2.97243,-2.61016,-4.65336,-8.24984,3.92219,3.89113,6.69618,-5.53429,3.08189,-5.25318,2.93689,-2.70492,-0.155873,-6.51102,5.01168,1.86284,5.74096,3.27529,-6.1961,-6.10219,-9.93176,7.01708,-3.52779,1.17499,9.68262,6.88698,-8.24621,-9.73211,5.75188,5.44808,-6.94705,-4.83334,4.73914,-3.26984,1.77195,-7.15526,3.26295,-8.65467,-1.33991,9.18559,-5.31635,1.18005,6.37364,-8.20253,3.63333,4.25221,6.75831,-4.76203,6.55264,4.12896,-0.623123,-5.96729,1.87234,8.08117,-4.73026,0.382132,5.2241,-5.65847,2.5821,3.98724,2.82737,-8.36093,-2.35117,-0.833697,-0.843397,1.15838,7.29092
5.24312,0.944843,-3.80172,0.29968,-5.95689,5.39,7.30323,-9.4613,-4.52401,-4.15169,8.00742,-3.00574,-5.97642,-4.1209,-3.54476,-8.34192,0.761793,6.63718,-4.27822,-5.16296,8.60373,-0.465692,1.87146,7.29012,3.16264,-5.31979,-1.03152,6.01815,8.53687,-7.99882,-2.11393,-8.24562,-2.77259,1.36133,4.06823,-2.24635,2.32214,-7.94591,-8.08217,-2.18966,-3.31887,1.46993,6.47918,2.68347,-4.37258,-5.48553,-3.28616,2.94876,-3.47952,-7.68115,6.41286,8.16317,-8.17017,7.3396,-3.11415,2.34941,-3.46247,-0.72449,1.50641,0.289808,-9.56244,-7.78215,-3.88249,4.40128,8.50261,-0.488537,-9.80042,3.69711,2.47571,0.808515,8.43386,6.60612,6.08834,-6.85415,4.33814,-3.17465,1.41434,-4.23926,1.46136,1.25477,7.99825,-8.23028,1.06177,0.295296,0.285194,1.1017,1.3247,-3.45743
5.59334,-4.03043,-5.55248,4.98755,3.23277,6.20175,9.92703,-4.52401,-6.7851,-7.17891,8.40742,-8.354,4.38692,-2.75147,2.94347,-0.542152,7.48264,-5.31795,-4.9256,-4.55762,-1.57259,-8.01326,9.34603,-8.3854,8.7984,2.32281,-6.20413,5.42865,0.476644,-3.4743,9.50508,-1.44838,-1.77603,5.80928,1.69419,-4.274,3.32449,1.55444,3.98531,3.12626,-6.89037,8.64007,8.93459,-8.55332,5.37738,1.53817,4.54116,0.429609,-9.76239,-1.59341,3.59246,4.44,-2.14644,-3.2432,-2.2104,8.40883,6.18894,5.47185,-1.77084,5.29767,7.48788,7.81216,-4.29856,5.97604,-0.569924,9.78949,-3.48346,-7.60138,-9.77429,0.42704,5.79761,-8.68162,-4.72614,-3.45516,-5.59221,2.27485,2.01209,0.868393,-3.69358,5.55029,4.58409,-2.40676,4.41499,2.27174,4.24828,-3.80213,-0.142357,1.78952
-2.76522,-7.28165,-6.23121,-6.02488,6.59333,-7.3446,0.219415,-4.15169,-7.17891,-7.54084,-4.84598,5.31987,4.85643,0.58489,8.88028,6.76639,-0.366678,3.53504,-0.0236343,5.55577,-0.391514,0.43987,4.13444,-9.18998,-8.71463,6.61242,9.12163,8.7821,-7.08063,-5.13337,-1.03826,5.89918,-7.01659,2.57579,-5.91794,-2.74595,-0.365528,-9.62781,5.88461,7.64623,-7.40582,-0.746107,-0.796719,-7.64156,6.96588,-5.50397,-4.24971,-9.81436,4.49397,-4.25169,2.89639,-7.97537,8.13324,-1.4092,9.66638,9.73752,-6.89891,5.98447,-9.20399,7.23429,0.733274,6.26997,-6.65133,1.34664,-9.62858,9.1772,9.39034,-8.96224,3.97736,6.08391,-1.48482,-2.82034,7.94779,-1.79369,9.80396,-5.10647,-4.55326,-0.351841,8.948,0.820333,5.30258,-6.8916,-9.94668,-3.33121,7.72561,-2.59576,6.75725,-0.424615
4.17274,-5.70315,3.665,-0.691244,-7.58947,0.488756,9.93267,8.00742,8.40742,-4.84598,1.76405,3.57617,-8.58223,-4.05093,-2.10133,-7.08723,-0.453102,2.20683,-9.28065,-6.79471,8.11176,-8.21744,-4.09151,-0.944896,-4.11358,-8.61737,5.3252,-4.60188,-0.906397,-4.56041,-0.253137,-8.94418,-7.9068,-1.28758,-0.0343505,3.64471,9.4335,-9.59957,5.0495,4.66787,6.43257,-6.48743,-3.86378,0.260092,7.14381,-4.52087,1.82588,8.71707,8.14272,4.90655,-9.84875,5.66197,-5.55856,-2.51979,6.29729,-2.90031,1.82357,5.87129,-7.99776,5.19986,-9.46765,-8.0939,-2.23681,-7.45341,0.366868,-8.81143,-0.789996,-9.41526,-6.98208,5.71148,8.14814,-3.35676,3.06918,-1.04251,-7.20015,-8.50753,-5.39853,-0.742276,-6.48211,8.35061,-5.52813,-5.24769,7.35642,-6.9264,1.6819,3.60971,-8.55583,-1.29009
1.75953,-7.30841,-7.54807,-6.95188,-1.60244,0.473241,4.25495,-3.00574,-8.354,5.31987,3.57617,2.33709,-1.08953,-2.57166,-0.445896,8.50525,4.56093,-0.705466,-2.15755,-3.35441,8.4179,2.3599,3.30304,-2.90957,2.87849,1.77477,-6.37248,-2.86269,6.76171,4.09402,-7.14177,-4.13227,0.990214,-1.15146,-2.25295,6.05366,2.06165,-9.00948,-5.44593,6.42414,5.62158,5.79404,-8.72417,0.528291,7.28955,-5.82744,3.08039,-1.0045,1.09413,7.04294,6.46971,-6.1569,9.87734,-8.26958,-1.14156,-0.998683,5.20517,1.93773,6.67592,-6.99573,-0.338976,-9.74946,3.16153,6.95272,3.27522,0.277503,9.13347,-8.80302,-6.30236,1.91064,8.87416,2.11493,-8.58114,0.766384,4.63629,-1.15066,7.00991,-4.21996,6.58872,6.49438,-2.11824,-8.53184,-5.89885,-0.786644,-0.94249,-5.73118,-0.438474,6.13757
-5.45775,-0.526138,8.46111,-5.47122,-6.96785,-0.151341,0.0460433,-5.97642,4.38692,4.85643,-8.58223,-1.08953,-3.93569,6.94516,9.3302,-7.34662,0.916323,4.76976,4.34569,7.65962,-5.15326,-5.02979,5.9745,3.43899,6.21901,6.95688,0.379161,-9.75549,5.48344,0.836523,8.22059,3.01006,4.42363,-4.52217,-2.48576,0.933162,7.5289,2.55109,7.94021,9.18013,2.21948,-8.83909,-1.19445,8.12014,-5.85392,-6.9046,4.27264,-9.34631,6.95143,7.30203,6.47515,-7.41723,3.86551,-8.06132,2.30269,3.43451,-2.90264,-0.0116922,-5.03157,1.79672,-7.26558,8.44205,4.8957,9.15909,8.45598,2.1612,-4.55374,-2.91443,0.885155,0.37697,2.4694,0.187355,8.01942,2.75616,-4.56473,9.95546,-5.82131,2.22225,7.11498,-7.06792,-9.82056,-4.38963,3.24802,-7.87404,3.54438,-1.81394,2.64016,7.9384
8.18741,-7.99067,8.01118,5.41456,6.91896,-2.96721,1.97082,-4.1209,-2.75147,0.58489,-4.05093,-2.57166,6.94516,5.97627,-0.457311,-4.77099,6.76093,-0.754463,-3.97495,-5.96023,1.86453,5.06188,1.78245,-4.50105,-3.66126,-8.18095,5.22348,1.02743,6.99557,2.94662,1.64459,-7.84477,7.20236,-4.60843,-4.1925,-7.50246,4.48182,5.71814,-6.73736,-4.96227,0.172932,-6.09785,2.33314,2.59138,6.42094,-8.07717,-6.50794,6.75448,-0.131862,1.17857,-8.00925,9.98286,-4.16195,-9.69759,2.74348,5.55693,6.5853,4.99308,1.86559,-5.36493,7.70674,7.49097,-8.93952,-2.61494,-4.08571,7.78702,-9.03471,1.70826,-3.63217,8.29742,9.91102,-1.38746,-0.0457259,-2.79959,4.23261,-5.68538,-8.18186,-1.62059,-4.42546,3.81303,-3.5085,7.05416,-1.63446,-1.11777,-6.65147,-0.159563,1.64231,2.88212
6.54559,-1.25996,4.14748,3.08011,-4.55425,4.62162,2.11192,-3.54476,2.94347,8.88028,-2.10133,-0.445896,9.3302,-0.457311,-6.28841,2.46733,-3.90518,-7.953,-7.81004,-7.45468,-4.04029,8.48656,-9.7346,-7.75239,3.46926,-0.290473,6.4415,2.43643,3.01804,4.61049,-1.52712,-3.80382,-2.85531,8.92238,-9.97913,0.749942,-1.95509,9.81589,8.10429,8.07155,4.8266,-6.82116,-4.8819,4.736,0.774896,2.47595,0.841215,-8.44592,-1.27744,-9.56042,0.506737,-1.81462,-1.37195,-3.55825,6.78106,4.73254,-7.86888,9.69856,-7.4316,-9.57901,-8.72573,4.34253,-7.79481,-9.55713,8.38926,-0.0322822,4.26551,4.55909,6.53844,5.41866,6.18794,-7.29123,-0.628404,6.39184,-2.43389,4.75534,-9.38291,-9.63987,9.2482,1.33908,-7.21005,0.181362,5.28293,-1.20171,5.32683,-7.75409,-3.42924,-7.75329
3.15137,-7.45538,-5.01355,6.96453,-0.977517,5.19569,-9.39882,-8.34192,-0.542152,6.76639,-7.08723,8.50525,-7.34662,-4.77099,2.46733,-7.62994,-8.47714,-2.75712,-1.91771,-1.21822,-5.86342,7.17213,-6.68584,-0.471176,-6.91365,-7.62254,7.10598,-9.58912,-6.86426,3.22811,-9.41254,-9.09395,-4.61221,-9.38673,9.42231,-4.6035,9.95469,7.10157,-2.91011,-3.36425,6.05958,-7.96231,7.65634,6.26391,6.2359,2.59085,-0.396939,-6.39546,4.62348,-0.437924,4.43909,2.11277,-3.97907,-5.17823,-6.39596,-7.3229,9.98236,-8.36112,4.68918,4.17091,9.45309,3.04704,-2.46325,-8.11838,5.07738,0.509245,2.4138,2.44247,5.72926,-5.08052,7.33818,-9.77616,4.34907,5.75763,9.23137,-7.11956,7.60458,-7.42705,-1.76346,4.25596,-0.811085,-1.91392,-4.71205,-8.92805,5.75354,4.07745,9.13999,4.36786
2.42258,-2.13672,5.92304,-3.93253,2.78861,-3.14166,1.61626,0.761793,7.48264,-0.366678,-0.453102,4.56093,0.916323,6.76093,-3.90518,-8.47714,-3.00136,5.13903,0.600999,-8.51722,-6.01718,-7.2223,-1.43363,1.49817,6.9689,5.00681,8.22015,9.72345,3.27146,-8.71112,-6.14281,-1.71395,6.41748,7.92955,2.65063,9.03852,4.83056,0.269048,-2.09863,-2.26643,-6.90185,8.58648,3.03934,-3.42254,5.56886,-3.33998,9.90525,-8.85428,-6.13371,1.73268,-5.13474,-5.84219,-5.16135,-0.00272296,-3.75064,2.1063,4.71061,2.51667,0.184687,6.77993,-4.81755,9.65546,-2.76117,1.43021,7.09791,0.480078,-4.3825,2.94929,-4.98497,-2.29053,-7.6146,-1.68955,-1.8556,3.5177,-5.96158,1.27687,-5.59036,5.47805,-3.19875,9.99907,0.875155,-5.10662,0.00294107,-3.88062,-2.47522,6.66947,-5.01508,-2.04697
-4.41072,4.01975,-7.69313,1.82799,-4.2207,5.62442,-6.9859,6.63718,-5.31795,3.53504,2.20683,-0.705466,4.76976,-0.754463,-7.953,-2.75712,5.13903,0.370993,2.57567,3.11817,7.82987,-1.07058,-9.96096,3.0093,-0.296674,0.367803,6.69115,-4.29518,-3.1281,-1.47668,-3.15954,-4.23605,6.94036,9.49931,9.76354,-2.40697,-2.18072,8.71106,-9.96367,5.57301,-7.48437,-4.37576,4.74039,5.63707,1.77795,-7.47443,7.74771,-1.31917,-2.82194,6.70112,-5.22157,-3.72131,4.76284,-9.84782,2.32792,2.31076,5.08701,9.64677,1.52788,-5.49314,2.95778,5.46231,6.67722,-7.83738,3.35985,2.9597,-5.16284,2.29091,-6.08367,-8.19437,-8.25184,-6.67421,4.41008,9.9288,4.60511,-6.8496,5.24803,-8.74947,2.61137,-7.84241,-9.54944,2.60531,0.647206,-8.48552,-3.64569,-8.2079,-5.46104,-6.37812
-8.57154,-3.06639,7.88946,4.32001,5.48686,-0.252141,-8.73505,-4.27822,-4.9256,-0.0236343,-9.28065,-2.15755,4.34569,-3.97495,-7.81004,-1.91771,0.600999,2.57567,-0.684875,-3.26211,-4.69583,0.376432,1.52434,-4.75482,9.18859,9.06759,1.95263,3.29608,2.63356,2.95551,-5.66292,9.24491,-9.54946,5.60849,9.97956,-0.520789,0.0830542,0.738057,8.44208,-3.12588,-3.56262,-0.572316,-3.02385,8.93644,3.08424,-6.54391,8.05902,5.59275,1.48726,0.297311,8.27139,-4.08666,6.22277,1.40591,-2.7122,7.30547,4.92166,0.729739,-3.39919,2.15694,5.22044,2.96731,2.73088,2.08851,1.38777,3.30875,3.95598,7.55111,-5.05095,-5.28021,4.77342,-9.18163,1.09846,0.60635,5.07792,-2.29327,9.84014,2.56862,3.99064,-5.60641,8.86635,-7.30803,-9.17959,-0.0950746,2.46958,-6.78442,-1.34042,1.65954
7.57282,0.595764,-1.8925,4.62543,-2.7569,8.02332,0.768761,-5.16296,-4.55762,5.55577,-6.79471,-3.35441,7.65962,-5.96023,-7.45468,-1.21822,-8.51722,3.11817,-3.26211,6.95802,2.94696,4.52407,-3.74547,8.23367,-2.45301,-2.47449,-5.52097,0.518508,8.87234,-5.12974,2.76928,2.90797,-6.82275,-7.046,-7.62407,5.03626,-2.56196,-3.33327,-0.321129,2.55069,-6.17244,-7.28152,6.2833,-3.66635,-4.32214,7.17223,8.60864,-5.45036,-0.968213,-8.88509,8.39852,2.29694,5.51453,-1.91664,-7.85861,0.272874,-2.48364,-1.92765,2.09826,0.339967,-8.68949,-8.08335,-1.21487,-9.19403,-0.979346,9.09515,1.60548,-3.45645,7.07339,-5.65929,-6.54696,-0.345426,1.10518,-8.54362,-4.14847,-8.27411,-8.80534,-0.131083,-1.92079,2.9283,-2.38988,8.21435,-4.98985,4.04492,9.77267,-5.10337,7.03073,-8.09313
2.53605,-1.61922,7.92951,2.17915,-1.50017,1.63695,8.17379,8.60373,-1.57259,-0.391514,8.11176,8.4179,-5.15326,1.86453,-4.04029,-5.86342,-6.01718,7.82987,-4.69583,2.94696,-2.66422,4.01034,0.528576,-1.79283,2.43517,-1.55602,0.632001,-7.36417,-3.18335,-4.73944,7.37192,-9.78492,2.67613,-1.81243,5.31358,4.78169,-6.0235,3.01241,-8.04619,-0.674472,-3.81384,-5.3411,7.19928,-1.37423,-4.01529,-4.69406,-9.57683,-1.65718,4.14878,-8.17453,-3.14897,-1.99333,-6.18812,-8.7483,-6.44837,-6.83086,3.46792,2.66038,2.56979,3.07994,-9.22157,8.14335,7.30887,8.27171,-2.34314,6.88016,-1.13657,6.73326,-1.79155,-4.25301,-0.0984558,-2.34203,-3.21294,-4.27552,-7.41785,-9.31876,-4.51457,4.99818,-8.41395,8.64842,-0.575582,1.12701,3.55466,6.06378,2.14073,-7.42399,-8.16739,0.00630725
-9.76012,-7.83992,-7.54466,5.71108,-2.44258,-9.88927,-2.97243,-0.465692,-8.01326,0.43987,-8.21744,2.3599,-5.02979,5.06188,8.48656,7.17213,-7.2223,-1.07058,0.376432,4.52407,4.01034,-9.46609,4.08642,-8.57756,7.01918,4.55822,-0.571339,7.37336,-1.75634,8.4014,6.01934,-6.65341,-5.65365,-3.83111,9.79801,0.26726,-8.83407,8.4214,8.56781,-3.66442,-8.15315,-8.04705,2.95303,-1.11066,2.53982,-2.98607,5.65575,-6.28359,8.40334,-7.84534,-0.0401441,9.3436,4.67029,9.64741,-6.40327,3.10593,-6.25494,2.47455,0.176034,2.32223,9.19816,-3.72298,-1.07442,-2.66456,-4.32222,7.12351,-6.09541,-8.24385,-0.145062,4.60939,2.48871,-2.47482,-8.08036,-9.49325,5.31263,-4.09915,2.78423,-1.6947,-6.59385,1.23876,5.81659,-5.99696,-9.78138,1.41118,2.05542,-2.7324,9.95802,8.24163
5.79539,6.83167,7.3455,0.830332,-7.49582,8.5839,-2.61016,1.87146,9.34603,4.13444,-4.09151,3.30304,5.9745,1.78245,-9.7346,-6.68584,-1.43363,-9.96096,1.52434,-3.74547,0.528576,4.08642,-4.44583,7.38895,-2.76585,6.19943,3.3136,-2.12456,0.449503,6.07159,8.9861,-4.66385,2.70932,-9.52678,3.6456,2.71464,-1.41299,9.48666,-2.41379,-4.86199,-1.50387,-1.88957,-5.40826,6.15856,-0.443809,-6.09072,9.66223,0.0229706,-3.42369,-6.06857,-0.306722,6.89559,-5.46474,9.71896,5.16212,-9.75531,3.04596,7.74344,3.23856,3.78977,-0.989345,1.29658,2.33634,3.51523,5.50886,6.63074,-6.49975,5.23339,3.48713,-2.34734,-4.09489,9.01356,-8.57495,2.45721,8.20722,3.50315,0.306281,4.30711,-2.91471,9.19778,8.17257,1.68432,-5.36088,-0.754216,-5.00435,0.474703,-5.51281,6.76345
-1.91362,-7.34618,-9.39454,-8.2208,-5.60063,-7.26981,-4.65336,7.29012,-8.3854,-9.18998,-0.944896,-2.90957,3.43899,-4.50105,-7.75239,-0.471176,1.49817,3.0093,-4.75482,8.23367,-1.79283,-8.57756,7.38895,6.13039,8.22106,-7.59551,-3.52942,3.41869,-3.84923,6.49915,-4.30364,5.08633,5.30023,5.71528,7.49733,4.19992,2.70059,-6.27665,-3.29216,3.98283,3.10943,-9.87476,1.26342,0.664129,-3.45684,8.79439,4.42709,5.5511,-8.85532,1.23069,9.26234,-0.93293,-0.581201,-9.59632,9.33512,-3.61961,-6.47117,6.75442,-6.82235,5.89222,6.18604,-5.01252,-4.75787,-8.27514,1.73016,3.10039,3.40955,5.87748,3.06957,-3.66963,9.93361,0.99798,-2.34749,-6.95413,3.54605,4.2706,-8.20825,1.65342,-2.92705,-8.57767,-4.64772,-7.35957,0.408823,-1.0933,-3.42499,-8.75372,4.20102,0.992173
8.74809,9.7014,-0.921017,-8.53766,1.49428,1.03482,-8.24984,3.16264,8.7984,-8.71463,-4.11358,2.87849,6.21901,-3.66126,3.46926,-6.91365,6.9689,-0.296674,9.18859,-2.45301,2.43517,7.01918,-2.76585,8.22106,-2.29479,-1.94202,0.589486,9.34456,-8.80454,-6.49203,-9.55359,9.2973,-8.13048,4.35164,5.33341,7.37641,8.50139,-9.5248,-0.103033,-9.05857,-8.09252,-5.70411,-8.59036,-5.26763,-6.89995,3.01918,-8.02611,6.23241,7.99203,1.27524,3.24317,-8.95323,-8.64501,5.27418,4.7135,-5.13451,1.8419,-5.05437,3.89973,9.08259,-4.97717,-0.994737,2.40432,4.8988,-4.93348,5.02851,-8.69138,-9.26621,-7.46372,-8.72828,-0.32401,-2.32228,-6.81391,-9.02985,-1.64254,9.08548,-4.60656,-6.5303,6.90578,-1.31306,9.09914,-9.9607,-5.42382,4.48838,5.01751,7.80903,5.52909,-1.87545
-1.48366,1.75327,1.7882,8.49231,-5.9189,-4.83794,3.92219,-5.31979,2.32281,6.61242,-8.61737,1.77477,6.95688,-8.18095,-0.290473,-7.62254,5.00681,0.367803,9.06759,-2.47449,-1.55602,4.55822,6.19943,-7.59551,-1.94202,7.20631,-2.94962,0.0538545,-1.22207,6.73265,9.54385,5.87984,-7.75191,0.905975,3.26125,9.06733,-2.58474,-3.52026,3.61529,1.31903,-9.46095,0.211811,-9.81398,-4.00824,2.35638,-4.03695,3.17934,6.81612,-9.73086,-3.77992,-0.278195,4.61344,-5.28887,-1.81717,-6.73835,-2.21105,-3.36343,-8.80391,-9.82486,8.0136,-1.94759,9.69657,-0.357453,-4.49989,9.39948,-7.56136,4.7364,-4.7028,2.53647,-4.93227,7.754,4.63533,-8.47177,-7.56913,3.55247,8.30169,-8.28851,-6.38885,5.38127,7.12746,6.76131,-7.02677,8.66098,6.34818,3.57704,-7.52183,4.37169,9.95638
8.9705,3.8355,2.59909,-3.10931,-1.96558,-6.87736,3.89113,-1.03152,-6.20413,9.12163,5.3252,-6.37248,0.379161,5.22348,6.4415,7.10598,8.22015,6.69115,1.95263,-5.52097,0.632001,-0.571339,3.3136,-3.52942,0.589486,-2.94962,0.753501,8.08943,8.56284,-8.97523,0.072177,6.42379,-9.10137,5.76244,3.71861,6.22145,2.51281,-5.12599,4.83475,-8.60035,0.213685,-0.686837,-8.68111,6.95032,-1.81118,9.61765,-6.23985,6.79034,4.5427,-6.64633,-2.66301,1.88172,4.63567,3.73525,5.16029,3.49919,9.34296,7.57089,1.83901,3.97427,2.13126,9.26936,5.2607,-8.31688,1.43572,-3.85757,-8.43838,1.65723,-5.27002,-3.86212,8.80798,-9.19061,-1.27153,6.41944,-2.68765,6.27143,-3.19313,-2.00354,-7.77359,8.29612,-3.83871,7.96169,9.40133,-8.98092,-5.57583,1.75271,2.12623,4.73025
2.44154,-5.70657,-4.31593,-2.78203,5.48868,-5.78605,6.69618,6.01815,5.42865,8.7821,-4.60188,-2.86269,-9.75549,1.02743,2.43643,-9.58912,9.72345,-4.29518,3.29608,0.518508,-7.36417,7.37336,-2.12456,3.41869,9.34456,0.0538545,8.08943,-1.61112,-8.45934,6.85228,-4.09565,-4.80859,8.95038,4.34576,3.21002,-5.51369,-6.4274,5.09487,-1.48675,-3.19976,-6.96086,3.71397,6.87577,-7.72587,-6.36207,-5.52762,-8.53899,6.98516,4.53512,1.00364,-7.52541,-2.29702,-8.52443,3.48626,-3.54522,7.71557,-1.81126,7.06775,-7.17733,3.38089,7.40797,9.86077,3.46046,-6.9445,-5.67106,-5.16385,-6.81547,7.51864,9.44046,-8.26898,9.87751,-0.437567,-9.02305,6.91763,-5.58241,-6.93279,6.81062,2.01792,-7.693,0.0125619,8.6079,-9.86915,-6.98933,-8.18653,-3.04352,2.53184,-7.86465,4.62218
5.65905,-2.0324,-8.63906,0.973865,-8.28761,-8.08983,-5.53429,8.53687,0.476644,-7.08063,-0.906397,6.76171,5.48344,6.99557,3.01804,-6.86426,3.27146,-3.1281,2.63356,8.87234,-3.18335,-1.75634,0.449503,-3.84923,-8.80454,-1.22207,8.56284,-8.45934,-8.7003,0.374579,0.230805,-4.27249,-3.29128,-6.34737,6.75528,2.94043,3.06615,-4.52572,3.4184,-9.48493,-5.45554,3.66801,-8.33666,9.50115,7.13373,3.54298,-2.20236,4.45717,0.758422,-8.04589,2.2803,-6.07149,-9.30966,6.65278,-0.402539,4.35097,-4.84425,0.0867979,0.729265,-5.56887,3.88127,-3.50495,-0.197525,1.52066,-7.37477,1.51276,0.156215,-7.14234,-0.156767,-7.94229,2.72036,0.937072,-9.53821,-2.63372,-4.1163,-5.9651,1.62163,6.23176,1.15389,1.97596,3.72593,-3.30411,1.35733,-3.68717,-7.83388,1.84973,-9.24513,-1.32368
-4.38819,-7.8976,-6.75174,-5.73443,-8.4895,4.549,3.08189,-7.99882,-3.4743,-5.13337,-4.56041,4.09402,0.836523,2.94662,4.61049,3.22811,-8.71112,-1.47668,2.95551,-5.12974,-4.73944,8.4014,6.07159,6.49915,-6.49203,6.73265,-8.97523,6.85228,0.374579,-0.15122,1.42977,-0.430229,3.98287,-0.418082,-9.3428,-1.46167,2.88544,-7.16074,1.77539,-0.276354,-3.36146,7.27118,-0.544067,-1.20537,1.85724,-3.65069,-3.43484,-1.67612,-8.98924,-0.777734,-1.39336,-7.31932,9.62372,-2.39151,7.56764,-6.34971,2.27527,-3.29345,4.83472,-3.6044,-5.83409,-8.8676,-4.62775,-0.00452395,-5.14068,2.78913,0.564006,-3.27187,-9.31292,6.38917,5.28635,9.5574,-8.75896,-7.32333,7.70872,0.27831,7.41971,-2.27678,5.81205,7.51139,-2.96564,-6.59781,0.834675,8.49706,-9.74883,-2.78003,0.0632444,-0.260407
-6.55474,2.21715,-8.11688,-3.8054,-7.24597,5.99278,-5.25318,-2.11393,9.50508,-1.03826,-0.253137,-7.14177,8.22059,1.64459,-1.52712,-9.41254,-6.14281,-3.15954,-5.66292,2.76928,7.37192,6.01934,8.9861,-4.30364,-9.55359,9.54385,0.072177,-4.09565,0.230805,1.42977,9.78391,0.928805,-4.53862,1.24185,-6.27467,6.49016,7.85639,-2.26239,8.48093,2.18268,-1.06085,-3.71537,-4.24685,7.51133,-8.79779,9.77246,5.47834,-4.34042,2.84123,1.80075,4.2767,1.7742,2.60415,-4.56281,-5.24329,-5.08846,-8.93662,1.06281,0.838634,-4.35827,-8.77302,-3.36204,-8.2148,0.9446,9.7993,-2.07025,2.81599,0.0803692,-6.36572,5.55405,9.07712,-3.92654,-0.975248,-9.8289,6.33849,-9.14581,9.83789,7.32355,-2.53339,7.2408,8.81551,0.715233,-9.80527,-3.80798,-2.8949,-7.22813,3.78285,-7.10575
-4.63799,-4.21942,3.42492,2.72239,-7.00976,-9.51551,2.93689,-8.24562,-1.44838,5.89918,-8.94418,-4.13227,3.01006,-7.84477,-3.80382,-9.09395,-1.71395,-4.23605,9.24491,2.90797,-9.78492,-6.65341,-4.66385,5.08633,9.2973,5.87984,6.42379,-4.80859,-4.27249,-0.430229,0.928805,1.19936,-8.28658,-7.09352,-8.75255,8.12134,-5.21266,-8.28438,5.53783,4.42376,-0.857695,-8.38066,0.163237,5.83102,-9.73807,7.66191,9.47402,-6.29583,-2.43736,-2.59984,-8.93397,5.62579,3.97688,-6.25174,-9.8986,-6.0837,5.41339,0.944813,-7.31047,4.47203,3.58368,-8.54635,9.26536,3.97923,-2.6985,8.30201,9.08074,-7.15164,-1.04552,-4.9575,4.38824,7.54594,7.91325,-1.11522,-9.41781,-2.68764,-1.20993,-6.62195,3.40481,4.61956,4.80605,-4.05449,1.45879,7.78862,4.75198,-1.15896,-5.18695,-2.46534
6.90299,3.69139,7.56003,-9.14792,-3.87305,8.35446,-2.70492,-2.77259,-1.77603,-7.01659,-7.9068,0.990214,4.42363,7.20236,-2.85531,-4.61221,6.41748,6.94036,-9.54946,-6.82275,2.67613,-5.65365,2.70932,5.30023,-8.13048,-7.75191,-9.10137,8.95038,-3.29128,3.98287,-4.53862,-8.28658,7.18486,-5.70838,1.30393,-0.272288,-9.87623,9.09736,-1.98725,1.06577,-7.97922,5.68399,8.47378,-2.52041,-7.16796,-9.88418,-0.746194,-7.96106,3.41986,-6.33948,-2.86779,-6.84692,2.19547,-5.48285,-6.20935,2.63286,-5.21114,-8.87038,-7.11238,4.37749,-7.86152,-5.11603,2.60886,-3.13096,2.31347,-2.64738,-5.98307,-9.17357,-7.52797,-2.9597,-7.20358,-3.90077,4.61799,-5.44043,3.15951,-9.10484,-8.31027,6.7834,9.68358,6.96305,-0.225523,2.20908,4.27168,0.123077,4.23157,2.79454,-7.59444,6.3665
1.46182,-2.58319,-4.15719,6.98151,-9.77056,-1.35118,-0.155873,1.36133,5.80928,2.57579,-1.28758,-1.15146,-4.52217,-4.60843,8.92238,-9.38673,7.92955,9.49931,5.60849,-7.046,-1.81243,-3.83111,-9.52678,5.71528,4.35164,0.905975,5.76244,4.34576,-6.34737,-0.418082,1.24185,-7.09352,-5.70838,8.14682,2.44746,0.00505633,7.68134,0.0271706,8.69127,-5.26136,-7.1507,-1.98596,-5.89138,3.9971,9.17583,-6.57716,-8.93247,-3.06465,1.1254,-8.98378,-1.91962,0.0678317,0.11201,0.871831,-3.8422,-7.08755,-6.1113,-9.73389,3.6043,-3.33093,2.95543,0.494776,4.2914,-6.3047,5.19518,-3.99339,-0.40814,9.85073,1.21871,6.63675,1.51519,-4.95661,-2.52422,-8.92755,-0.526854,-8.89788,-1.09184,4.54074,-6.48543,6.9526,8.85472,5.81184,-7.72499,0.242465,6.95196,9.73666,-5.9332,-0.609441
-7.26761,-3.16706,2.18442,1.25001,-8.87134,-9.87565,-6.51102,4.06823,1.69419,-5.91794,-0.0343505,-2.25295,-2.48576,-4.1925,-9.97913,9.42231,2.65063,9.76354,9.97956,-7.62407,5.31358,9.79801,3.6456,7.49733,5.33341,3.26125,3.71861,3.21002,6.75528,-9.3428,-6.27467,-8.75255,1.30393,2.44746,-0.125504,-1.78545,3.56585,4.91177,-2.24077,0.923179,7.8037,-6.62295,-3.25208,-6.70795,2.4233,0.16652,7.41759,4.80002,-8.58559,3.35914,7.20587,3.69538,3.14273,8.22496,5.20567,-8.53093,-3.19681,4.23076,-2.02197,4.16011,7.39447,-1.89134,1.20134,6.73424,-0.47222,5.97045,2.6223,-9.22337,-1.388,-6.47752,-4.60847,5.37749,0.217125,-1.46055,2.1457,-6.81135,-0.526886,-0.95539,-8.29584,6.60745,-0.0743072,-3.39809,1.04814,-3.54566,-7.701,5.26192,0.511627,6.4837
-0.450764,-6.8444,-6.70694,-2.96193,-4.19524,-1.27473,5.01168,-2.24635,-4.274,-2.74595,3.64471,6.05366,0.933162,-7.50246,0.749942,-4.6035,9.03852,-2.40697,-0.520789,5.03626,4.78169,0.26726,2.71464,4.19992,7.37641,9.06733,6.22145,-5.51369,2.94043,-1.46167,6.49016,8.12134,-0.272288,0.00505633,-1.78545,-5.05003,5.581,-8.64652,-3.23753,4.54295,9.92312,4.10221,-7.75853,-1.51061,-9.94025,-0.59164,-8.56325,-8.51248,-9.55484,2.52434,-8.5584,5.66627,9.38564,-0.866625,-6.43395,-1.60542,7.53277,2.39592,8.98682,-6.73978,-1.01312,-9.60578,-7.74246,-2.41809,6.46432,-0.200449,-5.51783,-4.20425,-7.5776,7.20642,8.13227,-0.224241,9.07999,8.9,-9.41765,-9.50556,4.52067,4.05023,6.74733,9.85642,2.29825,9.96725,-3.19101,0.23907,-1.32907,-2.5606,2.65159,2.03082
-6.28417,-4.72058,-8.654,-4.99062,-6.96094,-0.876745,1.86284,2.32214,3.32449,-0.365528,9.4335,2.06165,7.5289,4.48182,-1.95509,9.95469,4.83056,-2.18072,0.0830542,-2.56196,-6.0235,-8.83407,-1.41299,2.70059,8.50139,-2.58474,2.51281,-6.4274,3.06615,2.88544,7.85639,-5.21266,-9.87623,7.68134,3.56585,5.581,9.23534,3.03303,-7.16773,-2.1757,-5.08649,9.62805,-2.90982,-5.38311,7.39742,0.248247,0.0939842,6.71064,0.680294,-7.72649,8.71689,-4.66513,5.95772,2.4464,1.89719,-1.3746,8.06533,9.20809,-1.94979,7.49314,8.74476,-6.87968,1.61025,-9.05907,5.89182,-7.55353,3.96992,5.62523,-5.30859,-1.95695,-9.27311,2.36945,4.92353,8.66523,3.46127,5.25448,-8.99546,-5.63673,-8.78896,-1.93054,8.17472,1.74575,4.18527,7.617,-6.89043,6.5325,3.73232,3.02113
1.75891,0.0028636,-5.54282,-0.89191,-0.253985,4.10836,5.74096,-7.94591,1.55444,-9.62781,-9.59957,-9.00948,2.55109,5.71814,9.81589,7.10157,0.269048,8.71106,0.738057,-3.33327,3.01241,8.4214,9.48666,-6.27665,-9.5248,-3.52026,-5.12599,5.09487,-4.52572,-7.16074,-2.26239,-8.28438,9.09736,0.0271706,4.91177,-8.64652,3.03303,-3.08633,-7.11459,-8.48707,7.5395,9.97668,0.393793,2.66985,-0.253345,6.69106,1.43771,5.45933,3.94966,8.81523,5.23006,-2.02416,-2.16381,0.807924,-4.50481,-6.12311,-7.31315,0.958408,-6.58892,2.8643,8.37145,5.57522,5.63234,3.26156,1.13797,5.96161,5.29333,0.0235766,-4.36895,0.598159,1.2575,-3.36911,2.47742,5.0432,8.99781,0.982838,-6.81539,-7.9811,5.96886,6.80582,-3.33456,-1.72495,-8.36056,-0.514302,8.86702,-3.6385,-4.19949,-1.88055
0.698457,-8.68867,-2.4627,-4.87092,-2.84443,-0.312648,3.27529,-8.08217,3.98531,5.88461,5.0495,-5.44593,7.94021,-6.73736,8.10429,-2.91011,-2.09863,-9.96367,8.44208,-0.321129,-8.04619,8.56781,-2.41379,-3.29216,-0.103033,3.61529,4.83475,-1.48675,3.4184,1.77539,8.48093,5.53783,-1.98725,8.69127,-2.24077,-3.23753,-7.16773,-7.11459,-0.174524,-0.851064,6.98174,-1.35214,-1.67077,-0.529034,-0.408196,2.50766,6.44684,0.407947,-1.93633,-6.44911,-8.06799,-5.093,-2.39103,9.22602,7.96782,-8.77524,8.15934,8.04415,-6.81201,1.109,7.66921,-7.0367,-4.60204,8.87983,7.85798,-7.38435,-6.1349,4.67614,6.27954,3.93945,-8.08599,-4.00308,6.46182,3.60469,-5.00488,-8.27089,-6.02035,2.89254,-7.65946,-9.47125,1.61135,-3.35517,3.63682,9.85207,3.29599,-0.0445807,0.985826,-5.8734
1.02813,6.12363,1.35233,1.60935,-4.12529,-0.0774437,-6.1961,-2.18966,3.12626,7.64623,4.66787,6.42414,9.18013,-4.96227,8.07155,-3.36425,-2.26643,5.57301,-3.12588,2.55069,-0.674472,-3.66442,-4.86199,3.98283,-9.05857,1.31903,-8.60035,-3.19976,-9.48493,-0.276354,2.18268,4.42376,1.06577,-5.26136,0.923179,4.54295,-2.1757,-8.48707,-0.851064,8.74223,9.06799,7.07919,9.95985,1.13148,6.59066,5.80215,9.82109,9.95739,9.66895,9.24341,-4.2871,-4.60831,4.0785,-0.285076,5.4631,7.10441,-6.15793,-5.98832,1.35075,3.89605,-3.44537,-2.90111,-8.00156,-4.99017,-9.31002,-7.13387,6.78857,8.30404,4.53317,0.0563694,-9.30907,-0.995967,9.27734,-9.915,-6.54851,-7.77694,-1.27142,-5.13393,-2.93377,2.11245,9.43628,-2.60795,7.42313,-7.1302,-6.58919,6.9388,1.85941,-2.79248
3.50477,6.53247,5.3712,-4.81193,8.43231,-2.55647,-6.10219,-3.31887,-6.89037,-7.40582,6.43257,5.62158,2.21948,0.172932,4.8266,6.05958,-6.90185,-7.48437,-3.56262,-6.17244,-3.81384,-8.15315,-1.50387,3.10943,-8.09252,-9.46095,0.213685,-6.96086,-5.45554,-3.36146,-1.06085,-0.857695,-7.97922,-7.1507,7.8037,9.92312,-5.08649,7.5395,6.98174,9.06799,-7.1703,-2.84271,0.754457,6.83424,-8.72071,-7.78567,7.94988,-5.23465,-5.55846,-5.46067,0.972583,7.83636,-1.06511,-9.33726,-2.832,-5.93027,-2.79609,5.94125,6.26227,5.46245,9.57651,9.03071,4.0851,4.67265,-7.53119,6.50015,1.59176,-8.3577,3.19464,8.00816,4.69655,2.40951,7.5364,-6.0209,1.04303,4.99562,9.22734,-1.23354,-8.35535,-1.43518,-0.0530784,4.60425,-0.873127,8.505,9.74045,-1.67799,8.11147,3.35014
4.54432,-5.82043,-7.29475,2.56016,5.60467,-3.93055,-9.93176,1.46993,8.64007,-0.746107,-6.48743,5.79404,-8.83909,-6.09785,-6.82116,-7.96231,8.58648,-4.37576,-0.572316,-7.28152,-5.3411,-8.04705,-1.88957,-9.87476,-5.70411,0.211811,-0.686837,3.71397,3.66801,7.27118,-3.71537,-8.38066,5.68399,-1.98596,-6.62295,4.10221,9.62805,9.97668,-1.35214,7.07919,-2.84271,-0.820572,3.62968,-6.21746,-0.799255,1.11948,6.89449,9.43661,-4.36836,3.74149,-3.25536,9.36931,-7.26862,5.30254,0.785843,-4.78829,0.400614,5.66802,-7.82764,-9.05155,-2.67395,5.11152,6.31467,-2.02259,-9.32026,-7.11139,1.35427,-2.04998,3.82391,1.41686,0.298953,4.90776,-7.12636,-1.1289,5.78149,7.76602,-5.79394,2.7111,6.28358,-0.128433,3.01721,5.73296,8.3121,4.23361,-9.46292,-4.53501,7.92224,5.43139
-5.5578,-1.06951,3.47269,-7.23024,8.51268,0.435201,7.01708,6.47918,8.93459,-0.796719,-3.86378,-8.72417,-1.19445,2.33314,-4.8819,7.65634,3.03934,4.74039,-3.02385,6.2833,7.19928,2.95303,-5.40826,1.26342,-8.59036,-9.81398,-8.68111,6.87577,-8.33666,-0.544067,-4.24685,0.163237,8.47378,-5.89138,-3.25208,-7.75853,-2.90982,0.393793,-1.67077,9.95985,0.754457,3.62968,-8.32027,5.69679,6.6176,2.35998,-7.79355,9.41512,2.86426,-9.05413,6.68851,-5.21763,8.00582,-2.57809,9.4197,-5.05481,2.45773,-4.06596,-2.85249,-6.59052,6.91669,-4.94648,-4.2526,7.89854,-8.88672,0.00692927,-8.68601,-2.07096,-5.367,0.365776,8.26845,8.42368,5.5971,-8.4411,4.10326,5.99331,-1.8855,-8.40045,-1.96864,-3.04015,-4.54004,9.09201,-7.18917,-0.158501,-5.01517,-9.81072,-6.26986,-0.296899
-9.83604,1.86958,3.99888,3.45084,6.95802,3.32033,-3.52779,2.68347,-8.55332,-7.64156,0.260092,0.528291,8.12014,2.59138,4.736,6.26391,-3.42254,5.63707,8.93644,-3.66635,-1.37423,-1.11066,6.15856,0.664129,-5.26763,-4.00824,6.95032,-7.72587,9.50115,-1.20537,7.51133,5.83102,-2.52041,3.9971,-6.70795,-1.51061,-5.38311,2.66985,-0.529034,1.13148,6.83424,-6.21746,5.69679,-7.75999,3.51082,-5.25473,-9.4716,-8.02063,-0.306187,-3.95132,3.22951,2.01724,-8.35332,-7.94899,8.46942,0.317193,-2.60787,5.96448,6.77452,-1.25173,7.22208,6.61179,2.51847,-7.206,3.74906,4.40178,8.18004,-9.14362,5.73602,-3.23375,-7.17791,0.896058,-9.48501,-2.94308,-1.88634,0.625555,5.3276,5.98241,-1.22857,8.62183,-6.71128,-9.0015,-9.1379,3.68501,-7.55513,3.8792,-4.0811,8.05619
-9.70997,4.67728,-2.47056,-8.90354,-3.39511,2.30841,1.17499,-4.37258,5.37738,6.96588,7.14381,7.28955,-5.85392,6.42094,0.774896,6.2359,5.56886,1.77795,3.08424,-4.32214,-4.01529,2.53982,-0.443809,-3.45684,-6.89995,2.35638,-1.81118,-6.36207,7.13373,1.85724,-8.79779,-9.73807,-7.16796,9.17583,2.4233,-9.94025,7.39742,-0.253345,-0.408196,6.59066,-8.72071,-0.799255,6.6176,3.51082,9.16014,-0.185612,9.15524,-1.12331,-4.80332,3.87738,-3.8474,9.25629,0.935362,5.76539,6.54827,8.02016,5.30318,-1.76433,-4.97537,8.29385,3.89174,-1.43801,0.714414,-8.98717,-6.42695,5.42822,1.47719,3.07539,5.92653,-5.98877,1.89633,3.57079,-4.40123,5.2211,-2.28855,3.63491,-9.28653,-4.88184,-8.4115,-9.24595,-2.08739,7.09388,-7.12295,-1.28659,6.52678,-3.9388,2.0674,-7.90166
-4.52461,1.38183,7.01503,4.23553,-3.27714,-2.32213,9.68262,-5.48553,1.53817,-5.50397,-4.52087,-5.82744,-6.9046,-8.07717,2.47595,2.59085,-3.33998,-7.47443,-6.54391,7.17223,-4.69406,-2.98607,-6.09072,8.79439,3.01918,-4.03695,9.61765,-5.52762,3.54298,-3.65069,9.77246,7.66191,-9.88418,-6.57716,0.16652,-0.59164,0.248247,6.69106,2.50766,5.80215,-7.78567,1.11948,2.35998,-5.25473,-0.185612,3.94577,6.78277,9.49643,-4.48648,7.91197,-6.71364,5.53096,-9.60144,-9.35026,7.46503,-8.56437,-4.27777,4.13007,3.12139,-4.71662,0.347256,-7.4962,3.46616,-9.97488,8.59453,3.21295,9.75865,-4.48357,-3.57916,-8.84828,5.96351,7.15299,5.29728,-1.24835,-4.67768,2.73923,-2.34092,4.46663,0.230829,4.51772,5.03698,2.41964,5.39814,6.80771,-9.07699,1.04926,6.03374,3.79867
4.04682,5.38022,-1.54689,-4.43333,-1.97216,-4.08209,6.88698,-3.28616,4.54116,-4.24971,1.82588,3.08039,4.27264,-6.50794,0.841215,-0.396939,9.90525,7.74771,8.05902,8.60864,-9.57683,5.65575,9.66223,4.42709,-8.02611,3.17934,-6.23985,-8.53899,-2.20236,-3.43484,5.47834,9.47402,-0.746194,-8.93247,7.41759,-8.56325,0.0939842,1.43771,6.44684,9.82109,7.94988,6.89449,-7.79355,-9.4716,9.15524,6.78277,7.09354,-7.02303,-8.67552,1.94757,-5.01079,-1.86705,6.64222,-5.28499,4.68383,-7.28643,-3.23566,6.55497,2.84542,8.22124,-1.23483,6.6125,-3.16388,5.55812,9.02137,0.789554,-1.25101,9.44672,7.36288,-8.04513,2.87008,6.1217,3.73148,7.37888,4.09533,2.4678,5.98857,8.50478,0.167683,8.90271,5.45958,4.18729,0.530945,7.20918,-2.09823,8.88238,3.97405,-7.64859
-6.26489,7.9348,-6.46389,9.5856,0.540102,2.74625,-8.24621,2.94876,0.429609,-9.81436,8.71707,-1.0045,-9.34631,6.75448,-8.44592,-6.39546,-8.85428,-1.31917,5.59275,-5.45036,-1.65718,-6.28359,0.0229706,5.5511,6.23241,6.81612,6.79034,6.98516,4.45717,-1.67612,-4.34042,-6.29583,-7.96106,-3.06465,4.80002,-8.51248,6.71064,5.45933,0.407947,9.95739,-5.23465,9.43661,9.41512,-8.02063,-1.12331,9.49643,-7.02303,-9.5396,5.21918,4.61663,9.45131,-5.22095,3.04438,-4.02152,8.42368,8.99809,7.75907,4.14148,-4.10265,-3.2866,4.19051,1.97626,-5.98831,3.77845,2.49801,7.47561,-1.29962,8.40232,-3.46468,4.00307,7.21001,-7.27452,1.20157,-6.55796,9.2505,-6.38607,8.72266,-5.01948,-8.83016,-2.73293,0.362365,-0.611218,-0.217796,-8.32619,9.33764,6.79735,-5.76074,3.69436
7.8863,9.27454,-1.38685,6.65585,3.64979,6.85028,-9.73211,-3.47952,-9.76239,4.49397,8.14272,1.09413,6.95143,-0.131862,-1.27744,4.62348,-6.13371,-2.82194,1.48726,-0.968213,4.14878,8.40334,-3.42369,-8.85532,7.99203,-9.73086,4.5427,4.53512,0.758422,-8.98924,2.84123,-2.43736,3.41986,1.1254,-8.58559,-9.55484,0.680294,3.94966,-1.93633,9.66895,-5.55846,-4.36836,2.86426,-0.306187,-4.80332,-4.48648,-8.67552,5.21918,9.98805,-1.58204,7.31241,3.60328,2.61639,-6.76977,-9.07045,8.09764,6.98422,-5.38486,9.87191,-9.91862,1.27211,3.55,-2.50386,4.05365,-7.68259,0.359752,5.37449,-6.17008,-8.51618,-2.03447,0.384382,1.27922,1.19061,7.96922,4.42804,-1.91626,-8.81195,2.73139,3.57767,8.6771,-0.297954,0.341231,-9.66665,0.00656602,-4.97371,7.88088,7.62503,7.51512
-1.24635,-9.56915,-9.24539,-7.04279,5.53664,3.5562,5.75188,-7.68115,-1.59341,-4.25169,4.90655,7.04294,7.30203,1.17857,-9.56042,-0.437924,1.73268,6.70112,0.297311,-8.88509,-8.17453,-7.84534,-6.06857,1.23069,1.27524,-3.77992,-6.64633,1.00364,-8.04589,-0.777734,1.80075,-2.59984,-6.33948,-8.98378,3.35914,2.52434,-7.72649,8.81523,-6.44911,9.24341,-5.46067,3.74149,-9.05413,-3.95132,3.87738,7.91197,1.94757,4.61663,-1.58204,8.04655,9.94222,6.53896,0.797932,8.6041,-7.26742,-6.50652,3.71376,-1.68785,1.6015,-6.1034,9.04161,7.38703,-9.81214,-3.73098,-8.97431,-8.50455,-3.89299,-8.36398,2.40128,-7.6748,5.64763,1.50594,4.47017,-7.83693,-7.19848,-9.88096,-1.18688,2.23688,-1.59905,-8.21993,-3.24503,-1.03078,-6.57854,8.16986,7.20949,2.84345,0.471967,5.54445
-3.3454,-1.97878,-9.01022,2.89507,-5.60864,8.07656,5.44808,6.41286,3.59246,2.89639,-9.84875,6.46971,6.47515,-8.00925,0.506737,4.43909,-5.13474,-5.22157,8.27139,8.39852,-3.14897,-0.0401441,-0.306722,9.26234,3.24317,-0.278195,-2.66301,-7.52541,2.2803,-1.39336,4.2767,-8.93397,-2.86779,-1.91962,7.20587,-8.5584,8.71689,5.23006,-8.06799,-4.2871,0.972583,-3.25536,6.68851,3.22951,-3.8474,-6.71364,-5.01079,9.45131,7.31241,9.94222,-1.75508,8.31121,5.43025,3.54669,-6.95656,7.46267,2.98652,-4.2012,5.80026,-1.9855,9.48989,8.99954,4.67806,-1.37632,0.599112,4.4655,-7.24579,7.08214,-3.78779,7.36389,-8.30858,-6.25074,-0.114355,9.57789,-6.90371,-8.9044,1.78896,5.88873,-4.89191,-4.44286,1.48224,7.54675,-0.357582,6.57919,-3.67842,6.13308,8.468,-3.45261
9.0651,-5.07174,0.431421,-5.21397,7.06366,0.943174,-6.94705,8.16317,4.44,-7.97537,5.66197,-6.1569,-7.41723,9.98286,-1.81462,2.11277,-5.84219,-3.72131,-4.08666,2.29694,-1.99333,9.3436,6.89559,-0.93293,-8.95323,4.61344,1.88172,-2.29702,-6.07149,-7.31932,1.7742,5.62579,-6.84692,0.0678317,3.69538,5.66627,-4.66513,-2.02416,-5.093,-4.60831,7.83636,9.36931,-5.21763,2.01724,9.25629,5.53096,-1.86705,-5.22095,3.60328,6.53896,8.31121,-0.884994,-9.314,0.920971,-5.96377,-7.72768,-7.67156,-1.88023,-5.21106,-9.9116,-9.59701,7.93486,0.91981,-5.99851,-0.67245,2.23105,3.80762,5.14516,-9.3554,-6.72823,9.81253,2.2034,-0.690518,3.13952,-0.966959,-4.19558,8.90703,1.75978,0.621761,-6.35703,8.19479,4.54576,8.81171,-5.0296,-0.77103,-4.29147,9.95891,3.68607
1.17055,-8.89647,-3.17903,6.21556,-2.54182,2.66729,-4.83334,-8.17017,-2.14644,8.13324,-5.55856,9.87734,3.86551,-4.16195,-1.37195,-3.97907,-5.16135,4.76284,6.22277,5.51453,-6.18812,4.67029,-5.46474,-0.581201,-8.64501,-5.28887,4.63567,-8.52443,-9.30966,9.62372,2.60415,3.97688,2.19547,0.11201,3.14273,9.38564,5.95772,-2.16381,-2.39103,4.0785,-1.06511,-7.26862,8.00582,-8.35332,0.935362,-9.60144,6.64222,3.04438,2.61639,0.797932,5.43025,-9.314,7.29053,-5.55952,1.53908,-4.94878,0.466195,-0.609854,-1.73169,-7.89014,-4.43656,1.1445,-3.49633,0.399555,-4.27075,-5.40333,0.315834,2.78085,-3.53629,7.9969,2.34635,-2.26951,-2.60096,9.63271,-6.36846,5.29801,-2.05411,3.24961,-1.44927,2.77451,-0.454461,-7.2753,4.83364,-9.57822,-6.72562,1.31782,-0.467719,-8.62136
