-7.57223,6.81745,8.56818,9.4501,2.29942,-1.46609,0.175107,-5.29843,7.31453,4.21396,-3.43611,-1.73162,4.80737,-1.4508,-0.710862,7.56684,5.5787,3.78698,-5.87072,-7.26958,4.2382,1.34245,2.56536,-9.96709,-3.35303,-8.96468,-9.49358,1.19472,0.33476,-1.41361,6.39069,6.32242,8.43845,-5.88392,2.64415,9.59863,6.31841,1.29423,-7.14989,3.58758,-4.61934,-4.83116,-0.38895,0.804434,-0.0353368,-5.04518,-7.53386,5.51069,1.12486,8.65442,4.33548,-2.18179,-4.53987,0.944542,-3.13315,4.5049,-4.51404,-6.49212,-0.134362,5.95443,7.11578,-0.993405,-5.02392,-5.54132,-5.05866,6.04464,1.51803,9.58531,-3.72085,-2.03796,3.21939,-3.2944,5.10086,6.8525,5.05756,-4.06502,6.35082,1.62942,-5.9046,4.362,-5.50754,-0.596849,-4.10585,7.00138,0.379267,7.80085,5.52147,-5.66635,9.50204
6.81745,-6.34111,-7.45927,4.16496,-6.05138,-9.50195,-8.79961,6.7393,8.93504,-0.511886,-0.0381895,5.99559,1.85691,-9.20764,6.27137,3.66728,3.31407,6.49472,7.44257,2.74596,6.53846,8.26394,-3.54957,0.151687,7.15895,-9.48616,-2.02804,-9.46363,3.74763,9.05894,2.93101,3.57451,2.62181,3.56298,4.87437,-8.37775,-1.81016,3.39506,8.18079,1.4873,-4.84404,-8.40544,-8.24163,-2.95267,-0.695067,7.21478,-0.432629,-5.19211,-2.61018,-3.98221,-1.76127,-3.14298,-2.9478,9.12382,-9.84013,9.93468,-6.60941,5.79557,-0.128066,4.64208,2.49236,-8.20539,-9.83132,9.83528,-4.88015,-5.85863,-3.27564,-1.89735,-1.70375,-3.47748,-8.21661,-5.295,-1.36943,-0.342584,4.31949,6.91458,0.00348101,9.51265,-7.72806,-3.50661,-6.81211,6.21985,-8.04095,2.43277,3.75923,-4.53383,2.50246,7.35736,9.04638
8.56818,-7.45927,-7.1919,-8.0046,-6.21978,-1.35479,-5.35117,-4.53307,8.76774,2.49441,-8.71033,9.95653,-6.23482,-8.03834,6.95399,-2.43955,8.81837,8.87143,-5.73996,-9.65814,8.52188,-6.77518,-8.34119,-5.99017,2.42904,9.47511,-0.29048,5.54178,-9.15383,-3.85214,4.84098,-6.27654,-0.346683,0.424229,4.09429,-7.66539,-1.52081,-0.810646,-4.47346,-3.59723,1.52536,-0.570317,8.11622,-9.06853,-3.27112,-0.222115,4.24528,6.14464,1.71524,-0.548328,-8.65406,-6.0991,-9.21124,-0.0632134,-4.18309,-4.00047,1.55038,-0.948463,-3.45762,3.63761,5.5817,0.63403,9.48488,-7.41675,4.47082,-6.60794,6.25279,-4.30511,1.68175,-9.04714,7.01986,1.14322,9.84347,9.72951,-8.03162,-1.38862,0.610817,-7.82482,1.05312,-3.83061,-9.60774,-5.2274,-5.2481,5.9625,-5.90422,5.00598,4.54633,-6.91934,8.54153
9.4501,4.16496,-8.0046,-7.03068,-1.26587,-6.91382,2.28278,8.14788,1.10493,-5.39869,-9.91851,-7.05122,1.03908,-6.19251,3.58434,-5.47547,-1.49267,7.59608,-1.07099,-4.11394,1.59363,-9.69981,5.24358,8.92741,-6.29584,-6.6689,-2.64791,6.03967,7.46519,3.37385,0.193768,0.679673,-2.32986,-9.08313,0.0787801,1.36465,5.53982,0.847601,-7.44862,-7.80286,-4.48041,4.42206,5.48166,-8.88622,9.79783,3.89329,-9.80246,8.93694,7.08471,7.45104,-4.41206,-2.74441,-8.72306,4.31935,-7.4259,-1.29764,-9.23415,-9.21862,0.477238,-4.83389,8.80368,-0.848762,-1.62156,4.18713,6.83691,6.746,-8.47638,8.17422,4.26865,6.03888,-4.59231,4.32968,-9.42189,8.69746,5.7282,-9.70293,-7.53623,0.858038,-7.77844,5.10617,-4.60362,-6.92412,-7.11077,-8.37356,3.58409,-4.8681,-5.50777,-6.95233,-7.68559
2.29942,-6.05138,-6.21978,-1.26587,-0.0314117,9.72596,7.21053,0.276134,2.02036,3.90059,7.62004,-8.19015,1.46259,7.0305,-5.00941,-5.75515,3.18286,-9.96296,4.47028,-4.78011,6.71989,-9.41288,-5.7608,2.61503,-5.36739,-0.874512,7.09257,9.04707,-5.63013,-1.91544,4.04459,8.79634,-2.46699,-7.40785,-6.41184,-4.0109,-4.60421,9.27394,7.42414,0.777681,-8.01553,6.00345,7.94997,-4.14063,7.90487,5.70123,-4.25315,0.691843,-9.43298,1.9112,-8.02068,0.206813,5.29796,4.47436,-6.42703,-7.36209,6.1772,1.00558,-0.742046,5.63811,5.53849,-4.48448,4.47715,9.98011,-7.48694,3.14714,-8.46486,0.586267,-6.4209,8.66074,-8.98815,1.53991,1.30964,-3.42673,-0.611812,-9.07815,-5.46662,7.93147,-5.26026,9.69621,-8.90098,-9.93136,4.02849,2.09368,8.51727,2.74532,0.522794,8.33315,-5.37842
-1.46609,-9.50195,-1.35479,-6.91382,9.72596,9.0139,-8.51997,1.95501,5.25222,-2.90177,-6.80049,7.19843,9.98536,-7.86841,0.0870968,-8.55414,-3.78789,4.50605,-0.100414,7.15247,-5.87594,-6.18264,5.35333,-8.24928,6.03722,6.38112,9.40059,-7.76684,-9.8763,3.15682,-3.63013,9.15283,1.8332,8.50352,-4.43032,-1.98144,0.835954,1.15142,1.84198,-3.67556,4.44917,-5.86223,-2.16406,-3.88335,-6.67819,6.6936,5.94953,-7.20456,-8.66086,6.95649,-2.16248,7.06881,-2.44838,-8.01759,7.53303,-7.34221,8.48667,3.1985,-5.18263,1.7481,0.960144,5.09834,-5.2915,-6.70328,-8.44948,7.31917,4.89878,-9.04195,3.34427,-2.75462,-6.23338,-4.36021,4.27021,-8.591,-5.38415,-8.8998,-4.25094,-2.16512,4.64189,0.590606,3.48451,9.07277,-0.062091,-9.59419,-7.96892,-3.6402,1.41306,-0.676674,5.82903
0.175107,-8.79961,-5.35117,2.28278,7.21053,-8.51997,6.17527,-5.86597,6.33262,3.02049,-1.31811,-0.689811,6.40702,7.17327,0.783403,-1.07149,7.56494,2.14063,-6.01767,2.98021,-8.25015,-7.26596,7.62508,0.634795,-5.86413,2.61661,-7.62172,-2.91477,-8.69639,0.116943,-3.22412,1.05071,-9.38165,4.05587,-4.79707,6.51237,-9.40881,8.52562,3.2068,4.46143,-0.578647,-9.98553,-8.88571,4.43451,4.73384,5.58221,1.56455,-6.40835,-3.44136,-0.16782,-1.23918,-6.23183,7.32945,4.59398,-2.2654,-3.65195,-5.13872,7.83941,4.01338,9.04048,-2.86932,-8.02232,-4.75148,-7.9886,5.34201,-8.46689,-4.05597,5.60055,7.14972,3.60406,-5.63349,-9.88959,1.50563,9.84506,7.56372,2.89565,9.24359,-1.6563,-0.726356,-3.18952,1.58397,8.45472,-0.788944,-0.605818,-1.79649,2.04953,4.13176,5.05893,-8.64084
-5.29843,6.7393,-4.53307,8.14788,0.276134,1.95501,-5.86597,1.23337,9.46434,1.35957,1.10925,8.86173,-2.0627,-4.89297,7.51127,5.84823,2.33186,3.30683,9.53468,-1.61659,-8.05909,6.06694,5.22747,2.45989,-9.67461,-9.32917,-4.40591,-1.75747,6.96072,9.22002,8.13456,-2.49529,0.559155,2.10354,-6.94072,7.59623,8.02033,-3.39827,-0.43225,-8.15003,7.90285,8.4103,-5.8999,9.44214,3.25932,0.249282,-9.05461,-5.69405,9.37652,-4.14804,7.70162,7.93245,-2.44383,-1.22161,-4.50449,2.08532,4.68176,-3.01382,-1.77037,3.44429,6.79103,-5.34352,-1.72887,-2.35458,4.38525,1.78235,9.75464,-8.36963,4.88515,-3.75874,2.04664,1.74277,-8.83484,1.35177,-6.90051,-3.9224,-1.73489,1.93705,4.30712,-0.374316,-2.08952,-7.96834,7.19501,6.70277,-4.79188,-3.44112,-2.59231,-0.245961,0.0530137
7.31453,8.93504,8.76774,1.10493,2.02036,5.25222,6.33262,9.46434,7.63369,3.56006,5.03222,-1.26635,-2.13846,-7.23086,3.7411,3.55221,-7.24024,9.85833,2.40854,8.15463,9.71949,7.14492,4.65858,8.61005,2.7715,-8.01802,5.4838,-9.04466,7.91778,0.0786816,-5.70534,2.55737,-4.26581,-2.23569,-3.51894,-5.48423,-6.52045,-8.92597,2.07287,-6.9694,6.10229,-7.41383,-4.04514,-1.77244,-7.89656,-9.18067,9.83816,-9.7055,-3.32067,5.91288,2.58689,-0.498404,-8.64224,-2.0295,2.42457,7.42899,5.21365,-7.22232,-7.94287,9.12728,-1.29293,2.17054,-6.30204,-5.77354,0.963811,2.39373,6.92841,-8.48497,-2.43111,6.34301,3.34311,0.938019,-2.31677,-5.79449,-2.12031,2.09596,7.72464,5.0507,8.30444,-6.51192,8.50609,-5.49033,2.07578,-9.44168,-6.83771,0.147677,-9.64077,-8.84474,9.36726
4.21396,-0.511886,2.49441,-5.39869,3.90059,-2.90177,3.02049,1.35957,3.56006,-3.21478,-6.07864,6.98565,9.48119,7.55928,-5.27368,7.313,4.55831,-7.87213,1.63468,-5.7052,0.566417,4.19654,-7.3982,-9.81841,0.287596,-6.46924,-6.43798,3.9582,6.06608,-5.68262,-2.86515,-3.96498,-6.11211,9.15294,-0.41083,3.63021,1.26234,-2.2671,-7.80353,1.68739,8.44421,5.92366,-3.12934,4.59926,-7.19516,-2.84322,-7.88723,-2.17221,4.27548,-6.68574,2.58652,6.55653,-4.68793,3.87989,-7.27003,-4.34746,-0.599017,-0.924406,5.293,-5.48152,-5.97576,-1.70426,-1.68378,-1.16635,0.53733,6.63809,-2.62069,-0.436155,1.56364,7.70812,-7.82311,5.76943,-1.5872,-6.17815,7.3615,-9.55682,4.82835,-4.92969,8.30672,3.72579,-6.25144,-4.26789,3.63915,6.45275,9.41371,7.16826,-6.94949,2.20558,-8.10386
-3.43611,-0.0381895,-8.71033,-9.91851,7.62004,-6.80049,-1.31811,1.10925,5.03222,-6.07864,-0.131189,1.27342,-1.89615,5.98979,0.540065,-2.57937,-1.27786,-1.21033,7.33223,2.55003,-1.05192,-5.25478,8.40582,5.43267,8.61964,3.72388,2.32786,-0.145785,3.47315,-8.90343,-5.97543,-2.54983,-6.62761,6.49613,-7.37772,-5.67128,-5.44239,-2.53742,2.88749,-5.36921,-0.620914,-5.51681,0.576666,-9.74783,9.4485,-4.41494,-9.33659,5.0287,4.07504,-5.44735,4.66341,5.97645,-3.78305,-5.96147,-7.32167,4.76834,7.54352,9.41362,-6.94766,-2.04532,-6.00052,-6.43956,3.34754,4.41353,-4.56854,3.23348,1.5514,-1.65741,-2.23654,-0.471076,-8.85041,-6.00475,6.65255,-3.81678,1.93533,4.18363,1.69743,-0.336223,6.49036,1.94626,2.16736,-0.568971,-7.71091,6.1328,-1.26943,6.73484,-7.08626,-7.5107,4.09789
-1.73162,5.99559,9.95653,-7.05122,-8.19015,7.19843,-0.689811,8.86173,-1.26635,6.98565,1.27342,-4.2216,7.99856,8.59258,6.30807,4.2144,-3.11745,5.07907,-4.98736,0.551019,-1.99371,-8.1022,-1.38205,8.28749,8.9678,-3.14081,-8.88902,-5.61699,-8.26613,-2.48593,4.41901,0.817278,-7.24678,8.81551,4.88812,4.70321,6.26729,5.33539,-3.15024,-0.953764,-1.70432,-9.69332,1.98272,-8.78015,-9.52085,4.70645,2.23827,4.27775,-8.51558,0.083362,-1.97855,6.94696,4.48724,-9.65529,0.0233772,-4.35601,3.90343,4.16979,5.6262,-9.97229,5.50269,2.39943,1.27512,-0.259415,-6.71518,8.76817,4.32307,-2.59103,-8.38212,0.243749,-0.597921,-2.48081,-8.42279,-2.94385,6.96757,1.56327,-6.23288,5.03595,9.25439,9.41194,-5.21544,-0.886384,3.24069,-3.4905,-4.21701,-5.49424,9.39574,-6.41566,-8.55583
4.80737,1.85691,-6.23482,1.03908,1.46259,9.98536,6.40702,-2.0627,-2.13846,9.48119,-1.89615,7.99856,2.42123,1.491,4.63889,-4.75443,-3.11677,-1.36196,0.691128,-6.24996,-9.14372,-1.81733,-5.10991,-4.90513,-2.84198,-0.070011,-3.66746,-7.48915,-9.56751,-9.28986,5.11586,-4.62444,3.9458,-6.66782,-9.71872,-4.96535,5.65339,-1.08728,-4.08298,-7.22688,8.38195,-6.27999,-5.57713,-8.17267,7.78271,8.56793,-7.73602,-6.57502,6.63855,-9.60578,5.18575,6.24551,3.13004,-5.25228,-3.11414,5.44712,-6.03397,-4.77744,1.84838,-0.381667,9.49428,-8.45872,4.40372,7.18761,-2.13309,8.35028,-0.64699,-0.0934112,0.261439,3.71533,3.46536,2.85375,-5.95457,-2.04352,-4.63729,0.468449,-9.93649,-7.13547,5.20389,4.75464,-5.69557,-3.29057,3.96885,-3.66413,2.62777,-4.49269,5.7207,2.75441,-6.70437
-1.4508,-9.20764,-8.03834,-6.19251,7.0305,-7.86841,7.17327,-4.89297,-7.23086,7.55928,5.98979,8.59258,1.491,7.25855,-8.80012,6.89237,-6.95371,6.66205,6.44057,-7.61094,7.81817,3.1936,-9.96955,-0.783073,8.08806,-8.46913,-9.75492,-0.782018,3.40801,4.1474,-1.1722,-0.132525,8.45485,-2.27565,-1.08243,-1.70792,-0.686122,-1.50577,4.43163,-8.38605,-8.09996,8.90958,-2.15275,-6.01444,-8.2816,-0.962606,6.48569,-0.11915,-7.3904,-5.58758,-8.0462,-5.20313,2.07026,-9.42837,-0.714449,3.06943,3.28596,-7.94797,5.06071,-2.1906,-6.94119,7.17598,3.20768,2.05391,-4.14115,-5.33116,4.44309,-6.54931,8.65491,5.06008,-0.106313,-3.93034,5.97054,3.84856,1.7787,4.87322,-2.65101,-9.61089,4.86623,-7.48262,-4.96828,1.23024,-0.991496,-5.18916,-7.1418,-4.92437,1.29557,8.51111,-9.28202
-0.710862,6.27137,6.95399,3.58434,-5.00941,0.0870968,0.783403,7.51127,3.7411,-5.27368,0.540065,6.30807,4.63889,-8.80012,4.07392,-5.21523,-7.88937,2.05176,-9.28986,0.187886,7.00725,-7.38593,-5.30405,1.92316,-1.34775,4.93943,-7.72557,-3.11375,9.34248,2.31438,-1.74947,0.620515,-5.11078,9.83777,-4.83541,-9.11599,3.76148,0.908196,8.47751,2.63674,-4.28932,7.13015,-7.11,-5.13722,1.55777,-5.73975,-3.76477,-0.140719,6.65119,-1.16278,-8.03683,-6.72219,5.69776,6.98389,-6.26638,-6.7265,-7.18845,3.37027,7.02342,-0.500736,8.31773,-6.88699,6.72483,8.15609,-1.60238,5.41102,7.19457,8.54812,-3.68733,1.18415,9.82292,6.61304,0.604723,2.6405,8.10949,-8.96346,-0.85901,6.75025,-9.88461,-1.73507,-0.0490249,6.93708,8.04358,8.18489,-4.23529,0.060046,-6.44062,-3.27428,2.65219
7.56684,3.66728,-2.43955,-5.47547,-5.75515,-8.55414,-1.07149,5.84823,3.55221,7.313,-2.57937,4.2144,-4.75443,6.89237,-5.21523,1.5828,6.58817,-0.426385,-3.83981,-8.05953,2.51506,-2.23124,5.89281,0.991425,3.69727,5.93252,-0.267848,-0.642061,0.0413121,-4.05398,-4.48246,-2.19627,7.99873,-7.04356,-1.82549,4.39676,-3.80467,1.88036,6.80359,8.4341,-6.2457,7.27507,2.6826,1.14657,-3.82655,-8.46724,-1.99953,5.50106,-1.32022,-3.5916,0.672563,3.96449,3.27684,6.91892,-2.77331,-4.44899,-7.15367,0.941973,-1.10919,9.10229,2.24519,-5.04688,-4.07563,3.69618,-0.126521,-0.965857,2.63757,5.4024,-7.76981,-2.83533,3.77857,6.69139,-6.7235,-0.355217,9.14286,1.25637,-3.38521,-1.54499,2.04116,0.561782,-5.3695,-7.69479,6.76834,2.50947,-8.99525,-2.21987,-7.96144,2.71142,-0.469297
5.5787,3.31407,8.81837,-1.49267,3.18286,-3.78789,7.56494,2.33186,-7.24024,4.55831,-1.27786,-3.11745,-3.11677,-6.95371,-7.88937,6.58817,-3.34604,-4.32783,5.95854,-6.67661,8.20504,1.224,-2.21066,-5.54721,3.30131,-5.16721,7.92998,-4.62103,-3.66138,-9.7126,-9.82229,-5.71398,-4.87656,-5.3787,-5.14112,-4.20295,3.48885,-5.1474,-8.0936,5.31177,-4.28496,-5.64407,7.76311,7.99094,-6.20289,-5.3127,6.79359,-6.07155,-3.80312,-8.8262,-9.46408,-0.527771,-3.14751,-0.56653,-9.25451,9.46768,-0.107013,-3.92506,8.36403,-9.19651,2.70825,9.24273,-0.618681,7.98048,6.96863,-7.48696,4.92813,-7.46535,8.74988,-2.08962,-7.85369,8.30453,4.8845,8.40772,-3.57451,-0.977434,-6.52665,8.70155,-9.5895,-7.89607,5.28267,0.957556,-0.920897,2.47955,9.0051,-5.32777,0.895245,-2.03193,7.70799
3.78698,6.49472,8.87143,7.59608,-9.96296,4.50605,2.14063,3.30683,9.85833,-7.87213,-1.21033,5.07907,-1.36196,6.66205,2.05176,-0.426385,-4.32783,-1.13085,8.59081,1.3905,-3.17586,-5.54717,0.423386,-2.05178,-9.92473,-7.15293,-1.94923,1.6959,2.11837,-6.77806,-0.439501,-2.23715,6.0261,5.21441,2.62739,-8.55404,-4.67005,-6.27187,-0.123057,-9.54485,-8.67227,-9.92081,-9.23558,-4.90151,-0.252434,2.60475,6.48667,7.84189,6.64678,6.52957,-3.12507,-2.83845,6.978,8.44,-3.75402,4.93889,7.26062,5.74698,1.86059,5.42806,-4.49268,-5.67624,-3.1595,-8.49274,3.35146,-5.58165,8.89787,5.31882,4.59293,-3.23812,-5.34756,5.16408,-5.96703,-8.422,5.37412,7.21633,-8.33086,-6.0165,4.85469,7.06403,1.91973,3.63351,8.91324,8.67388,-8.9769,2.29365,-2.20392,-6.54833,-7.69252
-5.87072,7.44257,-5.73996,-1.07099,4.47028,-0.100414,-6.01767,9.53468,2.40854,1.63468,7.33223,-4.98736,0.691128,6.44057,-9.28986,-3.83981,5.95854,8.59081,7.59741,-2.2116,0.217553,-9.88271,2.30457,-0.755942,-3.16981,-3.48691,5.92987,6.02333,5.02415,-5.93436,1.74714,5.69764,-9.50049,-3.10356,-5.07609,0.189349,-3.76829,5.57265,-0.965614,-6.7941,3.26981,-5.54503,-3.7739,-4.13889,-0.531791,8.23276,5.9629,-0.856781,6.39475,-4.46091,2.2167,-2.88727,1.85132,0.154718,-1.03075,9.32798,9.62385,7.09357,-4.2197,2.12399,7.59784,7.02612,9.78481,-0.152395,7.9479,-3.05785,1.03009,1.88865,7.03838,7.1925,5.27432,8.11406,1.09543,7.19726,-4.24398,-7.89333,-7.2489,1.58815,-0.186537,7.83865,1.87767,9.24115,0.496263,5.73555,8.90153,8.81825,-1.51373,1.17429,-3.57572
-7.26958,2.74596,-9.65814,-4.11394,-4.78011,7.15247,2.98021,-1.61659,8.15463,-5.7052,2.55003,0.551019,-6.24996,-7.61094,0.187886,-8.05953,-6.67661,1.3905,-2.2116,-7.04037,9.28074,4.04004,-3.48427,-5.49266,9.57748,5.58461,-0.265818,-4.94658,2.17549,-2.92179,-6.00479,-2.68876,-3.11839,-1.18336,-4.21078,7.97484,-2.5682,-6.41719,7.93992,1.77094,7.02647,-1.5084,9.96893,-9.03255,-9.02702,-7.20435,-9.51619,-5.79705,2.77998,8.17198,-9.21121,-9.16152,-9.84514,9.50397,9.50519,7.89861,-9.45436,-8.56535,-0.404882,-4.69073,0.581246,-1.47594,7.63263,7.56831,-3.20114,0.0456632,-9.55146,-6.65661,-6.18845,-1.68104,9.94839,-3.02531,-0.261565,4.01169,-9.19632,-4.53432,2.46731,-9.2389,4.93059,7.60903,-5.31193,6.92535,6.5397,3.51208,5.70304,-1.33297,-4.37331,0.00665384,-1.08811
4.2382,6.53846,8.52188,1.59363,6.71989,-5.87594,-8.25015,-8.05909,9.71949,0.566417,-1.05192,-1.99371,-9.14372,7.81817,7.00725,2.51506,8.20504,-3.17586,0.217553,9.28074,-9.11894,-2.61814,-6.7806,-7.6546,-3.33396,-6.77286,-2.64473,7.95557,1.83661,5.92782,-6.70117,3.18754,2.65858,8.74732,2.31227,-6.16035,4.27622,-1.27368,-2.00925,-5.44326,-3.45849,9.62272,4.45067,-0.381709,-7.38797,4.7087,-5.91166,-8.46037,-9.3839,7.3964,5.15141,4.77857,1.69653,3.50183,-5.50826,-6.38286,4.28586,1.75864,-4.40335,-8.94489,5.0753,-5.81352,-0.23651,6.01371,-9.90393,5.01193,7.05129,-9.32156,3.31785,-6.36164,5.22622,5.86659,-7.1372,0.581718,-6.03572,3.13019,-5.08882,-8.0241,-9.25447,-6.54353,-5.22236,-3.03237,-0.934005,6.87903,5.03099,-1.76001,-2.86548,7.60877,-9.65368
1.34245,8.26394,-6.77518,-9.69981,-9.41288,-6.18264,-7.26596,6.06694,7.14492,4.19654,-5.25478,-8.1022,-1.81733,3.1936,-7.38593,-2.23124,1.224,-5.54717,-9.88271,4.04004,-2.61814,-1.7945,7.12664,-8.70826,4.83363,-1.60995,6.50275,-3.26756,-0.835772,-7.55933,5.63744,7.16363,8.30218,4.79052,2.48375,5.61438,-2.34652,3.96852,3.27368,-2.54147,-6.81494,-1.4911,-9.79855,-5.91186,8.0144,-0.877192,-0.58788,-8.74029,-2.0431,-7.89385,7.39376,2.15266,-3.75808,-2.96392,7.18368,5.62571,-6.2657,-6.15811,5.60984,5.60626,5.63259,2.63264,7.9273,7.22331,-7.67799,9.41625,-6.9987,-6.66731,4.42485,-4.51775,-5.50259,3.47639,-5.38392,-1.66603,2.15012,8.23473,1.10479,6.79679,-9.39455,-2.12422,-4.11737,2.26122,0.0190426,3.72885,-1.33198,6.66692,1.49427,-2.07904,-1.98264
2.56536,-3.54957,-8.34119,5.24358,-5.7608,5.35333,7.62508,5.22747,4.65858,-7.3982,8.40582,-1.38205,-5.10991,-9.96955,-5.30405,5.89281,-2.21066,0.423386,2.30457,-3.48427,-6.7806,7.12664,3.80471,2.15533,7.35501,7.32092,-8.46782,-4.1843,0.218926,0.546896,2.57775,-3.70584,9.76078,0.39143,-4.34005,2.18367,-2.94535,6.84197,1.53789,-8.7146,-2.293,6.01905,4.24126,7.23859,1.57638,6.94018,9.28547,0.0528385,-7.46571,8.672,-3.32351,-2.17185,1.56971,1.1221,-9.90277,1.38002,4.89493,-2.37547,3.23567,7.46743,-3.49254,4.79172,-9.9416,7.44482,-8.52526,-3.48533,7.01808,9.17597,9.99329,4.92328,1.83054,9.78453,-9.19336,-3.03493,2.77095,4.01119,-9.2959,-5.44636,-4.11028,8.70279,-8.17279,1.67497,1.78685,-3.74796,6.11799,7.51868,-5.3581,-0.812647,-1.29785
-9.96709,0.151687,-5.99017,8.92741,2.61503,-8.24928,0.634795,2.45989,8.61005,-9.81841,5.43267,8.28749,-4.90513,-0.783073,1.92316,0.991425,-5.54721,-2.05178,-0.755942,-5.49266,-7.6546,-8.70826,2.15533,-8.32656,6.11781,-8.30352,-1.90482,-6.17711,2.78021,7.20486,4.38503,-4.14163,4.64715,2.08933,-1.70984,-6.74574,1.21096,-9.03315,9.35566,2.59513,1.60071,-1.82107,-2.92673,-8.36145,-3.53238,2.64645,-7.99463,-5.17107,7.44273,-8.18967,-0.649963,-7.7817,0.777104,7.48013,-5.39581,6.71462,-1.16312,-6.53401,-5.45006,4.12282,9.02338,0.52068,6.40382,4.19651,7.45668,4.60743,-8.94626,9.30885,7.92971,3.65328,4.3585,1.44193,-0.608199,-1.8498,-4.03365,1.29198,9.40215,-0.932257,-1.97663,-6.38392,-2.3488,2.90058,5.1459,-8.93043,-7.68153,5.19477,9.61028,8.89713,7.78879
-3.35303,7.15895,2.42904,-6.29584,-5.36739,6.03722,-5.86413,-9.67461,2.7715,0.287596,8.61964,8.9678,-2.84198,8.08806,-1.34775,3.69727,3.30131,-9.92473,-3.16981,9.57748,-3.33396,4.83363,7.35501,6.11781,0.111948,-5.33831,-9.45687,-8.86255,1.31003,-1.79617,-8.65733,-0.0811472,-6.67414,-4.30576,2.51387,-9.83969,-9.51329,7.05331,-1.02593,2.79026,0.720323,-5.02133,6.76893,3.36491,3.73807,-9.48969,-6.49665,8.86038,6.87729,8.06016,-3.62962,-9.83216,7.29311,1.08679,-1.02495,5.02459,8.57382,2.34178,-2.1113,4.74104,3.17744,7.41908,-4.70332,-7.85624,5.96169,3.48302,-3.62559,-2.92126,7.4434,0.439323,9.29686,-7.81759,-7.19631,3.2663,-1.08763,-9.65317,-4.9578,-5.23375,8.20085,-3.5017,-9.23418,-1.63013,0.633599,8.95953,-9.71866,4.81976,7.56134,9.03831,-7.24133
-8.96468,-9.48616,9.47511,-6.6689,-0.874512,6.38112,2.61661,-9.32917,-8.01802,-6.46924,3.72388,-3.14081,-0.070011,-8.46913,4.93943,5.93252,-5.16721,-7.15293,-3.48691,5.58461,-6.77286,-1.60995,7.32092,-8.30352,-5.33831,3.11169,-0.916755,0.639346,5.42188,-5.43267,1.06994,4.32603,1.96565,-3.28805,2.03534,-5.16467,-6.24166,1.51946,0.55587,1.85222,4.15762,-3.49691,7.04914,9.37815,-2.99354,-3.58992,-5.27349,-2.94416,-5.6007,-4.5476,4.05054,0.855937,6.41591,7.0799,3.14162,-3.69303,5.32584,-2.45038,-4.98029,-6.08922,-9.13525,-9.86032,4.49112,8.12395,7.61666,0.285664,-6.88707,-7.1588,0.850403,7.13847,9.67513,2.23147,8.32195,-7.03827,1.20346,3.56868,-8.65679,7.605,-7.01722,-9.87376,-5.44235,-1.44284,-1.38822,-4.49091,-3.00904,7.38014,3.77242,9.90517,7.34
-9.49358,-2.02804,-0.29048,-2.64791,7.09257,9.40059,-7.62172,-4.40591,5.4838,-6.43798,2.32786,-8.88902,-3.66746,-9.75492,-7.72557,-0.267848,7.92998,-1.94923,5.92987,-0.265818,-2.64473,6.50275,-8.46782,-1.90482,-9.45687,-0.916755,-1.0188,8.32127,5.97323,2.70629,1.34579,-3.56814,-4.2914,7.77267,-5.60586,0.448421,7.68683,-4.73604,-5.56085,0.868254,-8.4722,6.51001,9.45338,-0.373516,-0.115405,2.92298,0.964452,7.96404,-9.89496,-9.74728,-1.83041,-7.28049,-6.30975,2.70327,7.10835,-7.1891,4.39702,-5.91752,3.30288,2.81816,7.04323,-4.55289,1.32997,-1.31746,-4.33549,2.93107,9.99518,-9.5717,-1.91211,4.17032,0.957644,4.04088,6.37677,2.73105,-2.75299,-2.66849,4.33798,3.96229,8.45837,8.10738,6.18297,-1.28024,-4.37833,4.46319,8.77624,5.17228,0.326231,-7.85608,-1.28752
1.19472,-9.46363,5.54178,6.03967,9.04707,-7.76684,-2.91477,-1.75747,-9.04466,3.9582,-0.145785,-5.61699,-7.48915,-0.782018,-3.11375,-0.642061,-4.62103,1.6959,6.02333,-4.94658,7.95557,-3.26756,-4.1843,-6.17711,-8.86255,0.639346,8.32127,6.18448,7.99306,-2.45445,2.68179,-6.35814,4.13256,-5.03534,-6.67082,-1.09012,3.42456,4.62473,7.70917,-1.20577,7.21947,8.1033,4.11915,4.63602,-9.07338,7.80874,1.11114,5.19356,-9.89396,-1.17709,7.49444,-2.63188,5.95488,4.64641,-6.47772,6.77248,-8.03886,-2.88577,-2.96249,4.07165,1.83984,-2.78015,-3.57248,6.26362,7.42564,7.06447,-6.93022,-4.7053,-8.77764,-2.88873,1.12627,6.69818,4.2506,-8.67406,-1.08128,6.43342,8.64057,3.64332,0.392227,-3.69012,-4.02728,-9.38239,-1.08391,6.78676,-1.21323,-3.59631,-1.14571,2.96056,-2.48985
0.33476,3.74763,-9.15383,7.46519,-5.63013,-9.8763,-8.69639,6.96072,7.91778,6.06608,3.47315,-8.26613,-9.56751,3.40801,9.34248,0.0413121,-3.66138,2.11837,5.02415,2.17549,1.83661,-0.835772,0.218926,2.78021,1.31003,5.42188,5.97323,7.99306,5.88309,-1.33942,0.361341,2.7137,0.355365,5.23573,7.11816,-5.75298,4.44539,3.45111,-9.03485,7.36695,5.9934,-9.25328,-0.587844,8.96027,8.5196,2.02622,-1.92076,7.36941,2.02547,-7.33583,-9.19581,7.39569,9.54809,-5.25202,7.99142,-6.84971,-7.5013,-5.57023,-3.30073,9.52352,-7.92439,6.15997,-7.62685,-8.53473,0.391041,3.60152,8.09419,-8.39622,-9.18063,3.80164,-1.32995,5.92938,-6.48165,-1.51524,6.59262,-6.26218,1.88429,3.00429,9.43412,1.0993,-3.70692,-5.67711,-0.659165,-5.1635,-0.0851739,-9.49881,-4.80887,-4.69927,4.56955
-1.41361,9.05894,-3.85214,3.37385,-1.91544,3.15682,0.116943,9.22002,0.0786816,-5.68262,-8.90343,-2.48593,-9.28986,4.1474,2.31438,-4.05398,-9.7126,-6.77806,-5.93436,-2.92179,5.92782,-7.55933,0.546896,7.20486,-1.79617,-5.43267,2.70629,-2.45445,-1.33942,-0.426676,3.26977,1.09227,3.7343,8.16397,-7.25414,-6.95211,-3.77275,8.56009,3.87812,0.0859323,-1.80247,-8.19537,0.587613,1.11009,-6.16346,1.14187,4.72112,-3.42495,1.07928,9.96106,7.56363,-7.45358,7.43141,-3.32273,0.157827,0.243423,7.561,5.32551,9.92108,-9.51124,2.35698,-1.6189,3.88468,-7.4458,6.80176,-8.48585,3.55641,-9.36012,8.12233,-6.03667,5.69539,-0.833648,0.879114,6.81657,3.83239,-3.56684,6.62324,-7.62752,-0.0769503,6.51369,8.95483,4.44112,-9.51607,-2.43531,-4.27566,3.84158,9.27037,-1.5546,7.46843
6.39069,2.93101,4.84098,0.193768,4.04459,-3.63013,-3.22412,8.13456,-5.70534,-2.86515,-5.97543,4.41901,5.11586,-1.1722,-1.74947,-4.48246,-9.82229,-0.439501,1.74714,-6.00479,-6.70117,5.63744,2.57775,4.38503,-8.65733,1.06994,1.34579,2.68179,0.361341,3.26977,9.28342,-3.45928,6.93882,0.797887,8.43273,-2.78722,-6.15755,-3.46624,6.83162,-9.75096,4.73682,6.64385,-1.77321,-8.66849,2.00047,-8.28338,-8.77684,-4.77257,-9.18766,0.3338,-0.0264869,-1.23775,4.92201,-0.720606,-5.54723,6.09644,6.60296,6.7581,-0.272073,6.51113,1.94508,-5.08239,7.20389,-4.99667,0.602915,-5.99692,-2.14773,-9.7911,4.78423,-9.12996,-6.38682,-2.85177,-7.58839,-9.00835,-9.23533,2.62313,2.01501,-8.88126,-0.522069,-4.98898,1.74232,-0.0573868,-1.48751,-7.4958,9.69005,4.60733,5.11648,-4.34201,0.063264
6.32242,3.57451,-6.27654,0.679673,8.79634,9.15283,1.05071,-2.49529,2.55737,-3.96498,-2.54983,0.817278,-4.62444,-0.132525,0.620515,-2.19627,-5.71398,-2.23715,5.69764,-2.68876,3.18754,7.16363,-3.70584,-4.14163,-0.0811472,4.32603,-3.56814,-6.35814,2.7137,1.09227,-3.45928,-9.9197,6.84628,-1.21779,8.61064,2.02504,5.05078,-7.06355,-4.14777,-0.923062,0.644743,-7.35729,7.73397,8.44071,1.41791,2.86158,-8.49206,2.28466,-7.79933,9.22942,4.87451,3.77441,-5.77794,4.276,-9.82374,-4.44456,3.98698,1.85364,6.36328,6.69425,4.55987,-5.90464,5.28017,0.872021,-8.72939,3.20625,-7.56139,0.569492,2.71022,-7.46445,-5.64861,-6.53058,5.95145,-2.53346,-1.10832,-8.89187,-2.44065,1.62093,-2.30596,9.95787,-4.75459,3.65106,6.71568,0.47224,-1.1613,0.569217,-1.3008,3.35788,4.47818
8.43845,2.62181,-0.346683,-2.32986,-2.46699,1.8332,-9.38165,0.559155,-4.26581,-6.11211,-6.62761,-7.24678,3.9458,8.45485,-5.11078,7.99873,-4.87656,6.0261,-9.50049,-3.11839,2.65858,8.30218,9.76078,4.64715,-6.67414,1.96565,-4.2914,4.13256,0.355365,3.7343,6.93882,6.84628,-1.68645,-9.03686,7.96822,-4.62831,-0.825078,6.02618,-9.76188,-5.35374,-3.56593,1.87474,0.250467,-4.08778,9.6811,5.89624,-8.41907,-6.72109,-8.81384,-5.65392,1.15391,-2.19385,9.33271,-0.325709,-0.102847,8.64592,-6.09393,-4.67035,8.62938,6.39147,-1.19884,8.41651,0.481523,-8.71045,-1.17137,7.40206,-4.41804,-9.27742,3.49292,2.35789,-9.04044,4.00237,8.08066,-3.82913,-6.01566,-1.07957,2.46585,3.36835,-7.05786,4.53678,3.1972,-0.18741,-7.89332,8.38316,-1.55317,0.894199,-1.10172,5.23225,-7.55096
-5.88392,3.56298,0.424229,-9.08313,-7.40785,8.50352,4.05587,2.10354,-2.23569,9.15294,6.49613,8.81551,-6.66782,-2.27565,9.83777,-7.04356,-5.3787,5.21441,-3.10356,-1.18336,8.74732,4.79052,0.39143,2.08933,-4.30576,-3.28805,7.77267,-5.03534,5.23573,8.16397,0.797887,-1.21779,-9.03686,-7.56184,-6.28064,2.369,-0.880981,1.26238,9.27815,-3.69582,1.21478,-4.97133,4.79991,-6.00913,-1.00845,4.15534,4.04533,-2.21858,-0.403765,9.57592,-3.31049,-9.32987,-3.95947,-9.52606,-5.16712,0.868904,6.04763,-7.33367,-1.23323,-2.95233,8.09404,4.38406,-4.05409,1.03264,0.778037,-2.43721,3.47829,-2.98735,-6.3311,4.06749,-3.31956,5.48275,8.30839,-2.00959,-2.71008,1.59629,4.22837,0.786848,1.41199,-9.01304,1.906,-5.97515,-4.03374,-1.4052,7.06859,1.50116,-2.6609,5.36584,-5.01675
2.64415,4.87437,4.09429,0.0787801,-6.41184,-4.43032,-4.79707,-6.94072,-3.51894,-0.41083,-7.37772,4.88812,-9.71872,-1.08243,-4.83541,-1.82549,-5.14112,2.62739,-5.07609,-4.21078,2.31227,2.48375,-4.34005,-1.70984,2.51387,2.03534,-5.60586,-6.67082,7.11816,-7.25414,8.43273,8.61064,7.96822,-6.28064,4.00724,1.77669,-4.33315,7.09493,-0.46206,-1.73034,-6.17056,0.424121,-9.59062,4.29045,5.16358,7.5713,-7.69365,8.37951,-4.00585,-2.78619,4.60353,-0.265602,-2.08831,-2.13485,-8.40581,-2.64853,3.44037,5.00666,8.75481,1.72351,3.56222,8.40273,-7.96765,-3.63888,2.17389,-6.09548,-0.364348,7.40521,-3.64186,6.45317,2.13906,-2.73263,-3.28325,8.10591,-3.46077,5.13176,-8.28487,-5.05912,-7.75507,4.77502,5.5576,9.71366,-9.192,3.18296,-3.29112,-6.58186,-0.68573,9.02716,4.0748
9.59863,-8.37775,-7.66539,1.36465,-4.0109,-1.98144,6.51237,7.59623,-5.48423,3.63021,-5.67128,4.70321,-4.96535,-1.70792,-9.11599,4.39676,-4.20295,-8.55404,0.189349,7.97484,-6.16035,5.61438,2.18367,-6.74574,-9.83969,-5.16467,0.448421,-1.09012,-5.75298,-6.95211,-2.78722,2.02504,-4.62831,2.369,1.77669,0.766972,-3.5248,-9.78274,-5.26739,0.204851,8.15509,8.24153,-4.81464,3.37228,-2.07452,-0.622534,-8.97628,-0.483286,-7.17331,-3.26071,-6.75804,6.74538,-0.604574,-3.5591,3.50431,7.27189,-5.94596,-0.755797,1.60652,-1.33443,-9.12469,4.41869,2.66603,-0.334761,9.92257,-1.61484,-9.5701,2.14647,3.67457,1.91782,-1.83252,4.2528,-5.72809,-6.34769,-5.67316,4.06813,-4.45486,3.89378,-7.11353,-8.62472,-7.95764,-7.4035,-8.30378,-1.20118,-2.52855,-9.88196,1.90505,2.09379,2.00372
6.31841,-1.81016,-1.52081,5.53982,-4.60421,0.835954,-9.40881,8.02033,-6.52045,1.26234,-5.44239,6.26729,5.65339,-0.686122,3.76148,-3.80467,3.48885,-4.67005,-3.76829,-2.5682,4.27622,-2.34652,-2.94535,1.21096,-9.51329,-6.24166,7.68683,3.42456,4.44539,-3.77275,-6.15755,5.05078,-0.825078,-0.880981,-4.33315,-3.5248,6.04163,-6.75797,7.10806,-2.03492,0.267097,9.07886,4.94258,-6.97743,-0.918556,3.12298,-2.77059,-0.801308,2.17977,5.44007,1.95617,4.32011,-1.63454,-4.37176,-8.57051,2.27075,-2.92479,0.235103,-3.92225,7.69051,-7.70277,-9.3749,9.39759,0.150349,3.36045,8.80242,-5.03,-1.3041,-2.65811,0.787953,0.907739,6.35431,9.47722,2.5298,7.40269,-2.91263,8.50324,-0.908789,3.39971,-1.01892,-5.2044,9.73754,-4.74783,-0.181051,1.05677,-4.99809,-1.10618,-4.3166,-4.68318
1.29423,3.39506,-0.810646,0.847601,9.27394,1.15142,8.52562,-3.39827,-8.92597,-2.2671,-2.53742,5.33539,-1.08728,-1.50577,0.908196,1.88036,-5.1474,-6.27187,5.57265,-6.41719,-1.27368,3.96852,6.84197,-9.03315,7.05331,1.51946,-4.73604,4.62473,3.45111,8.56009,-3.46624,-7.06355,6.02618,1.26238,7.09493,-9.78274,-6.75797,9.64273,-9.47448,-1.38217,-7.76383,-8.00587,2.0486,-3.94434,3.41112,0.215289,7.49175,-7.73367,-5.62866,-9.15172,-8.60015,-7.99662,1.96791,-2.61867,7.6682,1.94822,3.54607,0.830979,9.05873,-2.20787,9.93312,0.0160028,-7.56474,4.75548,-1.65029,6.48216,2.00304,4.99435,-9.32043,7.23374,-3.73026,3.96322,3.63443,6.45849,4.7997,-9.21858,-6.99182,-0.754329,-5.39548,-7.68685,7.78795,1.64079,8.70306,-6.38971,8.53997,8.27979,-4.039,1.46568,2.66147
-7.14989,8.18079,-4.47346,-7.44862,7.42414,1.84198,3.2068,-0.43225,2.07287,-7.80353,2.88749,-3.15024,-4.08298,4.43163,8.47751,6.80359,-8.0936,-0.123057,-0.965614,7.93992,-2.00925,3.27368,1.53789,9.35566,-1.02593,0.55587,-5.56085,7.70917,-9.03485,3.87812,6.83162,-4.14777,-9.76188,9.27815,-0.46206,-5.26739,7.10806,-9.47448,-2.42993,0.82374,-8.09029,-4.84296,1.28051,-0.927833,-0.552091,-9.4587,3.49769,-8.29513,7.27703,4.51537,-9.18318,1.86566,3.80201,0.645445,7.53355,8.88163,1.9945,-9.04535,-8.27994,9.53369,-8.68474,-0.391121,0.0823209,-5.07686,-1.25743,1.73169,-2.19108,1.75368,-6.72069,-1.12917,1.83756,-5.10199,7.57098,-0.816093,2.76984,-7.23176,-6.86998,-6.63453,-7.63533,-4.55585,1.54552,3.53563,2.57566,3.39985,-2.83568,-7.8465,3.56911,5.11676,-6.02688
3.58758,1.4873,-3.59723,-7.80286,0.777681,-3.67556,4.46143,-8.15003,-6.9694,1.68739,-5.36921,-0.953764,-7.22688,-8.38605,2.63674,8.4341,5.31177,-9.54485,-6.7941,1.77094,-5.44326,-2.54147,-8.7146,2.59513,2.79026,1.85222,0.868254,-1.20577,7.36695,0.0859323,-9.75096,-0.923062,-5.35374,-3.69582,-1.73034,0.204851,-2.03492,-1.38217,0.82374,9.91959,-3.17881,3.78188,3.9297,-5.13974,5.47536,-9.73932,6.11248,-7.6844,6.11288,1.54972,9.44158,3.24244,-1.48302,7.88162,3.46882,9.97533,4.96645,-6.48628,5.38369,0.050541,-8.68954,6.03289,8.85554,8.83423,3.34604,-7.7723,-2.57391,-4.48588,4.70563,1.78026,1.95319,8.62458,1.62258,-6.5937,-4.57163,-1.05924,3.43385,2.7237,3.46728,5.46527,4.99105,7.19286,2.26028,8.59712,-1.6699,-5.39828,-8.81904,-2.8708,-9.56515
-4.61934,-4.84404,1.52536,-4.48041,-8.01553,4.44917,-0.578647,7.90285,6.10229,8.44421,-0.620914,-1.70432,8.38195,-8.09996,-4.28932,-6.2457,-4.28496,-8.67227,3.26981,7.02647,-3.45849,-6.81494,-2.293,1.60071,0.720323,4.15762,-8.4722,7.21947,5.9934,-1.80247,4.73682,0.644743,-3.56593,1.21478,-6.17056,8.15509,0.267097,-7.76383,-8.09029,-3.17881,-3.59558,2.25308,0.944257,-6.3088,-4.27257,6.91119,-6.82414,-5.67048,2.5772,0.400306,-2.39985,8.689,-1.1976,-4.82283,-2.74942,8.65571,-5.86969,9.60017,3.41577,6.01165,1.36583,3.22733,6.75412,-7.99671,3.21193,4.7454,-5.10757,3.38478,4.56413,6.63185,-6.43149,-3.92273,0.932318,-6.11047,9.15046,-3.25101,-7.19597,-8.81134,5.96199,-9.40575,-7.06193,-8.17962,-8.88036,-0.666706,-0.0191317,3.08024,-4.0388,6.48532,6.45616
-4.83116,-8.40544,-0.570317,4.42206,6.00345,-5.86223,-9.98553,8.4103,-7.41383,5.92366,-5.51681,-9.69332,-6.27999,8.90958,7.13015,7.27507,-5.64407,-9.92081,-5.54503,-1.5084,9.62272,-1.4911,6.01905,-1.82107,-5.02133,-3.49691,6.51001,8.1033,-9.25328,-8.19537,6.64385,-7.35729,1.87474,-4.97133,0.424121,8.24153,9.07886,-8.00587,-4.84296,3.78188,2.25308,-6.75357,-4.13935,5.47657,-2.61868,7.69728,6.65124,-6.01838,-7.45178,8.22028,1.52937,5.7953,3.55478,2.95206,6.98388,-0.934377,-0.106992,9.85818,-1.47314,-4.88068,7.87736,-6.85725,9.56157,-8.70471,-5.66567,-9.21917,4.6731,-9.16374,7.50448,4.28892,-6.35155,-8.55984,-6.79279,-6.77648,4.67803,7.79954,7.32323,1.9533,6.3484,-7.96224,-4.79255,8.99842,-2.8964,7.30305,0.815094,0.0943415,5.7169,6.62642,2.86015
-0.38895,-8.24163,8.11622,5.48166,7.94997,-2.16406,-8.88571,-5.8999,-4.04514,-3.12934,0.576666,1.98272,-5.57713,-2.15275,-7.11,2.6826,7.76311,-9.23558,-3.7739,9.96893,4.45067,-9.79855,4.24126,-2.92673,6.76893,7.04914,9.45338,4.11915,-0.587844,0.587613,-1.77321,7.73397,0.250467,4.79991,-9.59062,-4.81464,4.94258,2.0486,1.28051,3.9297,0.944257,-4.13935,-2.66554,0.297589,-4.66344,-2.01602,5.32291,5.60725,-4.99501,-9.16798,1.51415,-1.22317,-7.4118,9.16634,8.00998,9.92707,0.605026,-3.70255,-0.960342,-5.47977,3.68883,2.65373,7.69554,6.35635,-2.77954,-7.95191,2.88903,1.34265,-7.65889,2.7768,-5.2705,7.65545,6.44126,-1.0348,7.69418,-6.8343,-5.72242,1.41947,3.7411,-6.94545,-4.92431,5.1745,7.59521,7.45088,-6.9468,-7.39324,-2.44226,2.74868,-3.24358
0.804434,-2.95267,-9.06853,-8.88622,-4.14063,-3.88335,4.43451,9.44214,-1.77244,4.59926,-9.74783,-8.78015,-8.17267,-6.01444,-5.13722,1.14657,7.99094,-4.90151,-4.13889,-9.03255,-0.381709,-5.91186,7.23859,-8.36145,3.36491,9.37815,-0.373516,4.63602,8.96027,1.11009,-8.66849,8.44071,-4.08778,-6.00913,4.29045,3.37228,-6.97743,-3.94434,-0.927833,-5.13974,-6.3088,5.47657,0.297589,8.43031,-7.66266,-7.19507,5.31587,5.24728,-2.45363,-2.44672,3.95942,-3.01516,3.65201,-4.5554,-8.85231,-8.26252,6.61032,-2.94874,-3.66616,-3.849,-6.02462,-1.03487,-4.90826,3.7925,-1.3207,-7.51413,1.7573,-9.23105,-9.48428,-8.5084,-0.690077,-2.66032,3.29993,3.54128,4.89876,-2.0958,-1.96523,2.89259,0.402953,-7.26715,-8.08973,-9.77377,-9.46573,-7.67426,-6.39837,1.2091,-2.59871,1.58579,-8.24595
-0.0353368,-0.695067,-3.27112,9.79783,7.90487,-6.67819,4.73384,3.25932,-7.89656,-7.19516,9.4485,-9.52085,7.78271,-8.2816,1.55777,-3.82655,-6.20289,-0.252434,-0.531791,-9.02702,-7.38797,8.0144,1.57638,-3.53238,3.73807,-2.99354,-0.115405,-9.07338,8.5196,-6.16346,2.00047,1.41791,9.6811,-1.00845,5.16358,-2.07452,-0.918556,3.41112,-0.552091,5.47536,-4.27257,-2.61868,-4.66344,-7.66266,-2.12643,4.9508,2.60238,-5.29762,9.88306,-4.85623,-2.66781,0.898743,9.5968,-3.66638,-5.53708,7.53612,7.52661,2.72309,-0.889864,-0.782587,3.73039,-8.30445,0.582437,-9.55143,-4.24744,3.04803,-8.75191,-4.88545,-0.872662,-2.54017,7.92188,2.14475,9.88827,-7.38488,-7.81094,1.39076,-8.33322,8.95818,5.06576,9.94412,-9.16593,-3.02901,9.78345,8.46544,-2.5233,9.32051,7.64805,6.18433,-0.44537
-5.04518,7.21478,-0.222115,3.89329,5.70123,6.6936,5.58221,0.249282,-9.18067,-2.84322,-4.41494,4.70645,8.56793,-0.962606,-5.73975,-8.46724,-5.3127,2.60475,8.23276,-7.20435,4.7087,-0.877192,6.94018,2.64645,-9.48969,-3.58992,2.92298,7.80874,2.02622,1.14187,-8.28338,2.86158,5.89624,4.15534,7.5713,-0.622534,3.12298,0.215289,-9.4587,-9.73932,6.91119,7.69728,-2.01602,-7.19507,4.9508,8.31925,-0.435599,4.3726,7.61419,3.66985,8.54697,-7.83475,-1.09322,0.215514,5.09137,-1.39679,-3.3404,-2.51027,0.774779,9.21258,7.20926,-8.90665,-7.97223,9.55134,-2.06719,7.65887,-1.593,-9.83378,4.28569,-5.94748,-1.43058,-2.20853,-7.31558,-9.3516,-2.74192,-7.35599,-1.49797,-0.712182,-2.66158,3.97466,4.14986,-7.9165,1.14018,4.25034,8.64124,8.87703,2.30448,3.68131,-7.19023
-7.53386,-0.432629,4.24528,-9.80246,-4.25315,5.94953,1.56455,-9.05461,9.83816,-7.88723,-9.33659,2.23827,-7.73602,6.48569,-3.76477,-1.99953,6.79359,6.48667,5.9629,-9.51619,-5.91166,-0.58788,9.28547,-7.99463,-6.49665,-5.27349,0.964452,1.11114,-1.92076,4.72112,-8.77684,-8.49206,-8.41907,4.04533,-7.69365,-8.97628,-2.77059,7.49175,3.49769,6.11248,-6.82414,6.65124,5.32291,5.31587,2.60238,-0.435599,-4.32276,0.00545098,-6.28918,5.16258,-8.77798,5.00741,6.84779,5.29176,7.95336,-5.16549,8.33467,2.05907,7.06999,-3.98551,-4.30376,7.81606,2.56088,7.98991,9.60227,8.44079,8.22712,7.32676,-0.471655,5.87002,-2.66743,-9.23299,-0.236349,4.99704,-6.67237,6.48593,-7.24047,8.24494,-4.71586,-3.10059,9.20837,7.60312,-1.19785,0.701076,-2.62039,2.51152,9.39379,-3.49952,-9.3938
5.51069,-5.19211,6.14464,8.93694,0.691843,-7.20456,-6.40835,-5.69405,-9.7055,-2.17221,5.0287,4.27775,-6.57502,-0.11915,-0.140719,5.50106,-6.07155,7.84189,-0.856781,-5.79705,-8.46037,-8.74029,0.0528385,-5.17107,8.86038,-2.94416,7.96404,5.19356,7.36941,-3.42495,-4.77257,2.28466,-6.72109,-2.21858,8.37951,-0.483286,-0.801308,-7.73367,-8.29513,-7.6844,-5.67048,-6.01838,5.60725,5.24728,-5.29762,4.3726,0.00545098,-0.0658455,8.9626,5.62006,-0.20114,2.15246,1.33093,7.92195,5.4024,7.65845,-4.74864,-4.58273,7.09242,2.38284,6.88258,3.0587,-5.33243,-9.06741,3.89786,-5.30328,-0.107918,-0.720845,-1.47004,-0.597304,-1.52949,-6.88911,4.02017,0.707539,0.365128,-8.78171,-3.43859,-6.77428,8.03202,7.25003,-2.62657,-9.27374,-9.2018,-0.537446,-6.44455,3.21283,-8.96656,1.5849,-6.75568
1.12486,-2.61018,1.71524,7.08471,-9.43298,-8.66086,-3.44136,9.37652,-3.32067,4.27548,4.07504,-8.51558,6.63855,-7.3904,6.65119,-1.32022,-3.80312,6.64678,6.39475,2.77998,-9.3839,-2.0431,-7.46571,7.44273,6.87729,-5.6007,-9.89496,-9.89396,2.02547,1.07928,-9.18766,-7.79933,-8.81384,-0.403765,-4.00585,-7.17331,2.17977,-5.62866,7.27703,6.11288,2.5772,-7.45178,-4.99501,-2.45363,9.88306,7.61419,-6.28918,8.9626,0.891054,7.96933,-3.53385,2.70094,8.85755,-2.02632,5.82437,-1.54783,4.53632,6.18572,-7.31948,-0.164196,-0.692405,-6.20953,5.81373,-1.51224,8.16493,3.30361,8.25383,9.96516,0.568582,4.02791,7.76155,-3.0911,0.991883,5.75532,8.27582,-9.16896,-8.38911,-7.75216,1.79341,0.245185,-7.42809,3.70287,7.36601,4.55418,-3.15452,-3.36242,-8.61528,9.65089,-2.62334
8.65442,-3.98221,-0.548328,7.45104,1.9112,6.95649,-0.16782,-4.14804,5.91288,-6.68574,-5.44735,0.083362,-9.60578,-5.58758,-1.16278,-3.5916,-8.8262,6.52957,-4.46091,8.17198,7.3964,-7.89385,8.672,-8.18967,8.06016,-4.5476,-9.74728,-1.17709,-7.33583,9.96106,0.3338,9.22942,-5.65392,9.57592,-2.78619,-3.26071,5.44007,-9.15172,4.51537,1.54972,0.400306,8.22028,-9.16798,-2.44672,-4.85623,3.66985,5.16258,5.62006,7.96933,8.13726,3.91333,-3.76746,-3.71015,4.70046,-4.75726,1.01485,8.53256,0.4011,-6.47689,5.45402,-1.74786,-6.13119,-0.814747,-7.55105,0.882739,6.6752,1.73928,-3.02488,-3.26784,2.34429,-5.86663,-0.239543,4.95929,-6.54107,4.97073,3.95382,1.47481,-8.68554,-7.22868,-3.48786,4.66094,-3.02478,4.42132,5.41425,8.58113,-4.13597,-1.62165,9.72036,1.86709
4.33548,-1.76127,-8.65406,-4.41206,-8.02068,-2.16248,-1.23918,7.70162,2.58689,2.58652,4.66341,-1.97855,5.18575,-8.0462,-8.03683,0.672563,-9.46408,-3.12507,2.2167,-9.21121,5.15141,7.39376,-3.32351,-0.649963,-3.62962,4.05054,-1.83041,7.49444,-9.19581,7.56363,-0.0264869,4.87451,1.15391,-3.31049,4.60353,-6.75804,1.95617,-8.60015,-9.18318,9.44158,-2.39985,1.52937,1.51415,3.95942,-2.66781,8.54697,-8.77798,-0.20114,-3.53385,3.91333,-2.65608,-9.52114,5.39089,-7.10238,-0.968009,2.1077,6.23242,-9.37814,0.680397,-3.00752,7.11837,-0.568149,-8.6654,3.292,4.56072,-3.53487,1.98736,-3.73219,4.35274,-3.24761,0.715293,-4.78379,-2.36961,-0.806999,-3.71919,-6.3336,-0.336572,-1.30537,-2.47348,-6.54629,0.400221,-2.42176,-4.92071,2.84625,-8.05885,-7.3633,-5.53394,-2.71817,7.9232
-2.18179,-3.14298,-6.0991,-2.74441,0.206813,7.06881,-6.23183,7.93245,-0.498404,6.55653,5.97645,6.94696,6.24551,-5.20313,-6.72219,3.96449,-0.527771,-2.83845,-2.88727,-9.16152,4.77857,2.15266,-2.17185,-7.7817,-9.83216,0.855937,-7.28049,-2.63188,7.39569,-7.45358,-1.23775,3.77441,-2.19385,-9.32987,-0.265602,6.74538,4.32011,-7.99662,1.86566,3.24244,8.689,5.7953,-1.22317,-3.01516,0.898743,-7.83475,5.00741,2.15246,2.70094,-3.76746,-9.52114,0.559304,6.68689,-2.40317,-1.64641,5.81185,6.22727,5.04791,0.258336,-8.48498,-6.24037,3.76959,-3.73194,0.918049,-3.76292,2.81867,-7.00816,-3.98955,-5.49277,8.02948,6.44001,-0.764419,-7.70011,3.96172,7.71542,-1.21867,7.59855,0.780221,-5.82802,-7.28164,5.74902,-3.23994,7.45861,-6.66132,-7.1019,-2.66521,-0.383756,-0.746206,7.414
