-1.7824,4.72786,2.51138,-3.8028,-9.02087,6.85617,-4.16656,-5.43665,1.29538
4.72786,2.83726,4.28118,-6.40136,8.90004,0.412782,-0.166797,-1.21036,9.87475
2.51138,4.28118,4.59664,4.981,-5.19652,-7.36276,5.15974,4.62883,-2.35164
-3.8028,-6.40136,4.981,-0.268382,-6.88039,-1.32636,-7.94514,8.31088,6.20207
-9.02087,8.90004,-5.19652,-6.88039,-9.32295,4.60529,-6.60419,1.32114,3.09152
6.85617,0.412782,-7.36276,-1.32636,4.60529,-0.965717,1.11171,-6.31792,3.08729
-4.16656,-0.166797,5.15974,-7.94514,-6.60419,1.11171,-4.26241,-0.786074,-3.04769
-5.43665,-1.21036,4.62883,8.31088,1.32114,-6.31792,-0.786074,-9.6088,-8.82613
1.29538,9.87475,-2.35164,6.20207,3.09152,3.08729,-3.04769,-8.82613,-8.44404
