4.82005,-7.71766,-2.84477,-2.48711,3.96443,-1.24987,-4.44879,2.7528,-3.55453,7.08735,-2.52045,5.97803,-2.84053,-1.80951,7.40404,-1.15489,-8.85637,1.64454,8.56758,-0.240354,3.79475,-1.50098,9.23516,-0.329945,7.91843,-9.56643,2.34505,6.38654,-0.390799,-9.30974,3.09065,-2.75396,6.28287,7.03689,-1.87352,-9.69967,-9.10776,-7.10584,3.79752,-0.104206,7.40126,0.0118926,-9.05605,-6.35792,0.384276,9.65754,0.0141468,1.23553,-2.75234,7.98662,-0.0885833,-9.50055,1.11803,8.2331,9.04258,-5.11274,1.78729,8.43548,-8.0232,-3.33051,-4.05431,9.49975,6.96521,-0.329398,-2.45709,9.86379,-0.20032,-0.227018,-1.42071,-2.69666,6.68337,1.34649,-6.51808,-1.9475,-7.1614,-1.9744,5.43094,-5.16991,9.53643,5.53083,6.40348,-1.82008,-4.60164,2.63723,5.2142,-1.37226,2.75285,-5.94299,7.60439,-3.60105,-5.81461,4.80575
-7.71766,9.2467,-5.07963,9.29498,5.80707,-0.54074,1.82602,-9.61953,0.358052,-6.42651,-3.91775,1.02307,-4.76465,-7.28576,-9.46844,7.14349,0.955507,-5.06467,0.471805,-4.9672,0.948471,-5.50023,8.57526,0.210685,-1.71943,-1.67635,-9.20294,-8.77777,3.50575,-9.66575,-9.25149,8.77165,-8.43638,-6.99998,6.2139,7.70272,-9.99477,6.41701,-9.8649,7.0446,8.26781,-2.53298,-1.73033,2.07002,-2.08996,4.75146,-9.03832,1.50016,-9.00347,-5.22852,-7.8222,-6.08613,4.07895,-8.11724,9.21385,0.703735,-0.250832,-9.83988,0.471876,-4.90384,-6.58845,-7.98642,-8.98266,8.35128,2.39362,6.96599,7.74237,-0.830071,-8.9458,0.038537,4.13347,6.30404,-2.43414,-9.91532,7.64873,-2.08737,-3.24139,1.9434,1.4041,4.79678,-0.515914,5.89917,-8.05972,-3.3043,2.33118,-1.72092,-9.16425,4.58788,-2.80121,0.654775,1.13797,-2.92387
-2.84477,-5.07963,7.64646,7.33082,-5.90929,3.05401,0.459062,1.89397,2.17541,-5.16791,-2.65893,-0.785956,5.16188,-9.57695,-5.27589,7.6706,2.97255,-4.43415,-1.12494,3.92476,-0.215659,0.930966,8.96963,4.76069,-8.29125,-4.75774,2.2788,-6.94422,-2.58491,-6.64548,5.47933,0.702382,-5.80577,-9.77008,-0.713834,-9.46562,-0.432351,-9.9323,-6.67509,-1.98602,7.63428,-8.43909,-6.27086,-5.66412,-8.11295,-0.356238,8.81402,7.2085,1.76124,-3.94433,0.0727714,-3.49239,5.99389,5.21759,-2.30996,-0.728484,-5.27436,2.69945,-1.92307,-4.27472,-4.75719,-8.88635,3.21725,4.24845,8.58966,6.16573,-2.8822,-5.66081,-2.1881,1.16383,-2.54662,-6.49295,-4.13157,8.91498,1.70965,9.77714,7.83345,-8.65646,-5.25564,2.78256,1.56165,4.00894,7.46315,9.33761,-4.75312,4.41732,6.51873,-5.92654,-3.23591,3.16932,3.17005,5.53855
-2.48711,9.29498,7.33082,9.59765,-8.14452,1.06604,2.59333,-7.97468,-2.25743,-6.834,-1.57307,4.26834,-1.65702,-4.06076,7.43595,1.35647,-9.51183,-1.32102,-6.77224,3.75004,7.7825,-4.21424,-8.05458,-7.93768,-9.99119,-0.988421,8.88721,-9.11631,9.95236,9.28591,2.60434,9.46913,5.00575,-9.16718,4.86375,3.18345,-8.16342,0.590405,1.02397,1.09665,7.81211,1.65631,-6.14228,3.04989,-1.59655,8.176,-7.89247,1.77571,-5.56994,7.21096,1.88736,5.9097,6.76334,8.96069,4.14248,-8.42946,-8.97661,-0.375247,5.96149,9.48711,-2.82139,-9.76159,-7.81184,-6.96625,-3.91027,-3.02449,3.9556,7.33191,-6.02642,2.98386,6.74335,0.17982,0.146907,-8.53348,-1.09304,5.48674,5.94015,3.0701,2.09308,7.71146,3.83793,-9.54228,1.97094,2.42237,-8.88597,3.22297,1.80084,-4.12775,-7.63358,8.2211,-3.37755,5.27492
3.96443,5.80707,-5.90929,-8.14452,1.05442,7.74243,6.90337,6.30114,-4.18467,-8.28237,3.66861,7.57849,9.52025,-0.557432,-2.11269,5.55527,-6.60374,1.62197,-1.84876,5.49375,-5.84944,2.50853,3.31003,-7.31676,-9.39526,-5.82466,8.37755,6.20277,-9.38263,7.222,1.49382,6.03508,6.62764,-2.61844,-8.66622,9.31783,-7.77418,-8.6017,-5.38891,0.445406,8.74384,-0.45396,-1.59824,-3.53926,6.95546,9.11111,-7.8471,-4.9128,0.791157,-3.85106,6.45865,-6.05738,-3.50959,-1.25196,-4.79283,-1.69317,0.62431,-9.33363,4.77322,-8.26168,8.69565,3.76418,6.86431,-2.5338,-3.10785,7.98947,6.04347,-7.59793,-1.10562,-7.4075,8.27647,-4.15778,4.21694,2.03666,4.93639,3.76425,-5.76301,5.64929,3.7398,2.70197,-9.80075,6.6101,3.66504,-8.03788,-9.91721,4.91834,-2.0036,1.4125,0.490078,9.39345,-1.81278,2.8641
-1.24987,-0.54074,3.05401,1.06604,7.74243,-4.12326,-5.16014,8.89778,0.194799,-4.00408,-6.03204,3.98622,-2.07469,5.11983,0.0150853,3.48681,-9.16366,-2.71964,-8.96064,-7.56423,4.43153,1.09592,0.849898,0.76164,5.01727,0.489299,-1.15119,-0.548536,4.39667,-4.59145,5.40159,1.13301,-6.07,7.36332,-8.24899,-8.57183,-8.47341,8.17985,0.318527,5.00519,9.12742,6.73285,-6.47443,6.27564,2.96976,-8.83211,9.1707,3.95018,-1.95289,7.81103,-1.16792,0.923217,-2.71662,-1.66805,-3.62199,-9.0153,8.13263,4.17066,-1.16457,-5.45012,0.804643,0.484174,7.59287,9.19753,-0.19405,4.49405,-1.27473,-3.00642,-1.80428,-2.92179,8.78864,5.90584,2.10987,-8.48396,6.18523,0.398297,3.20242,5.10581,6.5134,9.63216,0.319396,3.20256,7.46897,0.583188,-8.99081,-1.23759,8.51966,-1.20136,5.02575,4.93826,-2.64753,-8.71367
-4.44879,1.82602,0.459062,2.59333,6.90337,-5.16014,0.387441,-4.45958,-2.6973,2.23102,7.17964,8.14447,-0.454776,-7.82676,-9.34885,-6.24515,0.885598,2.39055,6.60443,5.18295,4.46896,-5.49672,2.09586,-7.79794,-0.896494,-5.77264,-2.37312,-3.8851,4.16925,-4.66191,-1.99442,8.52685,6.85741,8.21851,-9.18619,4.1344,-8.3822,0.206621,-7.95648,-7.05491,-3.97236,-7.24584,6.60689,-7.32739,-4.25105,8.89806,-9.59919,7.53891,7.25467,2.0239,-4.37192,6.78727,1.68598,-2.79031,-7.8225,3.68149,9.63906,-8.45969,-8.99114,-9.2574,-1.89962,-5.65207,0.712248,-3.0193,6.32541,-8.87391,6.90905,0.142664,7.18653,-7.26124,-3.3327,-2.79063,-5.84014,0.702616,-6.6875,-5.70486,0.589723,4.04431,-2.82249,9.29581,1.15398,9.94764,-9.15881,6.31035,1.2953,0.915838,-2.33892,1.26051,6.41466,-4.47252,0.426602,-5.14213
2.7528,-9.61953,1.89397,-7.97468,6.30114,8.89778,-4.45958,4.96586,-3.62484,-8.16425,-5.61074,7.7954,4.15115,-3.21462,8.59341,-6.52301,6.75406,-3.40029,2.27436,6.4289,4.10224,8.74042,9.47602,-1.18002,-8.34926,2.14499,-8.95512,4.292,-8.54856,8.79313,-0.655249,4.73347,8.56062,-0.121879,5.5013,0.260612,-9.48962,8.98551,-2.57951,8.99702,-7.82721,8.9765,5.97653,-6.18565,-4.0018,-9.80273,-6.77184,0.769154,-6.75741,3.67938,-7.88136,-0.477477,0.658019,4.10221,-3.56235,-8.05578,-1.2401,-7.73972,-4.08394,-9.9611,-8.39997,7.49465,-1.71634,-1.80712,0.0819601,6.73003,-3.1829,-3.23974,4.95045,0.826422,-1.23561,8.46351,7.87723,-9.53247,-3.35759,5.52072,8.97701,2.32875,2.91007,-2.3846,-8.92864,9.77651,-6.3365,9.85082,8.447,0.15022,-0.108535,4.35511,1.91645,2.45401,2.79975,1.15138
-3.55453,0.358052,2.17541,-2.25743,-4.18467,0.194799,-2.6973,-3.62484,6.71446,2.75964,-7.97913,3.00805,-9.48356,-5.6039,0.807169,-9.80351,3.37252,3.07134,-3.78403,-3.81368,-2.15616,3.8154,-1.09905,-3.56629,4.8887,0.134282,-9.0559,-6.56945,-1.33847,-3.9098,7.80177,0.666701,9.80611,8.38145,-8.19752,-1.34875,7.15656,-6.43534,1.73042,-8.14354,-3.09094,-6.56603,-8.65837,-7.1064,5.02635,-4.52534,6.65664,-3.16296,-3.5695,0.0318842,8.61437,-5.86292,-1.66556,8.67725,-7.76234,-5.84225,-1.33282,-6.68987,-3.08659,1.02216,-7.43606,-2.73905,-0.0791017,-2.35112,9.1363,-7.76934,0.544781,0.591824,0.121703,-7.78502,2.5021,2.15784,4.07632,-7.81533,-0.622581,1.55389,2.51071,-8.8304,-4.86869,6.4427,-2.80989,7.69954,-8.75074,-8.46782,6.23769,6.53083,9.23139,-1.16417,2.19463,-6.54658,-3.26797,7.13467
7.08735,-6.42651,-5.16791,-6.834,-8.28237,-4.00408,2.23102,-8.16425,2.75964,-1.30537,2.80246,2.99256,6.16726,2.28774,8.26465,-3.37365,-4.9923,-4.51603,2.91405,-6.45014,4.5202,7.58059,-5.23146,-8.21388,4.35368,7.08775,-2.08147,1.21538,0.214176,-4.54035,-8.94269,-3.49818,-4.07441,-5.97043,9.68037,1.92615,2.70451,-0.513291,4.46037,-6.86995,-4.17189,-4.19253,-4.17954,-4.24545,-1.28731,6.13472,-2.81941,-7.06318,-5.94156,-0.594168,-0.110852,9.39013,-1.75873,0.434735,-0.801277,4.61495,-3.55345,2.29027,7.81481,9.14295,-3.04531,3.89585,4.88039,-2.69674,-6.56186,3.87654,-1.21958,-4.79869,1.94398,7.92895,3.74437,-9.13167,-8.75074,-4.88384,-4.14445,3.13367,3.08932,-8.78004,-1.31591,-8.91226,8.78139,6.63855,-2.67366,-1.85208,5.67507,-7.60254,9.96079,4.78551,6.67221,-2.69427,3.7695,1.41739
-2.52045,-3.91775,-2.65893,-1.57307,3.66861,-6.03204,7.17964,-5.61074,-7.97913,2.80246,-3.62581,7.99177,4.85491,9.16594,-4.32507,7.96535,-4.12334,5.10479,-2.47582,-5.53181,-4.7969,-1.71491,4.63854,-9.57892,9.5135,8.35509,4.25171,7.8133,-1.31649,-1.95219,8.76513,-4.37219,8.68701,2.55536,-2.29895,-4.68235,6.69447,7.92323,9.90769,2.46605,-6.76051,-7.86617,-6.6714,7.94252,-4.78455,2.47367,-5.45595,-4.52347,-9.98532,-0.57056,-9.77903,-8.49096,-7.26205,5.38827,-0.38069,-7.11989,-6.75981,3.83883,9.23438,8.48271,7.79162,1.39056,8.59755,5.68767,3.14,7.05198,-8.76704,-3.93099,6.10161,2.31273,7.31379,-2.1957,0.602438,-6.96299,9.49275,1.16561,-0.240394,-5.68865,3.57689,-1.30817,-6.99894,9.98733,-4.19719,-3.1483,-2.76582,-9.68712,3.59242,-3.20817,-7.57293,7.96511,-5.88508,2.62586
5.97803,1.02307,-0.785956,4.26834,7.57849,3.98622,8.14447,7.7954,3.00805,2.99256,7.99177,5.67634,0.677148,3.93731,4.62037,8.16127,3.35396,6.3317,3.14882,-8.29849,-1.053,-5.35369,5.04386,-9.50112,-4.83714,6.1074,7.23574,-1.60469,1.22033,-8.73966,-8.43508,8.23443,1.79044,2.27732,-0.258739,7.86824,-6.04268,-4.5367,9.16191,-2.31264,-7.66333,3.92116,0.955258,2.12663,-5.19973,-1.13779,-8.73902,-0.953075,4.48886,0.263445,-1.78937,7.29724,5.89726,-2.27012,4.81274,9.87007,6.1235,9.50663,-4.99234,-6.0432,9.50014,4.75551,-5.71155,4.28956,-4.77931,-6.98084,-4.82515,-8.76966,-0.41727,-7.7184,1.89679,-1.77971,3.44637,3.9757,9.54121,0.863228,8.16666,-3.31734,-1.99683,2.81766,-8.42476,-4.56146,-8.70871,0.529873,-3.2978,-7.96333,4.5284,-4.5926,5.92536,5.24446,2.17619,1.49014
-2.84053,-4.76465,5.16188,-1.65702,9.52025,-2.07469,-0.454776,4.15115,-9.48356,6.16726,4.85491,0.677148,4.53222,-1.49114,3.44992,-4.05524,0.513717,-0.591681,-1.19621,-5.91111,2.92461,8.84557,-9.90232,-4.56089,8.26575,-1.22194,9.74972,6.73171,-0.534001,9.75418,-0.759746,9.00651,2.11059,9.74276,-7.43486,8.20295,-4.38114,5.59682,8.87325,0.293991,5.7759,-3.09539,-3.24939,3.02996,-2.09651,0.295963,-8.64268,-9.48039,8.9182,7.64943,9.42165,6.22362,-3.63262,-9.17222,5.2667,8.87766,2.581,3.45695,1.15758,-3.34821,-8.66064,8.94855,-6.3207,-7.65476,-6.69941,3.12876,-7.49365,-0.425631,3.43405,-6.11966,-9.11708,-6.24301,1.59439,-6.75694,3.16101,2.21648,-0.0937349,6.61446,-6.28624,0.469516,-5.90852,-8.51039,7.1709,4.9629,-2.70324,5.98266,-0.0700099,-4.47612,0.638272,7.75231,-1.29255,4.69871
-1.80951,-7.28576,-9.57695,-4.06076,-0.557432,5.11983,-7.82676,-3.21462,-5.6039,2.28774,9.16594,3.93731,-1.49114,-7.94783,-4.7263,5.2496,-9.12107,-4.27349,-6.19412,0.445955,7.76692,-4.07465,0.352159,0.378515,-2.20647,-2.91986,-0.123167,2.7882,2.50592,2.11041,-8.04013,7.66416,-2.35607,-5.63308,1.42358,-0.317917,-8.75007,5.96146,-7.71108,-0.272808,-7.95776,9.52176,-2.1068,-3.72685,0.377762,-0.134872,0.982472,-0.813961,-9.92527,-9.78103,-6.87005,-9.13503,-7.33248,9.08987,2.23818,-5.55938,8.69908,1.31191,-2.39123,-2.75169,3.19218,-7.37881,2.08378,-3.27295,-6.28561,-0.338984,-4.57223,-5.29424,-7.28339,1.9325,8.97677,-5.88789,-7.35075,-1.66913,-6.47103,-1.49074,9.29416,-0.843617,-1.18435,9.33597,-3.28082,5.69148,-6.15082,9.95085,-1.00411,-6.21618,3.7597,-8.10681,9.49256,-2.2717,-1.60998,9.4974
7.40404,-9.46844,-5.27589,7.43595,-2.11269,0.0150853,-9.34885,8.59341,0.807169,8.26465,-4.32507,4.62037,3.44992,-4.7263,8.54161,6.66008,-3.14876,-6.40052,-5.73383,9.8594,7.22417,9.81533,-8.11806,0.283123,9.73418,0.434934,3.46977,-3.55541,-7.47816,-7.41842,-2.66492,-7.14359,6.59132,-7.47891,-8.37606,-9.20212,4.7035,1.0543,6.76067,-8.88348,4.85594,-2.43502,-8.46635,-6.36993,3.86886,-7.84118,-2.8938,-3.56846,-5.77911,5.05891,-9.22506,-4.21993,-0.853674,8.73925,4.84527,-0.303899,-3.49694,4.85643,1.92416,8.61896,8.7242,-0.661379,-2.73356,-1.4911,-8.27337,7.50556,-9.67763,-2.37792,-3.21067,-3.71099,-8.09486,-0.33446,-3.13149,9.74173,7.89513,-8.30649,1.63602,-6.44584,-8.44077,-1.06843,-3.3197,6.39626,-1.58976,9.28769,9.60431,9.81536,-5.97645,1.83792,-1.69164,2.88366,1.97073,7.0926
-1.15489,7.14349,7.6706,1.35647,5.55527,3.48681,-6.24515,-6.52301,-9.80351,-3.37365,7.96535,8.16127,-4.05524,5.2496,6.66008,8.96718,1.34188,-9.3241,-4.30833,5.74289,6.25786,2.60344,-7.45539,8.89746,-6.07279,-6.50791,-0.8079,-1.39795,6.60922,2.39827,6.30376,-2.49476,-1.9852,1.87028,1.35583,-1.82489,-0.2575,8.68659,3.87177,-6.31499,-6.75937,2.75018,3.56766,-5.55981,-5.77194,2.13511,3.35498,4.49619,-7.99915,0.214152,0.991196,4.69166,7.38842,0.71167,-3.49298,3.15499,2.95465,-0.623494,2.67022,6.05716,4.00415,-1.30427,3.34273,2.95091,6.62776,-4.8634,4.11547,-3.1075,-7.28233,4.62653,9.46882,0.311562,-8.26522,-2.83714,9.24894,-3.3046,3.30671,-4.66144,7.2429,-5.24115,5.54178,-5.07371,-3.01737,4.29368,-9.56687,4.2028,4.57017,-0.617675,-2.41688,-9.55322,6.22823,-9.59832
-8.85637,0.955507,2.97255,-9.51183,-6.60374,-9.16366,0.885598,6.75406,3.37252,-4.9923,-4.12334,3.35396,0.513717,-9.12107,-3.14876,1.34188,-1.77075,-7.11064,-3.17315,-7.01062,7.86741,7.75119,8.24183,5.90902,-4.89818,4.26618,-9.89134,3.4083,-6.41741,8.27842,-1.68251,-3.57598,-1.32184,-9.19732,3.80649,8.48646,6.8415,-6.90423,-1.34311,0.614319,-4.96856,-8.65277,2.74158,-7.72899,7.01953,0.295036,-1.25436,2.59431,7.17602,-3.90079,9.34729,5.084,-3.33699,0.80654,3.32795,-9.51644,6.64456,-9.71011,-3.65685,-9.98789,9.56453,-8.93858,7.76115,-6.23427,9.57805,-7.85322,5.0789,8.72033,-3.51749,-0.0673902,-9.21742,0.494829,-5.59511,-1.77828,-3.88993,0.424516,8.32499,4.3109,2.67631,4.13826,-1.88564,-2.10165,-6.72536,-1.7971,9.1338,6.76064,-3.99401,4.83045,6.91601,8.00925,-3.65995,-4.61353
1.64454,-5.06467,-4.43415,-1.32102,1.62197,-2.71964,2.39055,-3.40029,3.07134,-4.51603,5.10479,6.3317,-0.591681,-4.27349,-6.40052,-9.3241,-7.11064,-5.65947,3.45684,8.10257,-8.30326,-4.44811,7.72434,8.29797,-4.13998,3.86526,0.592984,-6.89995,8.90562,-1.33204,6.99802,-8.57388,3.44932,5.92905,1.88925,-0.607794,2.14395,-2.33254,9.65913,0.246126,-0.820574,-9.84125,3.72486,-2.45569,-6.1415,3.26236,-0.740935,1.10438,-0.692413,5.65199,7.45516,-7.35825,5.56021,2.04791,1.03713,7.35606,-0.0887759,1.69938,-9.732,5.47995,-0.409398,-3.02152,-9.28571,-2.78165,-6.98792,2.52588,-2.65554,-5.20983,-7.48468,8.51849,5.42851,-6.21461,2.13565,7.91812,2.78738,-1.56457,-4.90965,-8.79665,-7.15496,-5.02317,3.11477,6.69423,-1.82503,-7.73254,-9.84648,1.32564,-2.61136,4.01423,-8.21548,5.98697,-9.9603,2.83373
8.56758,0.471805,-1.12494,-6.77224,-1.84876,-8.96064,6.60443,2.27436,-3.78403,2.91405,-2.47582,3.14882,-1.19621,-6.19412,-5.73383,-4.30833,-3.17315,3.45684,-5.53526,7.672,-5.93485,1.70954,8.37454,2.09977,-1.50709,-0.58528,3.5449,-0.144211,-6.54196,6.05949,8.26871,-3.01581,-8.36628,-3.00056,-5.15529,-9.58692,0.187843,2.43908,1.77968,-6.26104,4.33439,-6.34843,0.683252,9.15249,-0.960584,3.28155,1.8,-9.31905,-1.62292,2.61992,-3.6301,0.291885,3.82153,8.28306,-7.29125,6.61979,1.65218,-3.8401,4.54084,0.849385,-1.92474,-0.839499,9.95563,1.57482,-3.51777,1.53201,-5.00498,6.15744,5.44287,-5.31516,-6.17676,-6.27002,3.11759,7.81983,-6.73964,7.37629,6.40375,3.23783,0.255427,7.85408,0.184346,4.67325,-2.58388,-7.75427,-3.44676,8.12047,-5.79753,5.02044,3.74019,-9.78754,6.45195,-2.71323
-0.240354,-4.9672,3.92476,3.75004,5.49375,-7.56423,5.18295,6.4289,-3.81368,-6.45014,-5.53181,-8.29849,-5.91111,0.445955,9.8594,5.74289,-7.01062,8.10257,7.672,-4.47606,2.59626,0.317444,-6.00615,-9.94041,-6.15397,-2.54094,8.42528,-7.07454,-7.7598,-0.291077,-8.19591,6.8985,-5.68011,1.05358,2.63695,-5.21958,5.46773,8.71671,-2.67676,-2.64556,-7.96512,1.50217,9.9838,3.7045,7.67255,-7.91929,7.94039,-7.59987,2.65003,-3.67482,-9.10148,6.04046,-3.89089,2.65744,-7.31214,-4.06876,-5.45189,-9.26837,-9.57472,-7.68518,2.72437,-0.135758,-2.44384,8.42861,-2.46348,-6.85764,1.6796,3.65675,-5.9232,-0.000560759,-5.68506,4.54424,-9.62163,-8.55455,3.22076,-8.68239,6.85559,4.25649,5.35499,1.20283,7.60887,-9.3352,4.97388,-3.23661,-8.69735,2.33189,-5.02602,-5.04024,-9.88772,1.52189,-8.03513,1.09448
3.79475,0.948471,-0.215659,7.7825,-5.84944,4.43153,4.46896,4.10224,-2.15616,4.5202,-4.7969,-1.053,2.92461,7.76692,7.22417,6.25786,7.86741,-8.30326,-5.93485,2.59626,0.847698,-8.95275,-7.81667,-8.85003,-5.53683,-7.77216,-2.73843,4.48414,2.38765,2.3676,-2.31587,1.63646,7.87258,6.13146,-6.01751,0.344109,5.55097,-1.4722,-7.93828,-2.78317,-9.3002,-1.49218,-4.61937,1.49247,4.06057,7.56597,-1.58122,1.55984,-9.38144,4.87534,-0.897913,-4.37306,4.40733,-6.23987,2.40653,-4.14862,2.14458,8.07216,-0.638738,8.55829,4.63681,-8.40432,0.586261,-6.96893,-4.61665,-5.22574,-8.54049,-3.46815,3.56343,-9.90602,-9.03255,3.4679,-2.81357,3.84549,-7.23631,-4.98215,0.913379,7.60345,4.77975,5.61176,6.87453,-2.67664,-6.27428,2.07085,-4.56333,-9.75494,2.02364,-3.38333,8.56102,3.47427,0.482743,-7.51651
-1.50098,-5.50023,0.930966,-4.21424,2.50853,1.09592,-5.49672,8.74042,3.8154,7.58059,-1.71491,-5.35369,8.84557,-4.07465,9.81533,2.60344,7.75119,-4.44811,1.70954,0.317444,-8.95275,5.66227,4.98689,4.31002,8.43857,8.3889,-6.82826,-7.59768,5.4372,5.27882,6.01875,3.38189,4.84147,1.15044,0.058802,6.25064,8.69159,-5.87231,-5.66075,-0.234999,6.03881,3.20011,-8.42945,-1.26052,-6.14223,-9.39112,-2.13856,-7.00468,3.84908,-0.510806,-6.84607,-3.17063,-0.413537,7.57628,4.87536,4.11541,-2.76183,-1.21054,-9.74939,7.743,-9.50281,8.73916,9.1243,3.69662,5.36669,-0.0331744,-3.76281,9.56887,-9.26751,3.00734,1.63227,4.83641,5.7748,6.689,-5.44674,-4.06799,1.7073,4.67677,7.477,-6.40389,-3.10235,6.09081,-0.191684,9.03126,1.42455,4.32472,8.62501,-6.04984,-3.35187,7.75701,3.83203,9.18193
9.23516,8.57526,8.96963,-8.05458,3.31003,0.849898,2.09586,9.47602,-1.09905,-5.23146,4.63854,5.04386,-9.90232,0.352159,-8.11806,-7.45539,8.24183,7.72434,8.37454,-6.00615,-7.81667,4.98689,4.91549,1.94546,0.0059521,-4.85502,-7.71095,3.69509,1.69742,7.48139,0.867888,-4.75198,-8.59053,-3.45441,8.90642,-7.72688,7.96261,6.40945,-3.12871,0.200736,-7.03135,-2.88191,2.36845,1.35945,6.69835,2.2239,1.29489,6.21565,-1.81473,-6.91599,2.9062,9.91858,8.89293,-8.18076,-3.4569,0.321837,2.54291,5.02689,6.73411,-1.58283,-9.07306,7.05403,1.32307,6.55726,-9.88873,-5.11131,3.18695,4.0154,-7.09327,1.93651,6.332,-3.023,-2.03363,8.5457,4.77684,-0.469042,-7.73767,4.59329,-9.09615,-7.00638,-9.25473,8.49658,-9.00864,7.05323,7.72357,-1.11772,-5.45738,8.49922,-6.67555,-9.76395,5.97068,5.05666
-0.329945,0.210685,4.76069,-7.93768,-7.31676,0.76164,-7.79794,-1.18002,-3.56629,-8.21388,-9.57892,-9.50112,-4.56089,0.378515,0.283123,8.89746,5.90902,8.29797,2.09977,-9.94041,-8.85003,4.31002,1.94546,-0.269493,-9.28479,1.0973,9.94852,-6.18051,3.98187,-0.41573,-8.34552,-0.382343,6.2816,2.55587,-4.8471,-9.88311,-8.54806,-3.74359,3.59603,2.48324,7.16275,8.43048,5.64552,6.47357,2.72986,1.65313,-7.00538,-6.43401,4.46831,5.47843,-0.268733,-5.81917,-8.91261,-9.02386,-1.51678,-3.50339,9.95464,-5.06025,-7.84202,-2.39323,8.01373,-8.66246,3.80858,3.71456,5.36381,-9.97102,-8.91605,0.957148,-1.867,-7.30029,9.7072,-9.45646,3.43921,-0.588921,5.26613,-0.992952,4.34119,0.082043,1.35509,4.07764,-3.12814,-3.42859,-1.31721,-0.697211,7.44973,-1.7285,-2.98954,7.63134,4.30643,-7.23876,9.94743,-9.32722
7.91843,-1.71943,-8.29125,-9.99119,-9.39526,5.01727,-0.896494,-8.34926,4.8887,4.35368,9.5135,-4.83714,8.26575,-2.20647,9.73418,-6.07279,-4.89818,-4.13998,-1.50709,-6.15397,-5.53683,8.43857,0.0059521,-9.28479,3.43863,2.91026,1.43031,1.09391,-4.75867,4.61981,-9.10897,-2.1099,7.4369,7.99271,-5.46323,-3.15404,6.65047,8.67239,-0.55207,-5.78061,-1.74446,-2.98727,2.24396,6.96772,-1.13888,-1.09875,-2.84461,-6.15978,7.42658,-1.69388,4.18897,-3.18186,-9.34953,-6.06984,4.03024,-3.24191,-8.86882,-3.70167,-9.63227,-0.0227529,7.02791,7.71001,-8.25768,3.95361,9.19277,7.44771,0.609741,1.75915,1.35478,-2.40959,5.89862,8.95124,-6.36628,-8.99745,7.48138,0.150225,-8.64921,-0.43248,-9.57659,9.4623,8.74693,1.32494,-5.07084,-5.23139,-9.30392,0.0462271,4.27261,-4.07334,-3.70049,3.24014,-4.9981,-5.5059
-9.56643,-1.67635,-4.75774,-0.988421,-5.82466,0.489299,-5.77264,2.14499,0.134282,7.08775,8.35509,6.1074,-1.22194,-2.91986,0.434934,-6.50791,4.26618,3.86526,-0.58528,-2.54094,-7.77216,8.3889,-4.85502,1.0973,2.91026,8.26385,-9.17175,1.01049,-0.135886,6.05532,-8.94186,3.36026,-5.7641,7.62296,-5.33015,6.43458,6.66632,7.77857,6.78846,3.02371,-4.05591,-4.64272,4.96663,8.06904,-1.61989,-5.93059,-0.649751,-1.53699,8.92638,-3.26592,-1.7278,3.2713,-3.49637,4.80812,-3.75103,3.5407,7.19056,3.56595,6.02409,-6.7614,3.37401,2.57004,-0.896519,2.26327,8.20532,0.938074,6.77365,9.48997,-3.98079,-6.60997,0.184771,-6.01382,-8.9503,-5.80961,-5.18659,-0.647079,1.82372,4.16918,5.88639,5.86616,6.80421,-0.75977,8.94375,-2.31438,8.482,4.04479,9.5923,5.71382,-9.61962,6.04943,0.907045,3.96518
2.34505,-9.20294,2.2788,8.88721,8.37755,-1.15119,-2.37312,-8.95512,-9.0559,-2.08147,4.25171,7.23574,9.74972,-0.123167,3.46977,-0.8079,-9.89134,0.592984,3.5449,8.42528,-2.73843,-6.82826,-7.71095,9.94852,1.43031,-9.17175,-4.33467,-0.51149,3.29996,-4.69225,-7.45696,-2.09849,6.1892,-6.5131,9.60123,6.83446,8.36763,9.44195,-8.01973,1.16213,0.851666,1.91928,2.53619,4.89727,-6.64168,-9.11865,9.22896,0.279209,8.21659,4.18117,6.91532,9.09805,-3.36828,2.85663,-2.51887,1.9239,9.2231,2.40628,-5.98731,1.0683,0.946794,9.44935,-6.91262,-3.22578,-8.61298,9.17521,2.09816,-2.41742,-2.60045,-4.74856,8.46151,3.80394,3.50545,-7.45084,1.51431e-05,-5.24804,-7.69371,-0.218313,-9.877,-3.40681,-0.820401,-6.01228,0.752428,-2.91395,8.11395,-0.0625901,-1.44778,-0.994662,-7.23804,-9.32018,1.29076,5.16989
6.38654,-8.77777,-6.94422,-9.11631,6.20277,-0.548536,-3.8851,4.292,-6.56945,1.21538,7.8133,-1.60469,6.73171,2.7882,-3.55541,-1.39795,3.4083,-6.89995,-0.144211,-7.07454,4.48414,-7.59768,3.69509,-6.18051,1.09391,1.01049,-0.51149,9.88596,-6.93911,5.08713,-1.22172,5.37679,-8.68983,2.06542,-9.22296,-2.36081,9.07894,-7.7006,-9.26815,-8.82333,-3.72364,-8.75388,-8.20882,9.16371,5.29838,-5.41531,3.47211,8.92451,5.61726,-9.34353,5.18645,-0.367366,-7.7575,7.05189,1.85425,8.2469,-3.0288,6.81377,-7.60501,2.06198,-2.52959,1.77015,9.94474,-8.67355,-6.47118,0.0240328,3.04338,-8.47674,-5.42626,3.02677,1.90826,6.70846,-2.66814,-4.74029,0.0357428,-2.35503,-0.571544,-4.13796,-6.06292,-7.70931,4.61754,-9.57385,5.54703,-1.62575,7.75814,-1.32971,-7.83801,3.59012,6.41569,2.84584,6.73923,-4.95912
-0.390799,3.50575,-2.58491,9.95236,-9.38263,4.39667,4.16925,-8.54856,-1.33847,0.214176,-1.31649,1.22033,-0.534001,2.50592,-7.47816,6.60922,-6.41741,8.90562,-6.54196,-7.7598,2.38765,5.4372,1.69742,3.98187,-4.75867,-0.135886,3.29996,-6.93911,-1.99663,3.10573,1.06303,-4.76004,2.98267,3.18981,-3.03941,-8.6679,-4.2084,3.11727,-2.64451,-0.0856941,5.91263,5.07052,1.70371,0.104543,9.06723,-7.19044,3.00075,-4.63588,8.77039,2.97773,9.86778,-2.21012,4.4011,-8.68422,-0.852174,5.86373,6.91772,6.03291,1.26331,2.34309,-9.5743,0.142702,4.36271,5.27257,-7.17634,-8.68792,1.17425,3.49512,-8.18616,-5.70371,-1.11182,-4.0265,2.37461,-0.651344,-1.82338,-7.40677,1.43767,-7.42667,-2.05202,0.348695,-1.49945,-3.74826,-7.33124,0.808516,-5.65818,6.89195,4.53848,-9.47235,7.03649,3.7254,-8.92652,-1.82398
-9.30974,-9.66575,-6.64548,9.28591,7.222,-4.59145,-4.66191,8.79313,-3.9098,-4.54035,-1.95219,-8.73966,9.75418,2.11041,-7.41842,2.39827,8.27842,-1.33204,6.05949,-0.291077,2.3676,5.27882,7.48139,-0.41573,4.61981,6.05532,-4.69225,5.08713,3.10573,7.45167,8.46788,0.991506,-6.80145,-7.1027,-9.5485,4.10207,-5.20006,-1.31577,-8.37291,-6.6597,-5.60696,-1.31452,6.71096,0.670978,3.6782,5.43555,7.16932,-8.91387,-1.86785,-1.07796,-5.59167,-9.90651,7.544,0.817845,4.57514,-6.09695,-4.01919,4.5771,-6.29531,0.313852,-1.88409,6.10178,6.92033,4.11305,6.14807,4.62355,-6.20282,-4.87878,6.66679,-4.21988,-8.08688,5.1678,5.34018,-8.7244,-1.86346,-0.714376,3.38524,-5.99204,0.632196,1.28581,-3.6315,-3.78168,-2.65409,0.708368,-1.90172,8.98446,-9.49313,8.03203,-0.509695,4.23698,4.39825,-1.71429
3.09065,-9.25149,5.47933,2.60434,1.49382,5.40159,-1.99442,-0.655249,7.80177,-8.94269,8.76513,-8.43508,-0.759746,-8.04013,-2.66492,6.30376,-1.68251,6.99802,8.26871,-8.19591,-2.31587,6.01875,0.867888,-8.34552,-9.10897,-8.94186,-7.45696,-1.22172,1.06303,8.46788,6.54295,2.05796,1.89278,8.60205,8.62107,0.00829396,9.02638,9.85226,-9.68811,-2.19557,1.39554,-7.88386,0.873382,1.49085,-1.37459,9.06706,9.49303,-4.84377,5.79634,0.0833232,-1.58558,-7.6415,-4.39901,-6.56588,-3.25645,1.99066,1.44023,3.69345,-3.03916,1.36879,1.19473,1.8923,-9.14228,-4.18097,-7.17498,8.53081,-2.87802,9.35774,-8.03092,6.10401,0.280863,-4.6134,1.3725,4.43539,-1.57773,2.92017,5.87209,-1.67195,-8.93883,4.29209,-4.65513,2.72951,-6.59527,1.96933,-7.13293,-4.11019,8.02619,-6.62059,-7.6757,-3.75927,-3.90254,-3.18129
-2.75396,8.77165,0.702382,9.46913,6.03508,1.13301,8.52685,4.73347,0.666701,-3.49818,-4.37219,8.23443,9.00651,7.66416,-7.14359,-2.49476,-3.57598,-8.57388,-3.01581,6.8985,1.63646,3.38189,-4.75198,-0.382343,-2.1099,3.36026,-2.09849,5.37679,-4.76004,0.991506,2.05796,-7.24167,9.12095,-1.91683,4.69217,-7.75773,2.20032,7.90625,-8.33789,-0.120038,0.310977,1.52885,-2.6249,9.6226,8.69203,-7.19441,2.80776,-4.59871,-9.74046,-9.68444,8.86935,1.54629,-6.57946,-2.99059,9.42958,5.70619,-9.08538,-8.64707,-4.87907,-0.496742,2.85813,0.817405,-1.38681,5.17251,7.79533,-1.3021,-7.63938,3.8312,5.68867,6.12509,-1.237,-8.15176,7.54296,-9.51956,7.53746,-1.27321,3.32912,-8.07194,-0.655145,7.5662,-7.03435,8.12063,-6.99771,2.65829,6.24437,-9.26872,9.04343,5.31034,9.35356,8.57744,8.78036,-6.89712
6.28287,-8.43638,-5.80577,5.00575,6.62764,-6.07,6.85741,8.56062,9.80611,-4.07441,8.68701,1.79044,2.11059,-2.35607,6.59132,-1.9852,-1.32184,3.44932,-8.36628,-5.68011,7.87258,4.84147,-8.59053,6.2816,7.4369,-5.7641,6.1892,-8.68983,2.98267,-6.80145,1.89278,9.12095,0.337613,4.99601,7.64916,-0.62072,8.95473,-0.040479,5.59957,-7.2351,3.49488,-5.92992,6.89824,9.5993,-2.04794,5.01924,2.55673,1.90686,1.06968,7.90623,-5.1299,-7.22018,-8.11239,9.07492,6.80781,-5.10059,8.85541,8.34976,3.08439,-3.75417,3.31093,-0.532673,0.862111,-0.613653,-7.87896,6.7095,8.4969,9.84929,0.0786623,-6.3578,-0.836814,-3.48358,-9.67229,-3.44449,8.87794,-2.04502,9.54372,-7.40661,-7.65178,-0.492025,2.64207,3.01586,-1.11559,7.44172,0.0233387,6.30935,0.208475,-3.27806,-5.64526,2.51525,1.20174,-6.16819
7.03689,-6.99998,-9.77008,-9.16718,-2.61844,7.36332,8.21851,-0.121879,8.38145,-5.97043,2.55536,2.27732,9.74276,-5.63308,-7.47891,1.87028,-9.19732,5.92905,-3.00056,1.05358,6.13146,1.15044,-3.45441,2.55587,7.99271,7.62296,-6.5131,2.06542,3.18981,-7.1027,8.60205,-1.91683,4.99601,5.07894,-0.761557,-5.96454,9.05696,-4.13959,1.35466,0.257173,-6.09509,1.49124,-9.83875,2.11181,-8.1372,-5.93948,3.29059,3.18372,-2.1205,-2.19476,6.26285,-2.77553,-7.39047,1.79552,-9.50059,-0.38262,-9.9444,-0.364965,3.82124,4.15023,2.08622,-7.30594,-9.34959,6.76692,-8.60163,9.31909,8.86826,-0.0708811,-0.875029,5.01969,9.44679,3.19069,-0.403142,0.319366,4.18626,-1.17934,7.56218,-3.89724,1.02912,3.841,-9.79561,-8.82663,-0.921489,-8.5522,-3.32675,-2.41914,7.35874,-9.70685,2.01029,0.362251,0.0992357,-5.0676
-1.87352,6.2139,-0.713834,4.86375,-8.66622,-8.24899,-9.18619,5.5013,-8.19752,9.68037,-2.29895,-0.258739,-7.43486,1.42358,-8.37606,1.35583,3.80649,1.88925,-5.15529,2.63695,-6.01751,0.058802,8.90642,-4.8471,-5.46323,-5.33015,9.60123,-9.22296,-3.03941,-9.5485,8.62107,4.69217,7.64916,-0.761557,-9.74598,-6.25044,-3.9286,6.76428,1.98812,-2.40847,6.44697,-7.9861,-6.52248,7.51056,7.16794,-1.23397,2.78142,2.96751,-7.78939,-9.10975,-9.40391,3.08409,9.17706,-5.99258,1.51505,4.03226,7.97303,-8.42054,5.28024,7.09809,5.71578,-6.69143,9.40256,-7.29975,9.58562,0.0756557,-3.84971,0.919796,2.0446,9.9716,9.69269,6.59538,8.26751,5.09588,-9.08913,3.93662,-6.61975,4.82068,8.52271,7.53722,0.298484,-5.48657,9.1278,1.10673,-0.227391,2.85419,-2.1527,-8.83946,1.43055,2.09429,-1.6043,6.84408
-9.69967,7.70272,-9.46562,3.18345,9.31783,-8.57183,4.1344,0.260612,-1.34875,1.92615,-4.68235,7.86824,8.20295,-0.317917,-9.20212,-1.82489,8.48646,-0.607794,-9.58692,-5.21958,0.344109,6.25064,-7.72688,-9.88311,-3.15404,6.43458,6.83446,-2.36081,-8.6679,4.10207,0.00829396,-7.75773,-0.62072,-5.96454,-6.25044,3.81516,-4.5793,-6.36478,6.50456,-0.264238,2.00534,-2.79408,-2.77243,-8.01999,-4.95063,-7.85329,-1.47753,4.53144,6.42234,7.08574,-7.28503,5.89045,-6.81039,-9.41296,4.9135,-8.17503,-1.9818,6.80928,-6.88963,5.27134,-4.04526,-2.09075,7.04548,3.1275,7.73886,4.03968,0.0403679,7.49747,5.78491,5.86294,6.25236,-1.72785,7.03908,-8.45902,3.36169,-5.09459,-6.15021,-9.60641,-9.05381,-4.62288,1.87302,6.42633,-6.21732,7.78298,-2.4847,6.77968,2.15381,-5.35554,0.611026,3.97921,-7.74156,2.0915
-9.10776,-9.99477,-0.432351,-8.16342,-7.77418,-8.47341,-8.3822,-9.48962,7.15656,2.70451,6.69447,-6.04268,-4.38114,-8.75007,4.7035,-0.2575,6.8415,2.14395,0.187843,5.46773,5.55097,8.69159,7.96261,-8.54806,6.65047,6.66632,8.36763,9.07894,-4.2084,-5.20006,9.02638,2.20032,8.95473,9.05696,-3.9286,-4.5793,-7.25649,4.05812,5.60803,6.10394,-3.55087,1.31107,3.8753,5.52136,-7.41331,0.542235,-3.03923,3.41461,-8.46565,4.36783,-5.19539,2.53797,0.951935,9.15801,-6.74139,8.71872,-2.53228,-2.75912,-6.43365,5.15279,6.27423,0.257294,5.17535,-4.53563,3.43067,2.56239,-3.31348,-1.3281,-3.68776,-9.21057,5.90661,-7.83769,2.50528,0.585203,-3.6131,-2.94904,8.49891,2.56827,-3.21291,0.866391,1.91169,9.29896,1.61601,-6.72667,8.75024,6.40116,9.37649,-6.6394,2.48126,-9.56163,-5.48694,-4.4479
-7.10584,6.41701,-9.9323,0.590405,-8.6017,8.17985,0.206621,8.98551,-6.43534,-0.513291,7.92323,-4.5367,5.59682,5.96146,1.0543,8.68659,-6.90423,-2.33254,2.43908,8.71671,-1.4722,-5.87231,6.40945,-3.74359,8.67239,7.77857,9.44195,-7.7006,3.11727,-1.31577,9.85226,7.90625,-0.040479,-4.13959,6.76428,-6.36478,4.05812,-7.07011,6.33164,3.89191,-6.59975,-2.77029,5.62341,3.85198,-7.23398,4.78776,-6.87778,7.3072,5.4297,9.75413,7.84926,-6.89464,-5.34233,-8.01121,3.2951,4.20444,1.06856,7.86909,9.1594,-6.02228,-5.25929,-0.206693,-9.15643,-9.98443,-2.59038,2.87543,-1.84663,1.84766,9.09586,2.63139,4.04756,-1.02076,-5.37403,-7.39505,2.98025,3.48334,2.89088,4.52765,-9.99017,-4.63864,-6.37114,-2.11113,3.53966,-5.66164,-3.25852,-4.04444,4.48017,-5.98531,-7.57118,-5.5961,9.87769,0.826593
3.79752,-9.8649,-6.67509,1.02397,-5.38891,0.318527,-7.95648,-2.57951,1.73042,4.46037,9.90769,9.16191,8.87325,-7.71108,6.76067,3.87177,-1.34311,9.65913,1.77968,-2.67676,-7.93828,-5.66075,-3.12871,3.59603,-0.55207,6.78846,-8.01973,-9.26815,-2.64451,-8.37291,-9.68811,-8.33789,5.59957,1.35466,1.98812,6.50456,5.60803,6.33164,9.35827,7.13656,9.6233,-1.2474,4.35988,1.34672,5.7687,1.99737,2.72949,-6.78605,7.93063,-6.2564,-4.802,6.01916,-1.34145,-2.71075,-4.58737,-2.11876,-1.1623,7.48935,3.05577,-6.28682,4.01253,-2.31707,-1.02901,-2.8322,4.09563,6.80193,-4.44494,4.24422,-0.987427,0.757728,-0.303276,-5.88117,5.9779,6.5792,-9.40539,5.79552,0.81042,-9.58244,4.47413,5.61199,-2.04658,-5.56189,-7.09376,2.96742,-7.32201,0.899238,-9.63527,-4.35956,-8.92057,-2.61526,-7.80769,6.81537
-0.104206,7.0446,-1.98602,1.09665,0.445406,5.00519,-7.05491,8.99702,-8.14354,-6.86995,2.46605,-2.31264,0.293991,-0.272808,-8.88348,-6.31499,0.614319,0.246126,-6.26104,-2.64556,-2.78317,-0.234999,0.200736,2.48324,-5.78061,3.02371,1.16213,-8.82333,-0.0856941,-6.6597,-2.19557,-0.120038,-7.2351,0.257173,-2.40847,-0.264238,6.10394,3.89191,7.13656,5.60402,7.30379,5.68472,-6.72287,-9.94584,5.68702,5.52859,4.07202,7.60698,-9.07314,8.89709,9.05647,-7.45354,8.05521,7.83274,-4.56527,-2.34669,-5.32226,7.93874,8.86299,1.82177,3.76093,4.31836,-9.76567,5.31369,-1.92729,9.11807,-4.30819,5.00191,4.44601,-5.46512,-7.79276,-7.21661,5.47787,-4.067,9.79233,-3.32875,3.58429,-3.65475,5.32403,-8.77001,1.04067,-8.13501,-1.10421,-3.2881,3.04815,5.46587,7.50348,9.71746,1.37182,9.03388,-7.99851,-0.453113
7.40126,8.26781,7.63428,7.81211,8.74384,9.12742,-3.97236,-7.82721,-3.09094,-4.17189,-6.76051,-7.66333,5.7759,-7.95776,4.85594,-6.75937,-4.96856,-0.820574,4.33439,-7.96512,-9.3002,6.03881,-7.03135,7.16275,-1.74446,-4.05591,0.851666,-3.72364,5.91263,-5.60696,1.39554,0.310977,3.49488,-6.09509,6.44697,2.00534,-3.55087,-6.59975,9.6233,7.30379,1.73895,8.71509,7.51027,-8.53359,-4.9248,-0.023967,3.98401,-8.38998,2.0185,1.45255,3.35733,-9.76794,8.62305,-2.52477,-4.93314,-9.78817,-5.49557,5.38871,3.80424,-2.80114,8.3485,-0.774568,9.36355,-1.22574,4.31405,-9.65259,4.57194,2.63743,3.61885,-0.926705,5.65061,-9.06343,-4.6757,-0.764214,1.05061,-6.09643,-2.99562,8.61641,3.17334,8.79748,1.8177,6.11802,-3.11648,7.98821,1.09281,-0.529606,-4.02621,-8.47163,0.620277,0.330452,-8.47716,1.64111
0.0118926,-2.53298,-8.43909,1.65631,-0.45396,6.73285,-7.24584,8.9765,-6.56603,-4.19253,-7.86617,3.92116,-3.09539,9.52176,-2.43502,2.75018,-8.65277,-9.84125,-6.34843,1.50217,-1.49218,3.20011,-2.88191,8.43048,-2.98727,-4.64272,1.91928,-8.75388,5.07052,-1.31452,-7.88386,1.52885,-5.92992,1.49124,-7.9861,-2.79408,1.31107,-2.77029,-1.2474,5.68472,8.71509,3.35239,-8.39528,-3.86258,-1.31443,-6.09581,5.31872,-4.69487,0.543524,-3.16448,-8.99918,1.17095,3.75296,-7.3587,-4.47087,2.46614,0.144029,-2.43769,4.23552,2.2471,-3.07216,-6.63362,1.97641,6.56939,-2.99035,7.14747,1.29068,-1.76347,5.77634,-9.38059,-7.10747,1.33117,-8.65088,2.06122,-2.13661,-9.13707,-1.72057,6.71752,8.94787,0.47442,-1.00114,-3.89213,9.73978,7.91166,5.13305,2.21513,4.00018,3.3549,7.32546,-1.72648,4.08722,-2.48301
-9.05605,-1.73033,-6.27086,-6.14228,-1.59824,-6.47443,6.60689,5.97653,-8.65837,-4.17954,-6.6714,0.955258,-3.24939,-2.1068,-8.46635,3.56766,2.74158,3.72486,0.683252,9.9838,-4.61937,-8.42945,2.36845,5.64552,2.24396,4.96663,2.53619,-8.20882,1.70371,6.71096,0.873382,-2.6249,6.89824,-9.83875,-6.52248,-2.77243,3.8753,5.62341,4.35988,-6.72287,7.51027,-8.39528,3.42713,-7.6833,-9.52471,-7.91023,5.0695,7.30323,0.308011,9.29935,4.73904,7.03481,-3.78503,6.33801,7.53122,2.11416,8.42302,6.6341,-6.24811,0.177036,-2.20344,-7.9117,-1.193,-5.11677,-9.26786,-5.90541,2.87552,2.79979,-7.1458,-4.97945,-8.94902,9.782,-8.94858,1.51625,-6.20227,-1.16981,1.44615,0.955622,0.201262,-5.81062,-4.81082,-5.252,5.79632,-2.83595,-1.03091,-2.54793,-5.70699,4.4967,-7.06714,5.19405,-8.23411,3.90735
-6.35792,2.07002,-5.66412,3.04989,-3.53926,6.27564,-7.32739,-6.18565,-7.1064,-4.24545,7.94252,2.12663,3.02996,-3.72685,-6.36993,-5.55981,-7.72899,-2.45569,9.15249,3.7045,1.49247,-1.26052,1.35945,6.47357,6.96772,8.06904,4.89727,9.16371,0.104543,0.670978,1.49085,9.6226,9.5993,2.11181,7.51056,-8.01999,5.52136,3.85198,1.34672,-9.94584,-8.53359,-3.86258,-7.6833,0.993667,-8.50358,9.71628,6.72484,-5.86673,-7.23134,6.45882,0.198895,-7.96065,9.83761,7.59468,8.32276,4.73621,-1.98949,0.265329,9.57304,2.08287,-2.16205,-9.97411,7.62789,9.30098,-4.75496,6.16584,7.27478,-3.49418,-0.966356,1.6119,1.5025,6.90526,-4.03357,-5.12543,-7.80675,6.97338,-5.03839,6.38254,4.79585,-1.58225,-8.83151,2.24868,7.73834,-9.69049,9.01513,-2.06055,-4.73708,9.00811,-8.5207,-7.12647,6.61605,-5.25542
0.384276,-2.08996,-8.11295,-1.59655,6.95546,2.96976,-4.25105,-4.0018,5.02635,-1.28731,-4.78455,-5.19973,-2.09651,0.377762,3.86886,-5.77194,7.01953,-6.1415,-0.960584,7.67255,4.06057,-6.14223,6.69835,2.72986,-1.13888,-1.61989,-6.64168,5.29838,9.06723,3.6782,-1.37459,8.69203,-2.04794,-8.1372,7.16794,-4.95063,-7.41331,-7.23398,5.7687,5.68702,-4.9248,-1.31443,-9.52471,-8.50358,1.80275,1.00822,-0.774153,-7.48794,1.2209,7.18166,-1.71603,3.84615,7.53139,6.93645,-3.80465,-3.0539,0.525279,0.425947,8.58904,9.30303,-8.32331,-1.00818,-3.09678,2.58621,-2.61587,7.17513,-3.30724,8.64977,5.72228,-3.9339,8.97511,-2.84531,4.63159,-2.70185,8.95124,1.96047,-9.88028,1.38776,8.89481,-9.27983,-6.06283,8.87209,-0.959692,-1.01848,-5.20463,-3.42493,-4.44063,6.94202,-8.04152,0.664324,6.09818,1.56081
9.65754,4.75146,-0.356238,8.176,9.11111,-8.83211,8.89806,-9.80273,-4.52534,6.13472,2.47367,-1.13779,0.295963,-0.134872,-7.84118,2.13511,0.295036,3.26236,3.28155,-7.91929,7.56597,-9.39112,2.2239,1.65313,-1.09875,-5.93059,-9.11865,-5.41531,-7.19044,5.43555,9.06706,-7.19441,5.01924,-5.93948,-1.23397,-7.85329,0.542235,4.78776,1.99737,5.52859,-0.023967,-6.09581,-7.91023,9.71628,1.00822,1.04672,-5.60063,-9.27357,9.5772,-5.24783,-2.18021,-1.88687,-6.96652,3.47445,-9.93512,-5.27908,0.373559,1.26773,-0.952658,4.88269,1.61823,1.64082,8.50185,0.708333,1.4545,7.67674,-3.77196,-3.90489,6.61626,-2.90321,-8.32183,-2.89765,-2.48786,0.121203,-8.35134,-4.20431,9.26579,9.75992,-7.7651,2.25026,4.52936,-6.85104,-3.43051,8.20506,-3.97043,-4.57768,-7.32523,0.245898,0.639741,5.17373,-0.695008,9.64033
0.0141468,-9.03832,8.81402,-7.89247,-7.8471,9.1707,-9.59919,-6.77184,6.65664,-2.81941,-5.45595,-8.73902,-8.64268,0.982472,-2.8938,3.35498,-1.25436,-0.740935,1.8,7.94039,-1.58122,-2.13856,1.29489,-7.00538,-2.84461,-0.649751,9.22896,3.47211,3.00075,7.16932,9.49303,2.80776,2.55673,3.29059,2.78142,-1.47753,-3.03923,-6.87778,2.72949,4.07202,3.98401,5.31872,5.0695,6.72484,-0.774153,-5.60063,-0.622579,7.35147,-6.135,-3.12558,-8.61311,-4.76802,2.20183,-2.4661,-2.72125,9.29351,5.82043,1.85234,-9.92375,5.58933,-7.60936,3.67377,-1.37435,5.8556,-8.60723,-7.49851,-6.43766,-2.66169,-5.69891,-9.67516,-9.47953,2.94463,6.07932,-5.87935,5.0547,-1.19139,-6.20236,-0.285721,-3.37892,6.9615,4.85861,-9.7034,4.6513,5.67429,-6.73808,6.12582,9.01998,3.25778,9.15765,-9.25826,-4.6728,1.70823
1.23553,1.50016,7.2085,1.77571,-4.9128,3.95018,7.53891,0.769154,-3.16296,-7.06318,-4.52347,-0.953075,-9.48039,-0.813961,-3.56846,4.49619,2.59431,1.10438,-9.31905,-7.59987,1.55984,-7.00468,6.21565,-6.43401,-6.15978,-1.53699,0.279209,8.92451,-4.63588,-8.91387,-4.84377,-4.59871,1.90686,3.18372,2.96751,4.53144,3.41461,7.3072,-6.78605,7.60698,-8.38998,-4.69487,7.30323,-5.86673,-7.48794,-9.27357,7.35147,7.86073,5.92336,-4.39123,-9.52349,-3.73778,-1.90563,6.29393,-2.55899,-7.19115,9.90621,4.19239,5.80001,5.80096,-8.0198,-0.597417,1.24876,1.37342,-4.43636,-7.87438,-8.45868,-2.72436,-6.93256,-2.46278,4.34434,8.82974,-9.98779,-3.93689,-8.679,0.0844853,3.05888,-7.95612,-2.70727,3.65645,6.2331,7.34312,-4.91946,-9.31032,-2.92235,-3.45456,-7.41857,-4.54438,7.23116,-8.73436,-2.09657,6.32561
-2.75234,-9.00347,1.76124,-5.56994,0.791157,-1.95289,7.25467,-6.75741,-3.5695,-5.94156,-9.98532,4.48886,8.9182,-9.92527,-5.77911,-7.99915,7.17602,-0.692413,-1.62292,2.65003,-9.38144,3.84908,-1.81473,4.46831,7.42658,8.92638,8.21659,5.61726,8.77039,-1.86785,5.79634,-9.74046,1.06968,-2.1205,-7.78939,6.42234,-8.46565,5.4297,7.93063,-9.07314,2.0185,0.543524,0.308011,-7.23134,1.2209,9.5772,-6.135,5.92336,3.34441,-2.43156,-8.441,-8.96265,9.99916,3.78374,5.9643,8.34845,-7.30061,-1.14167,2.15959,-9.09414,-0.13597,4.83171,-7.3911,5.44202,-5.66098,1.94709,7.32766,4.44417,8.64377,3.32568,1.95543,8.77658,-5.17352,-1.83796,-4.06074,-1.43214,7.06064,7.59262,6.93184,4.02882,5.27374,-6.14228,-6.36726,-3.70692,0.922032,2.37874,2.83399,2.07205,2.45705,-2.80184,0.627122,-5.89196
7.98662,-5.22852,-3.94433,7.21096,-3.85106,7.81103,2.0239,3.67938,0.0318842,-0.594168,-0.57056,0.263445,7.64943,-9.78103,5.05891,0.214152,-3.90079,5.65199,2.61992,-3.67482,4.87534,-0.510806,-6.91599,5.47843,-1.69388,-3.26592,4.18117,-9.34353,2.97773,-1.07796,0.0833232,-9.68444,7.90623,-2.19476,-9.10975,7.08574,4.36783,9.75413,-6.2564,8.89709,1.45255,-3.16448,9.29935,6.45882,7.18166,-5.24783,-3.12558,-4.39123,-2.43156,9.19025,-9.71225,-7.00045,-7.49048,8.51434,5.85792,1.11777,2.42217,-5.27155,-9.72541,2.84044,-7.93194,5.24349,7.79757,-9.30801,-4.85265,-9.02314,-0.0187309,9.66013,1.37053,2.27907,-4.90338,-4.75642,-4.30514,6.17257,-5.38016,4.22536,0.828623,3.25992,5.06379,2.91283,7.75549,-0.811773,-7.21579,9.87647,-3.73962,-2.01879,-8.31647,8.34019,5.73236,3.22011,-8.65705,-8.87194
-0.0885833,-7.8222,0.0727714,1.88736,6.45865,-1.16792,-4.37192,-7.88136,8.61437,-0.110852,-9.77903,-1.78937,9.42165,-6.87005,-9.22506,0.991196,9.34729,7.45516,-3.6301,-9.10148,-0.897913,-6.84607,2.9062,-0.268733,4.18897,-1.7278,6.91532,5.18645,9.86778,-5.59167,-1.58558,8.86935,-5.1299,6.26285,-9.40391,-7.28503,-5.19539,7.84926,-4.802,9.05647,3.35733,-8.99918,4.73904,0.198895,-1.71603,-2.18021,-8.61311,-9.52349,-8.441,-9.71225,-5.63413,-0.46264,5.44453,-5.95594,-7.37132,8.35673,1.0065,-7.23393,-7.36152,-6.11044,6.49313,-5.08649,0.87316,5.33269,-6.37902,9.53333,-7.78597,-1.89211,-4.71171,3.41013,7.76101,6.75983,-8.87315,2.95655,5.65979,-1.57261,2.92655,-8.06454,7.80932,-0.389301,-9.09972,-3.40425,-6.12175,-5.09435,-8.9996,-6.36338,6.94076,-4.24202,-3.59314,2.02835,0.13586,3.14302
