8.87487,8.61008,-8.6077,-6.34937,3.79307,7.45685,-1.67181,-1.26309,8.70229,2.94635,-8.62805,3.02023,0.889449,-3.28398,-6.14875,2.58512,4.48637,9.05841,7.24151,6.74436,1.74106,-9.63155,-3.59323,0.632359,-8.65858,5.36187,-1.41768,-4.95586,0.523518,-7.81529,-4.80451,-7.63907,-2.37495,-8.7154,3.36908,6.95335,-3.59746,-4.89131,3.48669,8.673,-9.26928,-7.35213,-8.92854,8.10487,1.2443,7.09634,8.68646,-0.893892,-1.07405,-6.69382,1.86123,-2.87969,5.79429,-6.669,2.93369,8.06356,7.54121,3.15085,-1.38039,-7.78235,-4.46728,4.58389,4.45638,-7.73156,4.95196,-9.03356,5.31315,-3.11171,-0.451479,-7.4492,-4.36784,-0.992258,6.49207,-3.5119,5.23813,-8.0861,-8.21184,-3.45039,4.51165,-0.591465,-0.171972,-5.5495,-4.18617,-4.25473,2.27072,-6.47152,3.76263,-1.31963,-3.67885,-4.14095,3.29205,-9.22968,-1.5647
8.61008,4.01163,-7.51444,-7.38853,-0.159561,5.09178,1.32673,-9.29998,7.05077,4.60225,8.3315,-7.61603,5.54201,2.05216,5.75436,-3.2615,-5.73467,-5.7647,8.90836,-7.88174,-1.75428,7.23643,2.53176,-3.21194,-8.18724,2.57801,-2.3061,6.13006,-4.12378,6.95781,3.90271,8.75782,-2.29206,-1.80216,-6.20551,9.92858,8.68548,-1.45476,-8.98434,0.119807,-2.11018,8.4573,-8.23668,0.263354,-7.49659,6.7978,-8.38282,6.5525,-7.05297,-8.23811,-5.434,2.27217,-5.30084,4.84636,-0.77771,-2.46796,-1.80042,7.29287,5.80434,-5.90134,-7.13791,6.95167,9.57399,5.22984,-1.20315,-1.27322,-9.10943,-0.739495,-8.69594,8.53499,3.76616,-5.81061,-8.92225,9.98616,8.63007,6.60409,-8.26653,3.18485,3.96369,-6.01921,0.957565,-3.37036,2.36386,3.64584,9.88582,3.01265,6.44094,-3.5343,4.02078,6.90981,2.20785,5.10703,4.558
-8.6077,-7.51444,-0.585291,9.34555,-4.94636,0.764784,-4.86616,9.42802,-7.37942,2.97769,6.46017,-8.58747,9.7314,7.42176,7.36879,3.41871,-6.66989,4.01134,-4.53158,9.57784,-6.81614,4.7877,-3.59375,-3.07179,-2.4686,1.21158,8.47075,8.23894,-4.03194,-1.75093,0.455002,9.79605,-1.10494,0.906391,0.864744,1.15934,5.55455,9.48749,-9.83479,4.06058,8.15468,-2.59112,-6.47185,9.00247,9.13301,-8.54034,7.80668,-4.90239,3.27395,1.52593,2.37479,-5.30952,-6.63839,-6.4806,-2.00336,-3.40398,-0.875738,2.35594,8.98756,-7.9735,-5.53209,8.5585,-5.15838,3.10789,-6.26225,4.50167,-9.82861,7.65149,-4.97011,-7.87095,-9.27282,0.534528,9.10231,-4.49713,9.67977,-4.62066,1.13844,9.88238,6.19239,-4.41027,6.12679,2.59144,-1.47857,5.56991,2.31576,-2.13127,-5.41817,0.351854,-9.52419,9.43792,0.72129,9.19855,6.90802
-6.34937,-7.38853,9.34555,4.94081,6.69564,5.93926,2.19644,-2.37869,-8.90745,-5.64745,1.32975,-2.99879,-9.32616,-5.84418,4.12935,9.45453,1.51355,-1.04552,6.47777,9.76255,2.42638,5.41792,-3.05081,8.52674,-3.8038,2.76531,-1.15261,-2.32145,-5.17957,-0.236054,-0.343993,7.52322,0.0316769,-0.699205,2.94524,9.84242,6.45087,9.73236,-0.362687,6.97673,-3.93415,3.15531,0.832443,7.58857,-5.67954,6.19001,-7.6097,-2.08552,-5.47359,-1.97005,7.37491,-5.97884,8.31061,-5.03062,8.8944,-8.83519,-3.11187,-5.72013,-0.888451,4.42212,2.53473,-8.31645,-7.43786,-1.20052,-4.06241,-8.63881,7.18128,-4.98173,-9.76654,1.83369,9.54017,-5.70085,-4.02975,2.63975,2.05412,-8.44374,-6.9233,-2.46228,-6.50083,-1.52806,-0.954403,0.673519,0.0943136,3.66303,9.50568,3.24094,-7.62314,-4.35409,4.64726,-5.83221,-9.9778,-2.64565,8.59128
3.79307,-0.159561,-4.94636,6.69564,2.06997,8.38216,-2.87833,-4.0375,7.63953,-4.14429,1.09289,1.3829,-0.479946,-8.57162,3.17005,-0.354333,5.80884,0.203198,-0.783394,8.27765,0.426145,7.36269,-4.02566,6.16428,8.5319,-3.173,3.85699,-2.7396,-8.97063,-3.89212,-5.27848,7.08426,8.92415,-1.5832,-0.4487,-1.21552,1.56469,-3.98981,-6.69661,-7.47255,-3.41909,-0.0176967,4.02726,-2.96685,5.81993,4.96129,-5.89374,-9.79874,-6.86675,6.06044,5.28176,7.72776,-7.44032,2.39799,-2.98017,-1.72181,7.78963,-5.44238,8.97412,-4.61291,-8.00824,4.19571,-2.32785,5.32568,-2.67927,9.63073,2.03887,-1.35013,-6.86826,2.33916,-8.9766,-7.9434,4.81138,-4.47422,5.88728,-3.48751,1.51113,-8.55975,-8.27314,-5.79027,2.39183,-3.66909,-5.51639,-0.601399,7.04074,5.9317,3.56182,-8.0219,-7.11978,-7.249,-0.111143,9.77252,5.42911
7.45685,5.09178,0.764784,5.93926,8.38216,0.129088,7.59393,9.72579,1.52957,7.85408,-8.05116,-9.79351,-1.79033,6.52237,3.46152,-4.84739,9.32288,9.75044,3.80913,-8.38844,2.28093,-1.75001,-2.38103,9.00839,9.17476,-0.196375,3.39837,-5.99962,7.27955,6.78808,5.50735,-3.08404,6.47093,-8.86192,4.80827,9.20524,9.95021,7.11254,-2.70885,-9.02183,5.93236,-2.89673,-5.52598,-3.6581,-8.76583,1.82288,-3.73871,-2.4697,4.09479,-9.70482,-8.91473,9.08397,-3.19697,3.13893,7.62937,-1.14065,3.04827,-6.9607,6.9392,5.53963,-2.93281,-7.25506,4.10932,-9.06139,-6.85594,-5.29966,0.00735509,-7.61729,0.570431,-9.49387,-7.84417,8.033,-7.59622,5.00719,4.82904,-7.59937,6.97392,-8.47332,3.63106,6.94685,2.88587,6.8828,1.81784,-6.55455,-4.12599,-8.83861,-3.62476,4.67841,4.27853,2.52142,6.17634,8.01662,2.70653
-1.67181,1.32673,-4.86616,2.19644,-2.87833,7.59393,-2.80904,0.268942,6.45686,-6.7004,9.53138,4.44367,9.00705,-3.80482,6.38811,4.88555,5.67961,-7.00694,-4.87348,-4.13637,-7.91912,-6.57245,-4.36626,-6.02722,4.89774,-8.30566,-7.25707,3.72647,-7.43791,1.44004,1.03144,7.1636,9.94688,-7.4977,-1.60375,1.47854,6.22315,8.14776,-7.40396,1.9242,-8.64655,-1.04442,2.37452,-2.27408,-0.804499,8.40312,4.9561,7.97027,-9.6651,-9.89771,-9.61916,4.8266,-9.09991,3.89945,-0.900353,-8.99771,-0.781831,-8.51198,3.628,2.75353,2.06096,-3.19201,0.601308,5.81708,-2.60821,-8.17413,9.17721,6.1557,-4.42302,0.389433,7.97047,1.24285,1.52548,-3.34513,3.44612,5.68724,-0.266537,2.11274,-7.28188,-9.49674,-1.85583,-4.71646,5.36789,6.23587,-2.67158,-4.00746,2.55272,7.29431,-3.59236,2.99912,-4.12312,0.621025,0.0506843
-1.26309,-9.29998,9.42802,-2.37869,-4.0375,9.72579,0.268942,9.64691,-0.997126,6.89086,2.12489,-9.18427,3.09996,2.75185,4.75038,6.03773,8.00171,-1.824,-7.51399,-4.82119,-3.34744,-6.25377,-6.73515,8.88751,-8.65519,2.71132,7.93572,4.31363,-5.14226,-7.26313,0.275675,2.42529,-8.2242,2.08955,9.3454,9.74274,-5.29745,1.32147,5.9689,2.72748,-1.34976,-9.30873,-6.43328,-1.8719,-0.898791,5.43962,-0.754891,6.20576,-5.90743,5.74732,-8.23026,3.7347,7.37206,-1.04673,4.53653,-2.50983,-9.63308,-0.773238,-0.896721,-1.23703,-3.91515,-2.86101,-6.99896,-2.70937,1.45317,6.11283,8.89095,1.13728,6.04486,7.26385,-4.35163,-6.79873,-5.59881,-6.67401,4.19332,8.51538,-2.21672,2.54145,9.80674,1.80298,7.81824,7.14769,0.573204,-7.11767,3.97273,5.61005,7.03781,-4.10694,-1.59087,-1.61943,8.92167,0.32754,1.34361
8.70229,7.05077,-7.37942,-8.90745,7.63953,1.52957,6.45686,-0.997126,3.8773,1.47331,-3.17884,-9.31665,5.31605,2.89825,-9.90283,-0.254173,-7.61272,4.79779,-6.88979,3.81485,7.33305,-5.06682,-8.80554,-8.35261,-4.22734,9.19563,-0.541719,-8.02304,-7.59998,4.26557,-7.04819,7.4146,2.27157,-1.75662,6.46144,-9.3223,6.93039,-1.57918,3.74745,9.04841,1.26326,9.54062,-6.94921,-4.11399,7.47318,-6.14462,5.8455,9.8282,-5.61967,1.35549,7.52179,-2.25036,8.59871,-1.20364,9.2332,-7.61894,-5.95898,6.78239,-1.20726,7.94037,-8.76415,-6.14542,9.42078,-4.0081,-2.18539,5.14099,-2.98943,2.68736,2.02721,-2.77403,8.31994,1.30183,0.695041,3.87863,-0.692935,6.33415,-8.4525,-8.47066,-1.88519,7.69199,-2.36514,-4.60751,-6.53065,8.95917,7.13115,3.70427,-7.44525,-6.2907,-4.65679,5.11873,-7.63474,2.18877,1.31851
2.94635,4.60225,2.97769,-5.64745,-4.14429,7.85408,-6.7004,6.89086,1.47331,-5.64839,-1.70529,5.41348,-5.33015,5.06202,-9.96336,-3.69432,1.42591,5.92306,2.69737,-1.80152,0.818396,-6.71432,7.66846,9.12211,-7.68088,-4.96699,1.47702,-9.33741,9.03213,8.46695,-4.48606,-8.35833,5.08315,2.27774,9.18308,7.92807,1.9108,-9.60157,6.98053,2.02624,-7.57728,4.71453,9.71387,3.822,-3.7923,7.34724,9.13847,-1.17613,3.06765,5.06506,-9.469,-7.64885,-0.711592,0.408793,-5.06112,-1.08906,-2.43972,6.78509,2.37506,-8.3647,0.339466,-2.41154,-4.41449,4.79542,7.46055,0.761899,8.31768,3.79818,2.43592,-9.88021,8.6652,7.78952,0.8263,-4.0704,-0.0769768,7.87522,-1.80445,7.50526,3.77779,-2.62689,8.28356,-0.997655,-0.210558,7.95811,-4.71732,7.65259,-4.19067,9.67306,-8.66492,-8.34219,-6.3547,-1.43409,-7.72075
-8.62805,8.3315,6.46017,1.32975,1.09289,-8.05116,9.53138,2.12489,-3.17884,-1.70529,-5.97225,4.36728,-1.15314,3.80154,5.09803,-1.49716,4.27575,8.27702,-8.06219,4.94222,-7.65231,-0.677198,7.53407,7.496,-2.05377,-3.20119,-3.70297,-4.50906,5.09943,-1.83063,-5.63552,-7.92751,-0.0376216,7.67735,-4.37764,8.33807,0.651426,-0.570395,-3.52854,-5.13364,-4.29219,8.18038,-8.12863,9.52813,3.0328,3.75742,-2.21155,-7.13162,-4.55525,-4.98309,-1.87178,-8.02531,2.68121,-6.73517,0.846385,-9.44966,5.93245,8.65442,1.562,0.294247,-3.56165,5.54994,-8.42593,-5.3017,6.93018,-8.20093,-3.4391,-4.37657,9.48521,8.06147,1.13742,-9.3809,5.97834,1.06304,7.63091,-1.18593,4.22704,-8.01376,2.56567,2.09539,6.02607,1.70059,-3.50876,-9.85906,-2.05993,-3.02672,6.16922,4.41698,7.80706,-8.54709,5.73137,-4.06492,-0.184455
3.02023,-7.61603,-8.58747,-2.99879,1.3829,-9.79351,4.44367,-9.18427,-9.31665,5.41348,4.36728,6.54231,-2.46762,-7.60388,-4.92057,4.98553,9.39683,-1.40087,-2.13883,-6.31427,0.701755,3.79103,-9.41316,4.93818,-1.25762,-5.62125,8.20104,4.52979,-7.15996,-3.56629,-4.14141,-7.51089,6.59225,-5.88061,-0.814789,-3.52789,5.15416,-9.41156,4.97861,7.28633,-2.62271,1.97836,-7.17931,-1.03657,9.28137,-7.96182,-5.83198,7.02635,-6.15078,4.54013,8.06389,-8.35832,2.59471,-6.7452,5.4874,-7.6166,-5.08396,2.88666,-6.65515,-9.81051,-3.17002,2.43184,0.452318,5.43992,8.76712,-7.85204,-8.09415,-8.74486,-8.98203,-9.14425,-3.37914,1.51982,-8.77552,-0.250089,3.60225,8.07987,9.79169,-1.54136,9.2102,-7.09426,4.4953,-4.0934,-4.12417,-1.76105,-4.95217,-6.43464,6.42881,-4.43315,-5.17838,9.35493,-4.1309,2.65155,-2.57579
0.889449,5.54201,9.7314,-9.32616,-0.479946,-1.79033,9.00705,3.09996,5.31605,-5.33015,-1.15314,-2.46762,6.75757,1.04724,2.51359,0.622087,1.44374,7.78553,-7.04559,-3.51577,-9.71733,-4.67961,-7.50415,3.24198,-5.25626,-0.730812,-1.62145,3.27388,-5.01607,-9.92474,8.61945,3.50283,8.45457,-1.40593,-6.27667,6.43392,-0.902297,0.066168,0.682851,8.34155,-5.30648,7.05596,-2.13057,-4.27664,-9.26069,6.48746,7.71046,2.63265,7.00493,-3.50326,4.22124,4.52939,2.12479,1.05811,-3.75658,-3.38973,-9.94397,-6.06193,1.68018,-4.9687,2.57003,-0.209856,-7.00096,6.626,-9.2047,-2.11003,3.40927,-3.21201,7.27261,-6.63262,6.95811,-1.30943,6.5321,0.516571,-0.519186,3.96817,-5.13429,-6.68586,4.98037,8.72663,-6.60907,4.23046,-8.48288,-1.17815,7.2983,-1.33394,7.97698,7.93083,-7.41796,-9.81836,-6.14011,6.24213,-9.73717
-3.28398,2.05216,7.42176,-5.84418,-8.57162,6.52237,-3.80482,2.75185,2.89825,5.06202,3.80154,-7.60388,1.04724,-9.69356,2.73038,1.31694,8.98625,-9.59304,1.07822,1.16361,-1.73519,5.50959,-5.2017,0.918497,-4.31449,9.85906,2.53083,-7.34306,0.644795,-2.78335,6.99296,1.40587,-0.038715,-0.303498,-5.86948,2.64811,-7.7333,-9.85722,4.80514,9.86864,3.18712,7.26794,0.473507,5.40871,-8.11396,0.556771,-1.84087,7.04953,7.28495,-4.39028,0.638426,-5.04003,-7.59954,-3.05383,-7.07836,0.727641,6.46048,4.61406,4.22099,9.75341,-4.59077,3.23658,-9.54478,5.13427,9.4632,-6.35302,-2.02767,-4.20018,-2.88642,-8.67746,-1.84267,8.83694,6.6836,-1.80511,1.04955,-0.879082,0.404062,8.33097,3.75052,-5.57658,9.825,8.58944,-9.80946,-3.39171,-6.82438,-3.54242,5.67397,-4.73723,8.84362,2.83106,-9.21798,-3.22569,-0.800554
-6.14875,5.75436,7.36879,4.12935,3.17005,3.46152,6.38811,4.75038,-9.90283,-9.96336,5.09803,-4.92057,2.51359,2.73038,-0.647524,4.33347,6.76778,-1.76626,2.12524,1.40297,-3.67667,-7.11432,0.790118,5.89002,6.03342,9.12407,6.41596,9.20564,-3.67124,-5.76775,0.713819,-7.36077,1.6045,3.83859,-2.30485,-5.18978,-8.88859,-0.805882,4.19216,5.13134,-4.90629,0.848967,4.10908,-4.96852,5.38989,3.37712,-3.43466,3.53071,-4.45404,-9.60155,-1.51518,-0.36773,-5.00876,5.8412,7.48223,1.41298,8.54557,-1.79764,8.14867,4.13872,3.17385,2.91937,-0.50567,1.35275,-0.927855,-4.75716,8.87982,4.02006,-8.9484,-9.8225,4.42509,-6.37118,-1.10976,7.98882,9.29253,1.22342,1.63492,4.70773,-3.11626,-1.43473,5.78214,0.047266,0.568173,1.80021,-0.789435,-9.17887,-9.11106,9.05091,1.08068,-4.63691,-3.28952,9.08945,-5.67726
2.58512,-3.2615,3.41871,9.45453,-0.354333,-4.84739,4.88555,6.03773,-0.254173,-3.69432,-1.49716,4.98553,0.622087,1.31694,4.33347,-4.21785,8.50403,5.64951,4.74937,-5.57023,0.561231,-8.38848,-3.10084,1.8316,5.48316,-1.39061,-4.2148,0.229758,-2.87935,4.5586,-1.08485,5.23562,-3.44151,-1.75982,-2.31942,-2.89153,5.88024,9.37998,-3.99916,-6.71893,6.65062,-3.7546,-4.98271,-4.63824,-7.64721,9.92877,-2.82546,7.82804,8.23379,-6.9671,-0.727808,-7.5161,-8.43612,0.52494,-2.35987,6.93324,-0.64907,3.40425,3.61966,7.63209,-3.12975,2.78956,6.72696,9.10769,7.77086,-4.27792,4.5063,5.94017,-9.44863,-2.20973,0.331222,6.59866,7.49779,-0.406837,-6.70117,-2.00102,8.38333,3.12652,-1.43923,-6.87923,4.62627,5.33355,2.51183,-0.972689,-5.14526,0.864728,-3.5586,6.68714,6.32798,-3.42358,-3.97239,-5.93549,4.09676
4.48637,-5.73467,-6.66989,1.51355,5.80884,9.32288,5.67961,8.00171,-7.61272,1.42591,4.27575,9.39683,1.44374,8.98625,6.76778,8.50403,3.17924,9.17169,-5.59251,-0.294297,-3.58424,8.18921,1.92105,7.86026,-3.65843,8.95208,5.96758,-2.43056,-1.41843,-1.66435,-8.26168,6.59299,-4.65184,1.38696,1.32721,-0.832343,3.2449,8.11954,1.74632,-4.95272,4.04047,6.18396,3.88078,5.50014,-3.59345,-2.51081,8.57352,-9.86265,4.38129,2.45026,-6.265,1.40831,-2.64574,-8.04698,-2.61634,4.79925,8.16556,6.15134,-0.112077,5.73484,6.94991,5.87813,-7.95755,8.2857,-6.2064,-9.89412,-6.37994,5.50441,7.18897,2.23223,4.9944,2.19633,7.61362,-1.32966,-8.61944,1.85707,7.10151,-4.27503,0.737537,1.1647,5.29124,-4.6385,1.17958,3.91566,-4.68737,-2.43264,7.43714,-9.20796,-2.667,-2.29638,8.55129,-3.07997,4.5202
9.05841,-5.7647,4.01134,-1.04552,0.203198,9.75044,-7.00694,-1.824,4.79779,5.92306,8.27702,-1.40087,7.78553,-9.59304,-1.76626,5.64951,9.17169,-5.7179,-7.0666,-5.027,8.72886,-5.22344,9.52873,-3.45873,6.27224,-4.40045,0.485731,4.85143,6.26546,-9.43544,-9.3009,-9.10415,3.06944,-0.635183,1.25798,6.49358,4.47545,7.18439,6.30579,-4.29536,-1.92413,-3.50069,-2.03588,-3.5096,-8.75533,0.112884,1.47739,-2.48509,6.58273,-3.25374,1.64306,5.92839,-9.93187,-2.17917,-9.70677,-4.32583,3.78638,-4.27101,-8.50193,1.37614,-7.1788,2.56918,6.06904,1.29103,-3.23722,-1.99486,-4.55273,3.39156,-7.18186,5.71427,-3.2,8.64287,4.54234,-8.80472,4.894,-8.53821,9.17907,-5.59846,2.19143,-5.52759,-9.29223,-7.04008,3.405,-7.39233,9.28022,-5.58272,0.309036,1.96138,-8.22573,-2.48745,-3.90965,9.64851,2.54275
7.24151,8.90836,-4.53158,6.47777,-0.783394,3.80913,-4.87348,-7.51399,-6.88979,2.69737,-8.06219,-2.13883,-7.04559,1.07822,2.12524,4.74937,-5.59251,-7.0666,7.9421,0.693391,8.33885,9.61025,1.65578,-9.88123,-9.44546,0.897048,-3.85315,-4.06333,8.32502,-5.28926,-7.72096,-0.347447,-1.18528,-6.67394,4.4438,4.51349,7.21758,8.35991,6.69896,4.25417,2.31639,5.74824,-2.69318,8.44304,-7.09756,5.10273,-8.85616,-7.86217,-9.95897,3.9182,-5.2717,3.7496,2.29054,-8.84996,-2.94398,-8.25205,-9.17184,9.07242,3.09746,7.92541,6.25941,-9.18808,5.09686,-9.17141,9.90567,7.33444,-1.81468,-3.43518,6.89783,-2.32223,-2.49772,-5.96071,-3.56793,8.06442,0.234888,-6.5781,-8.01646,-6.26106,-6.84376,5.79362,-7.09869,-9.10385,-3.7651,-6.67241,-7.92172,-5.87027,-9.9633,9.52843,-5.26594,5.77842,6.35828,-9.27257,-6.13618
6.74436,-7.88174,9.57784,9.76255,8.27765,-8.38844,-4.13637,-4.82119,3.81485,-1.80152,4.94222,-6.31427,-3.51577,1.16361,1.40297,-5.57023,-0.294297,-5.027,0.693391,7.0832,-8.8313,-5.9295,-3.73574,-1.00123,-0.390237,8.89579,4.92475,0.963189,1.75104,7.52775,-0.958703,-5.30875,7.53182,9.23239,-0.783279,0.38439,9.32862,-9.94033,-9.15859,-0.256842,9.97073,-0.759194,-9.66916,-3.85525,-2.02093,-7.52599,6.46029,-6.66533,6.76791,-7.13878,-8.61861,-2.00319,8.81238,-8.22458,6.25553,7.58462,8.37735,-6.80334,5.04764,-0.958823,-5.19288,-3.65744,-4.09348,-9.28953,-8.36165,2.63354,-9.53921,-2.26341,2.20331,5.65873,-0.795335,-1.89068,-0.26043,-3.11939,8.48842,-2.91131,-9.31347,0.554389,-5.9922,-7.49676,6.2691,5.73191,-4.69364,-3.1957,-2.59262,-9.3357,-2.82174,-0.794049,4.04036,-0.707095,-6.13888,-3.93061,-6.81462
1.74106,-1.75428,-6.81614,2.42638,0.426145,2.28093,-7.91912,-3.34744,7.33305,0.818396,-7.65231,0.701755,-9.71733,-1.73519,-3.67667,0.561231,-3.58424,8.72886,8.33885,-8.8313,-4.45132,3.78469,9.24851,6.32145,-4.28362,1.73639,5.64734,-0.74085,-1.40721,-2.99677,-3.66127,-3.94398,2.18723,-2.73276,5.42215,3.47036,0.00751797,4.15872,3.56291,-0.0294299,-5.97772,9.80117,-2.3253,-9.4503,6.07936,1.12123,-6.66961,4.42951,2.36622,5.33822,-1.1523,3.39276,8.42006,7.32479,7.52612,3.32874,-7.87063,8.13295,-7.81398,8.65183,1.89546,-5.56714,1.71792,-6.2629,-1.75616,-3.46977,2.84427,2.95751,-1.23497,6.07783,7.59596,-6.62384,4.14306,6.69016,-4.8288,-8.98722,-8.84157,3.99733,5.56312,-6.02847,9.47903,-2.79852,3.7591,-7.52835,6.7295,-5.18048,-7.02448,6.39176,-0.968793,0.30023,-8.71834,-1.05153,-4.71993
-9.63155,7.23643,4.7877,5.41792,7.36269,-1.75001,-6.57245,-6.25377,-5.06682,-6.71432,-0.677198,3.79103,-4.67961,5.50959,-7.11432,-8.38848,8.18921,-5.22344,9.61025,-5.9295,3.78469,7.32697,-1.62696,9.18097,-3.44323,-8.99962,0.360819,9.05716,8.26692,-4.49716,-4.43379,2.11726,-3.41138,1.84206,2.63321,-6.45347,-9.28629,-5.85956,6.46291,2.32255,2.57668,-2.2762,-1.5623,2.34689,-4.8981,-0.35613,-5.6429,4.69045,1.0384,-9.4978,-5.20231,2.7632,5.62458,-3.70038,6.58504,5.64131,-5.40434,8.44929,-8.30877,-1.62906,9.76337,-7.78402,-7.16379,-9.53586,6.62331,6.5189,-0.216045,3.80612,-9.2381,-1.11426,8.37595,4.64721,8.46853,2.5628,-5.53317,-7.13585,4.01742,-9.54587,-3.02291,5.07353,-6.34065,9.72704,-7.23435,-5.24438,-4.30774,0.644935,3.77718,1.57142,-4.3834,1.83512,5.53065,-1.1966,5.18417
-3.59323,2.53176,-3.59375,-3.05081,-4.02566,-2.38103,-4.36626,-6.73515,-8.80554,7.66846,7.53407,-9.41316,-7.50415,-5.2017,0.790118,-3.10084,1.92105,9.52873,1.65578,-3.73574,9.24851,-1.62696,-2.8491,-9.60715,0.286636,-4.25592,4.34381,-6.53904,-7.62053,7.73816,3.5955,4.6967,7.49723,-2.55226,-5.77027,-0.594987,-9.06548,8.85005,-5.60815,-1.4866,1.73097,5.26624,7.58273,-2.34159,8.99129,-4.87568,9.04398,1.24528,6.33639,-8.6168,-9.01718,-1.61707,-6.04616,-9.52228,2.85238,-2.86384,-3.75417,-7.01433,-1.06436,8.19891,-7.61742,-2.21808,-2.08505,-6.62258,0.440851,7.5024,6.61859,9.92825,-2.92947,-4.65359,5.98986,-1.47214,-8.40842,-6.12987,-3.25512,9.97076,-6.54052,-9.38524,1.50927,8.28502,-8.17658,3.16478,-5.55091,2.73604,3.51563,4.10353,-4.05051,-6.15977,5.13689,8.50012,-3.38754,-7.54974,-5.12802
0.632359,-3.21194,-3.07179,8.52674,6.16428,9.00839,-6.02722,8.88751,-8.35261,9.12211,7.496,4.93818,3.24198,0.918497,5.89002,1.8316,7.86026,-3.45873,-9.88123,-1.00123,6.32145,9.18097,-9.60715,7.35404,-2.85189,-9.50881,-4.71065,-7.98227,6.7225,7.07011,-6.33894,5.34815,8.80257,-7.43298,2.88645,0.844498,7.92701,-5.58066,-4.36408,0.990563,-2.1303,5.0184,9.10454,9.0818,-5.86327,-2.22015,-6.30927,-9.93463,-8.82754,6.89967,4.63908,3.65999,-0.586769,3.72539,8.51214,-9.00818,9.83557,1.31978,-4.52835,-2.76576,-6.86935,7.29304,0.852673,3.0844,7.44473,3.88982,9.59231,-7.61478,2.08743,-0.91162,3.83694,-4.39198,-2.45537,-5.91412,-8.97577,0.205321,-8.75876,5.15644,-0.487996,-5.63851,9.86394,-5.58253,-8.15302,-6.66115,9.3504,9.87791,4.99725,4.93705,-4.68934,-3.38053,7.86182,-8.26588,-6.81782
-8.65858,-8.18724,-2.4686,-3.8038,8.5319,9.17476,4.89774,-8.65519,-4.22734,-7.68088,-2.05377,-1.25762,-5.25626,-4.31449,6.03342,5.48316,-3.65843,6.27224,-9.44546,-0.390237,-4.28362,-3.44323,0.286636,-2.85189,1.4275,-8.40097,-7.68133,7.34999,-0.774252,-2.89847,-1.41284,5.3496,2.00966,-0.54349,3.78601,2.18947,-6.66297,-6.66519,1.04673,4.73198,-8.99911,6.89927,7.0601,1.80066,5.07783,-0.882054,-6.23498,7.79956,2.41676,-7.77825,1.48586,9.43634,-0.980526,6.57154,2.0355,1.1754,9.44864,-9.09354,1.32932,-3.05928,-9.98893,3.12281,-2.81885,7.17337,-0.903531,-3.24236,2.09969,-7.66332,7.468,3.29525,2.98738,-3.30201,-0.785954,6.6941,-1.88507,7.3707,-1.55227,5.03953,5.84408,5.12617,-8.84006,2.68016,-0.626229,-6.69613,5.07731,3.29653,-6.74385,5.63253,1.10285,9.48892,5.07234,1.37174,-3.85026
5.36187,2.57801,1.21158,2.76531,-3.173,-0.196375,-8.30566,2.71132,9.19563,-4.96699,-3.20119,-5.62125,-0.730812,9.85906,9.12407,-1.39061,8.95208,-4.40045,0.897048,8.89579,1.73639,-8.99962,-4.25592,-9.50881,-8.40097,3.80772,-7.80009,-2.3075,0.249181,-8.8114,-7.95924,6.29629,-9.87991,3.00557,-5.75514,8.39066,9.552,-3.46241,2.86314,-6.30652,9.6159,-7.90303,-2.47295,6.88074,-9.79029,3.45291,-2.02491,-8.73654,5.17384,-2.99119,5.71561,-3.53438,-5.16009,8.61951,-7.93093,-7.62398,6.33826,-1.3328,2.4059,4.16214,9.30624,7.30024,2.56318,-7.6511,-1.50772,-0.355048,6.86744,8.37277,8.16061,0.711237,-0.627669,-5.5477,-7.91358,6.74208,3.70024,3.00133,-0.689651,5.00647,8.84323,7.45945,-0.855103,9.74657,-6.41959,3.67429,8.97458,5.59782,5.91967,-3.47869,-0.182633,-3.70929,3.16487,7.78349,9.14004
-1.41768,-2.3061,8.47075,-1.15261,3.85699,3.39837,-7.25707,7.93572,-0.541719,1.47702,-3.70297,8.20104,-1.62145,2.53083,6.41596,-4.2148,5.96758,0.485731,-3.85315,4.92475,5.64734,0.360819,4.34381,-4.71065,-7.68133,-7.80009,-9.56465,5.11689,9.61307,-1.04631,-9.36304,3.86046,-7.82754,4.46636,-5.66605,3.10593,-4.01572,0.597842,7.98256,1.15712,0.928962,5.46246,0.967578,0.558578,-2.97845,9.85575,-8.54924,4.23249,3.394,-2.89169,-9.61593,7.5094,6.12354,7.9033,-3.89338,-3.03233,-0.0882532,5.44669,-7.54928,-2.85728,-9.20841,-8.60317,9.22541,-2.88384,-3.17551,9.95584,3.39835,4.21933,5.44279,-9.1,7.10349,-6.04694,0.414175,-4.50029,-9.04393,-9.78971,8.15166,-5.41616,2.37028,2.58289,0.0964397,-8.90696,8.09818,-7.5591,8.10031,-8.96353,-3.45748,-6.84004,2.24037,7.91922,-2.76759,-1.99543,-6.54596
-4.95586,6.13006,8.23894,-2.32145,-2.7396,-5.99962,3.72647,4.31363,-8.02304,-9.33741,-4.50906,4.52979,3.27388,-7.34306,9.20564,0.229758,-2.43056,4.85143,-4.06333,0.963189,-0.74085,9.05716,-6.53904,-7.98227,7.34999,-2.3075,5.11689,-7.35145,7.77234,4.55437,4.67777,-5.31571,6.39621,-9.52552,2.72911,-3.92553,5.02016,-0.904413,4.86676,9.59657,6.44869,0.661379,-7.77649,1.88877,-1.57046,8.97993,-6.81483,-7.265,-0.57246,-3.79169,-8.78686,6.11158,1.09141,4.39302,-6.76357,-0.457582,2.55662,-5.91452,5.25734,5.29315,6.17633,2.06417,5.92997,5.61794,-3.2905,4.66522,-0.608763,1.43187,-9.78757,-1.80689,-7.02794,4.24174,1.09756,2.53159,2.18224,-4.57632,-9.25435,-8.941,5.64236,2.45339,1.70319,4.42021,-7.13836,-1.44907,2.48642,7.04346,-2.78678,-3.15726,-7.40937,9.89901,3.99098,-5.18051,5.19711
0.523518,-4.12378,-4.03194,-5.17957,-8.97063,7.27955,-7.43791,-5.14226,-7.59998,9.03213,5.09943,-7.15996,-5.01607,0.644795,-3.67124,-2.87935,-1.41843,6.26546,8.32502,1.75104,-1.40721,8.26692,-7.62053,6.7225,-0.774252,0.249181,9.61307,7.77234,-3.23074,4.99569,6.94666,-7.71605,3.91796,-3.26689,-5.7752,3.46257,-3.79686,-2.84104,6.40552,-8.40019,-3.78437,-1.89815,-8.57646,-5.08182,-9.92448,-2.85907,-4.52572,5.474,-4.49796,0.219883,4.66381,8.25535,-7.91423,-8.18761,3.60954,-8.26546,-0.407003,4.91951,-1.94415,-3.82736,-0.556069,-3.29427,-4.75299,1.63967,-5.53707,-4.504,6.31336,0.113606,0.0537241,2.01194,-7.10656,4.63375,7.36541,1.43385,-5.33771,2.85843,-1.42328,-7.64293,-7.46017,-1.78383,-2.23801,8.64546,7.62782,6.63317,6.87715,-9.6752,-4.83119,-2.97641,-0.0494341,3.28795,9.45396,6.33643,7.0028
-7.81529,6.95781,-1.75093,-0.236054,-3.89212,6.78808,1.44004,-7.26313,4.26557,8.46695,-1.83063,-3.56629,-9.92474,-2.78335,-5.76775,4.5586,-1.66435,-9.43544,-5.28926,7.52775,-2.99677,-4.49716,7.73816,7.07011,-2.89847,-8.8114,-1.04631,4.55437,4.99569,5.48148,1.70739,-0.345403,-2.52068,1.38527,-9.20985,4.93458,8.90834,-9.16066,6.92761,-5.89037,3.20132,-0.796861,-9.16914,-6.38349,-1.26002,8.94002,7.07687,9.04728,6.21673,-6.46631,-7.33752,-3.02926,-9.99761,9.7924,-9.08257,-4.89475,-9.42283,7.59014,-5.7191,1.09822,-8.54655,-3.86148,9.20396,-9.19887,-8.94087,-2.84506,-3.29609,-5.64264,-8.72106,2.11512,-5.92258,-4.59187,-2.98009,-1.54494,0.606065,-5.6966,-7.59683,-8.48278,2.3895,-0.114838,-2.96275,7.16304,4.05934,-6.22962,-3.39159,-7.76787,-4.7115,-3.82618,0.517271,4.81468,4.38698,-1.18884,-4.79643
-4.80451,3.90271,0.455002,-0.343993,-5.27848,5.50735,1.03144,0.275675,-7.04819,-4.48606,-5.63552,-4.14141,8.61945,6.99296,0.713819,-1.08485,-8.26168,-9.3009,-7.72096,-0.958703,-3.66127,-4.43379,3.5955,-6.33894,-1.41284,-7.95924,-9.36304,4.67777,6.94666,1.70739,9.54159,-6.00923,3.04032,-1.67386,-0.955522,2.30204,-1.85247,-1.65043,-8.39149,8.95698,0.743608,-8.77064,-4.04991,-4.09131,6.3825,1.20952,-9.31525,3.33433,-7.15822,2.05207,1.39795,-7.93426,-6.74983,-8.96647,-6.21033,-2.40126,-5.93591,4.89821,-9.82806,-5.99196,7.52392,1.52338,1.23065,7.69255,-9.22585,8.84232,6.20295,0.520596,0.957218,5.09055,0.395331,8.2449,-8.72587,9.99361,-2.63829,2.89147,-2.86017,-6.95459,-8.33433,0.537948,-0.111088,0.629821,-7.93612,7.48183,9.58856,-4.50205,-7.62226,-2.51585,-0.618191,-9.64545,-2.57825,-1.14813,4.09081
-7.63907,8.75782,9.79605,7.52322,7.08426,-3.08404,7.1636,2.42529,7.4146,-8.35833,-7.92751,-7.51089,3.50283,1.40587,-7.36077,5.23562,6.59299,-9.10415,-0.347447,-5.30875,-3.94398,2.11726,4.6967,5.34815,5.3496,6.29629,3.86046,-5.31571,-7.71605,-0.345403,-6.00923,-0.625888,8.00557,8.03193,7.09604,5.6354,-1.86751,-2.00903,-3.46893,4.01022,5.9625,-4.86144,-9.05404,-5.74811,4.46338,4.90707,-2.33943,6.09538,-1.5162,6.0737,-4.79908,7.49997,-0.13491,9.71398,4.94697,2.91978,-8.19694,-6.73275,-2.24353,-8.63742,-6.94846,-9.21209,-5.77947,-7.91087,2.71249,-3.86914,9.20665,9.26681,-1.85599,6.24798,7.96384,5.07537,5.04925,9.19483,5.12339,-4.52831,3.33073,-5.30097,0.948153,-4.37206,0.670248,1.7958,-9.3245,1.37131,4.03978,-0.784958,-1.55951,-7.30426,1.26519,2.68477,-5.48596,4.70331,-0.288981
-2.37495,-2.29206,-1.10494,0.0316769,8.92415,6.47093,9.94688,-8.2242,2.27157,5.08315,-0.0376216,6.59225,8.45457,-0.038715,1.6045,-3.44151,-4.65184,3.06944,-1.18528,7.53182,2.18723,-3.41138,7.49723,8.80257,2.00966,-9.87991,-7.82754,6.39621,3.91796,-2.52068,3.04032,8.00557,-8.31066,-1.81063,6.31177,4.54983,5.3573,-3.86295,7.89989,-9.12653,-8.38871,-1.34199,-7.84937,4.82714,-8.1998,6.61081,-9.53377,9.80915,1.92858,-7.03801,8.2397,-6.42716,7.21397,-8.54417,-4.20801,1.39461,1.10409,-2.82565,7.60317,8.07108,3.53881,9.64078,7.9715,0.587517,-4.5228,9.81003,0.371612,-2.59414,5.27431,-7.28825,7.49365,-7.88474,5.88197,8.51213,2.9319,-2.78245,-5.51325,-9.56953,7.51807,4.54506,9.94817,6.56983,6.29476,9.79277,-0.642646,-0.925938,6.75905,1.60274,1.13428,-4.61346,-4.40898,-9.75183,6.28767
-8.7154,-1.80216,0.906391,-0.699205,-1.5832,-8.86192,-7.4977,2.08955,-1.75662,2.27774,7.67735,-5.88061,-1.40593,-0.303498,3.83859,-1.75982,1.38696,-0.635183,-6.67394,9.23239,-2.73276,1.84206,-2.55226,-7.43298,-0.54349,3.00557,4.46636,-9.52552,-3.26689,1.38527,-1.67386,8.03193,-1.81063,-7.62885,7.0033,6.42065,4.16557,2.1581,-5.07733,-3.07697,6.94557,-8.89997,-8.40497,-3.65395,-0.334429,-6.21286,-2.54346,7.3461,0.63695,-4.86801,2.4354,2.41851,7.051,0.816959,-0.342321,0.489372,-6.67289,7.95081,-1.56823,2.27681,4.31429,-2.64289,3.39769,8.3475,9.5025,-0.777568,7.22642,-5.43839,-8.10669,6.85072,0.945431,-0.202691,-9.28946,2.8975,3.92509,3.21006,5.19951,-7.73107,6.29896,6.04366,-8.76067,-3.75723,-7.0034,4.8539,-3.21042,-9.87832,-0.255307,-2.93773,9.74735,1.38165,-2.74315,-4.03096,-4.86234
3.36908,-6.20551,0.864744,2.94524,-0.4487,4.80827,-1.60375,9.3454,6.46144,9.18308,-4.37764,-0.814789,-6.27667,-5.86948,-2.30485,-2.31942,1.32721,1.25798,4.4438,-0.783279,5.42215,2.63321,-5.77027,2.88645,3.78601,-5.75514,-5.66605,2.72911,-5.7752,-9.20985,-0.955522,7.09604,6.31177,7.0033,1.60398,-4.49483,-9.58553,2.91375,-5.37184,4.64186,-9.17822,2.01726,3.76099,5.18124,9.374,1.51531,3.06609,6.6279,-1.0178,8.20967,7.05799,8.99166,-0.654741,8.34217,8.75348,2.82298,-0.628525,-8.3526,5.21846,-8.34918,-2.3354,-3.48113,-6.4881,-9.29305,-2.1898,-1.24656,-8.2627,-0.921359,5.97757,6.27886,-9.62673,2.90219,-9.16685,-8.1787,-3.57866,6.85876,1.35974,2.47925,-1.44498,-1.52994,3.03162,-1.20461,8.91455,6.26842,-9.07321,-8.03418,6.4994,5.1408,9.13537,1.02889,5.12552,-4.81306,-1.09271
6.95335,9.92858,1.15934,9.84242,-1.21552,9.20524,1.47854,9.74274,-9.3223,7.92807,8.33807,-3.52789,6.43392,2.64811,-5.18978,-2.89153,-0.832343,6.49358,4.51349,0.38439,3.47036,-6.45347,-0.594987,0.844498,2.18947,8.39066,3.10593,-3.92553,3.46257,4.93458,2.30204,5.6354,4.54983,6.42065,-4.49483,-8.1534,9.05392,-8.02731,6.73593,-4.44754,-6.29596,7.21113,-2.31217,-1.72437,5.03393,-2.53743,9.94069,-0.489602,4.58457,0.52964,8.65385,-4.74746,5.99341,-4.13001,-2.51066,8.0973,2.71984,6.01701,-6.31502,1.68423,4.1914,-9.06365,1.59469,9.36636,9.06268,-1.24703,2.1084,3.45042,7.04905,-8.30104,2.85838,-4.66096,9.71835,4.67505,-5.33315,-4.70153,-7.87652,-1.70787,1.18934,-8.01897,3.12471,-5.04892,-9.61585,-3.80078,-1.42923,8.16282,0.83808,-1.69921,8.44472,-7.90364,-6.5628,0.750683,-0.0380954
-3.59746,8.68548,5.55455,6.45087,1.56469,9.95021,6.22315,-5.29745,6.93039,1.9108,0.651426,5.15416,-0.902297,-7.7333,-8.88859,5.88024,3.2449,4.47545,7.21758,9.32862,0.00751797,-9.28629,-9.06548,7.92701,-6.66297,9.552,-4.01572,5.02016,-3.79686,8.90834,-1.85247,-1.86751,5.3573,4.16557,-9.58553,9.05392,-3.07756,1.9455,2.98775,7.47869,-0.252297,-4.12468,-7.33799,-1.83475,-1.52352,-0.917884,5.70758,0.141829,5.46869,5.48618,-4.47112,0.999319,6.42681,-8.47196,-6.28543,4.83857,6.69471,2.16241,-3.57159,-1.70702,-0.3093,2.97712,1.90498,-6.20326,-0.899888,-2.84836,-0.541125,4.34679,-0.840752,-8.53577,-6.65607,4.70778,2.43636,4.00168,-3.92018,-9.94784,-6.77736,3.44645,8.21852,1.0756,1.93271,-2.60651,-8.64696,4.45429,5.27924,2.0184,2.0267,6.34172,-7.10797,9.18595,0.534258,2.13162,-3.25421
-4.89131,-1.45476,9.48749,9.73236,-3.98981,7.11254,8.14776,1.32147,-1.57918,-9.60157,-0.570395,-9.41156,0.066168,-9.85722,-0.805882,9.37998,8.11954,7.18439,8.35991,-9.94033,4.15872,-5.85956,8.85005,-5.58066,-6.66519,-3.46241,0.597842,-0.904413,-2.84104,-9.16066,-1.65043,-2.00903,-3.86295,2.1581,2.91375,-8.02731,1.9455,-8.67429,8.0009,3.99926,0.53446,-0.724392,-0.674979,9.18624,5.20836,8.8699,-4.23123,6.43651,-2.78988,6.99934,-0.295353,-4.5405,2.86009,3.57415,-9.88073,-2.39749,-1.22779,2.36177,3.03505,6.66138,4.05526,8.74245,-7.03205,3.32247,-9.09571,0.889368,8.20006,9.90736,-4.12855,-9.8017,-7.26946,4.79065,3.33053,5.1051,-0.5488,-9.99266,-1.48828,8.8196,-8.94519,1.8786,-3.40237,2.97343,7.41829,-8.25484,-0.224702,0.822652,6.84951,-5.34294,-1.74011,1.46345,7.92409,1.92086,4.0749
3.48669,-8.98434,-9.83479,-0.362687,-6.69661,-2.70885,-7.40396,5.9689,3.74745,6.98053,-3.52854,4.97861,0.682851,4.80514,4.19216,-3.99916,1.74632,6.30579,6.69896,-9.15859,3.56291,6.46291,-5.60815,-4.36408,1.04673,2.86314,7.98256,4.86676,6.40552,6.92761,-8.39149,-3.46893,7.89989,-5.07733,-5.37184,6.73593,2.98775,8.0009,5.63434,-5.26824,9.01929,4.71058,-8.21202,0.469083,7.6287,5.46363,-6.97285,-3.55897,1.9469,5.74522,-4.02512,9.6391,0.808158,4.36983,6.99931,2.47827,-7.41749,3.56406,-4.82777,5.65934,2.59592,-0.445936,7.41174,7.60555,-2.09144,0.446794,5.15032,9.92385,-8.18743,5.13872,4.71747,9.15001,-6.26362,-5.88913,-9.95123,6.86127,-6.90385,-1.94153,0.832978,1.64169,0.555403,9.34722,6.38181,8.157,-9.41933,-0.21256,-0.587125,5.81506,8.69339,1.79836,2.1707,5.72309,-2.1221
8.673,0.119807,4.06058,6.97673,-7.47255,-9.02183,1.9242,2.72748,9.04841,2.02624,-5.13364,7.28633,8.34155,9.86864,5.13134,-6.71893,-4.95272,-4.29536,4.25417,-0.256842,-0.0294299,2.32255,-1.4866,0.990563,4.73198,-6.30652,1.15712,9.59657,-8.40019,-5.89037,8.95698,4.01022,-9.12653,-3.07697,4.64186,-4.44754,7.47869,3.99926,-5.26824,-7.05805,2.07005,7.75687,-7.44199,2.63579,-0.93678,3.87007,-2.72997,-9.56025,0.0619445,-2.61551,3.5429,4.28155,-8.98268,-3.63963,-3.56448,0.517789,-7.93154,4.57964,-0.415314,2.68017,9.03753,8.81826,-8.00164,-8.23768,-2.75018,-3.74541,-5.75093,-4.25829,-7.05043,-4.61246,-7.78535,2.00884,-1.93551,-2.63412,6.67324,-9.22647,-1.81505,-7.19257,-5.4949,-7.88912,6.6079,2.4501,-9.55658,-8.12724,-6.33248,4.89048,5.16784,-8.99931,6.1083,-8.60298,8.65046,-4.88495,-8.62463
-9.26928,-2.11018,8.15468,-3.93415,-3.41909,5.93236,-8.64655,-1.34976,1.26326,-7.57728,-4.29219,-2.62271,-5.30648,3.18712,-4.90629,6.65062,4.04047,-1.92413,2.31639,9.97073,-5.97772,2.57668,1.73097,-2.1303,-8.99911,9.6159,0.928962,6.44869,-3.78437,3.20132,0.743608,5.9625,-8.38871,6.94557,-9.17822,-6.29596,-0.252297,0.53446,9.01929,2.07005,-6.88202,5.32651,4.59381,-9.99035,-8.20332,-3.03144,8.56657,5.59957,-7.28423,1.79256,6.24513,1.39405,0.748008,-7.74619,-8.02944,8.88015,-0.51556,1.14689,-7.34055,-6.00237,7.01021,3.25858,-9.14476,1.7533,6.10219,6.02579,-2.2965,3.20735,1.26058,-2.52551,-8.75952,-6.07474,2.60425,6.19461,3.72881,-3.21743,7.62361,8.82643,1.47697,4.62575,0.215413,3.38553,-3.51222,-2.79507,-6.91702,-6.94824,8.56251,5.51322,-0.745841,-5.47359,8.89354,2.92846,0.348906
-7.35213,8.4573,-2.59112,3.15531,-0.0176967,-2.89673,-1.04442,-9.30873,9.54062,4.71453,8.18038,1.97836,7.05596,7.26794,0.848967,-3.7546,6.18396,-3.50069,5.74824,-0.759194,9.80117,-2.2762,5.26624,5.0184,6.89927,-7.90303,5.46246,0.661379,-1.89815,-0.796861,-8.77064,-4.86144,-1.34199,-8.89997,2.01726,7.21113,-4.12468,-0.724392,4.71058,7.75687,5.32651,9.33542,-0.868152,0.883309,0.280115,0.00472152,0.600873,-0.628203,-2.65906,5.24104,-3.9104,-8.76624,-8.51534,-6.83999,-4.29653,-7.94113,5.68,-5.82713,-2.37828,4.99026,7.1769,-2.18738,4.5575,-5.52946,5.52139,-7.29859,7.90348,0.910745,-1.49506,-8.45152,3.70969,0.916535,-2.66685,8.44837,-1.824,6.01768,-8.32846,7.77524,8.00682,-9.16176,1.57906,-2.473,-4.32836,4.07899,4.63294,9.07892,4.43637,-8.35998,3.46506,-7.26718,-0.850218,-5.19664,-3.05324
-8.92854,-8.23668,-6.47185,0.832443,4.02726,-5.52598,2.37452,-6.43328,-6.94921,9.71387,-8.12863,-7.17931,-2.13057,0.473507,4.10908,-4.98271,3.88078,-2.03588,-2.69318,-9.66916,-2.3253,-1.5623,7.58273,9.10454,7.0601,-2.47295,0.967578,-7.77649,-8.57646,-9.16914,-4.04991,-9.05404,-7.84937,-8.40497,3.76099,-2.31217,-7.33799,-0.674979,-8.21202,-7.44199,4.59381,-0.868152,6.40347,4.3974,0.0252769,0.0384775,4.98138,8.22687,2.14362,-6.68406,-4.59235,3.5238,3.91455,5.23951,-5.97206,9.80743,-9.96695,7.81058,8.45204,-2.01181,-4.02983,-3.46107,5.21433,9.20631,6.6449,-7.93978,1.70634,6.31445,3.79832,8.97037,3.1062,1.12727,-9.69321,-3.50751,-0.928027,-2.5434,4.04443,-5.3633,-5.9672,-0.796972,-5.95573,-6.2434,-1.13438,4.03024,-6.34857,-5.59546,-5.65427,2.46169,6.53832,-5.40358,-9.34211,-9.30751,7.5431
8.10487,0.263354,9.00247,7.58857,-2.96685,-3.6581,-2.27408,-1.8719,-4.11399,3.822,9.52813,-1.03657,-4.27664,5.40871,-4.96852,-4.63824,5.50014,-3.5096,8.44304,-3.85525,-9.4503,2.34689,-2.34159,9.0818,1.80066,6.88074,0.558578,1.88877,-5.08182,-6.38349,-4.09131,-5.74811,4.82714,-3.65395,5.18124,-1.72437,-1.83475,9.18624,0.469083,2.63579,-9.99035,0.883309,4.3974,-7.14134,3.98191,8.39315,-0.583565,6.12069,4.00135,5.51634,7.8793,-0.0855995,4.72027,3.14919,8.87405,5.91012,-5.80256,9.7483,7.78101,4.0056,-8.36765,8.44789,7.57823,-5.63757,4.2164,5.66469,1.16106,-5.3938,-6.02842,4.39863,6.75609,0.205502,0.51903,2.2974,-1.57544,-1.79595,3.78631,7.91583,-1.59123,-7.76766,5.76659,9.15481,-8.14568,-4.71709,-7.72785,5.80398,8.13103,-2.02592,5.17878,5.93567,-5.03482,8.03359,5.8018
1.2443,-7.49659,9.13301,-5.67954,5.81993,-8.76583,-0.804499,-0.898791,7.47318,-3.7923,3.0328,9.28137,-9.26069,-8.11396,5.38989,-7.64721,-3.59345,-8.75533,-7.09756,-2.02093,6.07936,-4.8981,8.99129,-5.86327,5.07783,-9.79029,-2.97845,-1.57046,-9.92448,-1.26002,6.3825,4.46338,-8.1998,-0.334429,9.374,5.03393,-1.52352,5.20836,7.6287,-0.93678,-8.20332,0.280115,0.0252769,3.98191,-4.05191,0.42091,-2.31995,-1.82984,-9.10609,9.38923,-3.52635,-1.62994,-2.90127,3.44877,-1.6693,-7.51658,8.31961,6.03039,8.28797,-3.67455,3.0841,0.961983,4.33615,-5.82101,0.920329,-2.35464,-7.36833,2.86484,5.12298,-0.54661,9.02628,3.9718,-8.52314,-9.82596,-0.691598,6.04474,3.11284,8.42585,-4.72185,4.00492,1.34041,-1.49065,-2.10209,-9.75078,-2.51114,8.65703,9.86372,3.45034,2.95517,6.37586,-2.40483,9.09579,4.00689
7.09634,6.7978,-8.54034,6.19001,4.96129,1.82288,8.40312,5.43962,-6.14462,7.34724,3.75742,-7.96182,6.48746,0.556771,3.37712,9.92877,-2.51081,0.112884,5.10273,-7.52599,1.12123,-0.35613,-4.87568,-2.22015,-0.882054,3.45291,9.85575,8.97993,-2.85907,8.94002,1.20952,4.90707,6.61081,-6.21286,1.51531,-2.53743,-0.917884,8.8699,5.46363,3.87007,-3.03144,0.00472152,0.0384775,8.39315,0.42091,-9.80562,-3.51244,-5.61256,1.19847,4.30502,-4.66008,-3.02969,-2.87456,-5.54628,4.51065,-5.33753,0.687359,8.00938,-4.50808,-6.85915,4.80111,1.10573,-9.24626,9.68765,4.62651,-5.46521,-3.74685,-9.83293,-8.99957,8.05748,8.25579,-5.45144,-4.57089,1.80488,0.739614,-9.30664,5.55257,9.70986,2.13524,6.07789,3.08139,0.346077,-6.51262,-1.87694,-8.4794,5.88468,0.513807,-2.07594,5.71189,7.40413,0.197337,-3.88327,-3.78572
8.68646,-8.38282,7.80668,-7.6097,-5.89374,-3.73871,4.9561,-0.754891,5.8455,9.13847,-2.21155,-5.83198,7.71046,-1.84087,-3.43466,-2.82546,8.57352,1.47739,-8.85616,6.46029,-6.66961,-5.6429,9.04398,-6.30927,-6.23498,-2.02491,-8.54924,-6.81483,-4.52572,7.07687,-9.31525,-2.33943,-9.53377,-2.54346,3.06609,9.94069,5.70758,-4.23123,-6.97285,-2.72997,8.56657,0.600873,4.98138,-0.583565,-2.31995,-3.51244,9.74755,6.08203,2.05386,5.34554,7.02929,-6.99539,-5.21657,0.638771,6.71004,1.45939,-8.33411,0.617663,-0.348714,-6.49521,-7.76627,4.59961,-1.74636,1.1166,-8.80692,-5.51411,-0.0958178,4.45628,5.60537,-5.84347,5.91356,-0.776902,4.33933,0.649048,-8.95635,1.54719,9.98358,4.76742,-7.23793,5.84135,-0.525675,0.523331,-4.00765,0.584915,9.47112,9.56807,3.0429,-3.98137,2.37335,-4.76539,1.7658,2.4609,8.32255
-0.893892,6.5525,-4.90239,-2.08552,-9.79874,-2.4697,7.97027,6.20576,9.8282,-1.17613,-7.13162,7.02635,2.63265,7.04953,3.53071,7.82804,-9.86265,-2.48509,-7.86217,-6.66533,4.42951,4.69045,1.24528,-9.93463,7.79956,-8.73654,4.23249,-7.265,5.474,9.04728,3.33433,6.09538,9.80915,7.3461,6.6279,-0.489602,0.141829,6.43651,-3.55897,-9.56025,5.59957,-0.628203,8.22687,6.12069,-1.82984,-5.61256,6.08203,-8.70948,-1.98944,-1.83169,4.26681,1.70659,0.614438,3.78073,-9.97248,-4.78247,-5.18401,-3.39629,2.52791,2.18374,-3.26782,-3.28757,-7.65033,6.26577,-4.0262,-7.46073,9.08534,2.34064,-4.2326,8.53029,7.13551,4.05552,-1.14957,1.55325,2.0741,-4.64752,-6.16747,2.18352,6.30562,9.98443,6.09555,-6.95326,1.40125,-6.91467,4.57712,6.55582,5.45107,-0.388187,3.41243,-6.58309,-8.9759,-7.09311,8.02773
-1.07405,-7.05297,3.27395,-5.47359,-6.86675,4.09479,-9.6651,-5.90743,-5.61967,3.06765,-4.55525,-6.15078,7.00493,7.28495,-4.45404,8.23379,4.38129,6.58273,-9.95897,6.76791,2.36622,1.0384,6.33639,-8.82754,2.41676,5.17384,3.394,-0.57246,-4.49796,6.21673,-7.15822,-1.5162,1.92858,0.63695,-1.0178,4.58457,5.46869,-2.78988,1.9469,0.0619445,-7.28423,-2.65906,2.14362,4.00135,-9.10609,1.19847,2.05386,-1.98944,-4.0354,1.41576,3.1084,-4.99897,8.91435,-3.44012,7.34193,-4.24956,7.35405,5.4336,9.56604,-3.43133,-6.91987,0.342434,0.498993,9.53012,2.99198,5.93953,-0.887427,8.29527,7.47294,4.73788,3.26306,-1.6406,6.26438,4.35798,3.95209,3.32186,4.00241,-9.94764,3.30242,3.60621,-1.01947,8.06368,-4.1679,-5.39308,7.08816,5.25782,8.44423,9.20884,-3.77777,-1.37071,-8.77349,8.37242,-5.24379
-6.69382,-8.23811,1.52593,-1.97005,6.06044,-9.70482,-9.89771,5.74732,1.35549,5.06506,-4.98309,4.54013,-3.50326,-4.39028,-9.60155,-6.9671,2.45026,-3.25374,3.9182,-7.13878,5.33822,-9.4978,-8.6168,6.89967,-7.77825,-2.99119,-2.89169,-3.79169,0.219883,-6.46631,2.05207,6.0737,-7.03801,-4.86801,8.20967,0.52964,5.48618,6.99934,5.74522,-2.61551,1.79256,5.24104,-6.68406,5.51634,9.38923,4.30502,5.34554,-1.83169,1.41576,9.67149,8.44571,0.60643,4.49614,-8.16902,-6.04332,8.52315,-7.1089,-6.99436,-8.6696,-5.5277,2.27715,3.40356,-3.25075,4.16394,-5.40076,-7.50781,-8.99176,-8.66646,-3.67827,4.02499,8.71039,-1.66785,-2.41643,-8.87536,8.87313,-2.81329,-3.42677,-6.79928,1.17487,1.70355,-6.2409,-5.35782,4.55656,9.89421,0.303866,-5.95275,9.4535,-7.28483,5.70002,-8.57669,-8.94014,-1.59136,-4.43048
