6.08558,7.55306,9.87885,-9.05474,-0.158485,-2.86813,6.71968,3.61265,-0.880479,-0.509431,4.62839,-0.389485,-3.5758,-1.31306,1.29426,-8.56702,2.85854,1.52734,-4.8948,-0.423386,8.09744,9.31858,8.60141,-6.5118,4.63111,-6.25374,-5.39944,9.6679,7.65102,-5.47818,8.79696,1.7364,3.86549,5.32831,0.741785,9.99214,9.75767,4.41473,8.02388,-3.02358,3.80891,9.99607,5.23427,-0.308718,5.00314,1.59683,1.75973,7.04994,7.95238,-8.4614,-4.88083,5.08426,2.84511,-6.76606,-3.68831,2.55604,-0.944216,8.38981,2.25892,-1.81442,-4.21776,-8.82217,-3.22533,-0.107229,-0.514029,5.97375,-1.16341,-9.70484,-4.85221,-6.54951,-7.99498,-6.72022,1.22494,6.4526,3.45087,7.15264,5.0389,8.24117,-9.00478,2.24353,-6.83261,-5.58841,-1.74347,9.23301,-4.6556,1.06582,-1.47308,-6.13259,2.06716,2.58813,7.52311,-5.85623,-7.67169,-7.71883
7.55306,-5.30411,6.32803,5.45644,0.159469,-6.04409,1.44767,9.01608,5.01142,7.48069,-9.97575,2.6822,2.65203,5.02386,-6.3958,-9.18214,-4.92436,-5.10422,6.61348,2.27933,-8.51218,2.14264,-2.79497,-5.83663,-7.71948,1.68876,7.30301,-5.25396,0.0899347,-2.72291,-1.15921,8.69915,-6.81563,8.16951,-3.01449,0.924006,5.05851,-9.98076,3.37437,-5.68185,-2.10621,-2.09976,8.46031,4.85988,4.21705,-6.46834,-5.0869,-1.24717,3.8092,-0.856413,9.53464,-9.20573,-7.8713,0.0816906,1.41274,-7.17758,9.9404,-3.37222,4.98309,-7.00635,-2.37525,1.69267,5.06487,-6.01497,5.06925,-7.06706,-2.15322,0.111137,6.12577,-2.04978,-5.83001,4.41756,-9.7236,-0.344995,-4.67709,-6.99057,-2.78075,-5.9702,-5.86795,0.810005,2.15567,-4.68853,8.73529,0.619767,-7.99319,-7.20516,-2.57155,-0.2936,-6.8879,9.35147,-2.84734,-7.95851,6.94645,-0.681206
9.87885,6.32803,-5.63851,8.66087,-0.264815,-7.9436,4.99553,3.59226,-6.79697,-5.73665,-4.25956,-2.59379,4.53569,-6.38797,-8.59603,9.83191,0.602607,4.29098,-6.72826,-0.362696,9.28526,1.50839,2.25513,-5.17643,8.42965,6.3418,-1.50496,-4.46554,-6.13516,3.88615,6.42199,-8.85655,-9.91748,-7.59146,-8.33073,-9.69734,-1.69436,0.695085,7.34489,-3.80407,-1.00578,-8.02612,-7.54025,-2.57594,9.15369,-9.49329,9.93961,3.70468,3.939,1.07162,9.51955,-4.12811,-2.2769,-3.64901,-4.09705,3.5784,3.00251,9.11242,-7.81294,8.78243,-1.43411,-1.21097,-8.67316,0.109426,-5.46235,-2.70795,6.94877,6.45459,-8.51826,1.64352,-5.99318,-0.728703,-6.15699,2.10977,5.59139,-6.60772,3.44887,-7.06596,4.05246,6.74695,-9.68344,4.0999,-0.295097,4.309,-8.40559,7.88549,-9.85453,2.72596,5.28058,-7.68539,9.71702,6.63331,-5.73185,-6.90137
-9.05474,5.45644,8.66087,1.21111,-7.16628,8.82159,9.08786,-1.58896,3.66904,-6.45834,3.02054,-7.78013,7.29956,5.27298,-8.22889,2.56005,5.83179,0.496517,5.63712,-8.22152,-3.42483,-9.47883,-6.65733,-8.89971,-1.94186,-2.79459,0.27499,-9.54346,-1.47304,0.842312,0.150926,8.88465,-2.60338,-8.12698,8.99655,-2.15399,-9.02979,-7.20149,8.65494,-1.02854,9.02403,4.7653,-4.78242,-5.39848,7.02256,3.96307,7.65743,-7.71475,1.58608,3.80665,7.60056,-6.65652,8.30116,2.86808,6.18269,-6.33772,6.88238,-3.57418,-1.35431,-1.12441,-5.85932,-5.98904,-1.80198,5.61854,6.58159,0.484234,3.93579,-7.70743,2.71095,-4.22817,1.32463,-5.45287,5.776,-3.89108,-8.63264,6.30588,9.92309,-0.118133,-9.66236,2.34113,5.85453,-4.45524,-6.81339,9.81544,-5.05845,-8.04861,-9.28594,9.93796,-8.64018,1.71693,3.44411,0.370095,-8.35652,7.20012
-0.158485,0.159469,-0.264815,-7.16628,4.84684,-5.28758,-6.46153,0.822804,7.39839,7.62414,2.93085,6.89732,-7.93492,-3.98732,-8.8967,1.89316,-5.35021,9.799,-7.34071,4.98432,-7.56769,-2.05821,-0.195272,8.66169,-8.76172,-8.5156,-4.30738,1.38249,0.452689,-6.0331,-2.97452,0.714677,-1.30801,-1.31354,6.57364,3.09573,-9.25393,-2.01588,1.06404,4.36652,-9.23574,9.44536,2.23927,-3.5437,2.89243,5.81974,5.60029,-7.46,3.36512,-7.59969,3.62079,4.89602,7.21678,1.92755,-5.88478,-1.2018,-5.58998,4.97261,7.00206,-0.396119,3.50302,-8.20427,-0.329306,4.91453,-3.28848,-0.59353,-3.33653,8.02506,-5.94929,7.03539,2.69575,-4.40686,-5.37919,2.53247,-9.3472,-1.37693,6.3095,-6.48351,8.3904,1.85483,-4.81448,-5.39543,0.323959,3.26049,-0.744583,-5.04246,-8.52906,-0.832849,5.40763,1.60338,-7.4321,7.62807,1.71134,-8.6325
-2.86813,-6.04409,-7.9436,8.82159,-5.28758,-9.33811,-4.31016,-6.05349,-1.55936,-5.7921,3.04472,-8.4036,8.47416,-8.24437,6.66492,-9.48824,-4.82933,-1.66667,8.97216,-8.22628,9.80732,5.29462,-6.35672,6.09711,8.6867,6.99551,6.63568,-3.92696,0.329671,-0.105205,3.07799,3.73032,0.136933,-7.31192,-4.47666,3.21371,-9.33687,0.48685,9.17572,1.53446,5.69284,6.67048,-8.13212,0.75321,-0.0690682,-9.32607,8.61969,-7.03706,0.57879,-1.27076,9.57579,7.49981,-8.35122,3.10961,6.45731,-4.51773,4.99974,-4.26911,9.71026,-9.47033,1.71609,-2.9792,1.73749,-1.15594,8.47663,-9.46328,-6.55601,7.7534,-0.701918,-2.4988,1.38259,-0.0425152,3.91337,6.70933,6.73473,6.78381,-7.20838,0.780552,1.26081,6.22266,7.31268,-1.92745,-7.33978,-2.38026,-0.369073,-6.55255,7.81064,9.48114,-2.14687,0.0215132,8.18451,-5.19394,9.02175,1.1847
6.71968,1.44767,4.99553,9.08786,-6.46153,-4.31016,-4.75789,-3.5789,6.25136,-5.60964,8.89201,-4.4732,6.37259,8.35509,7.16854,-5.58845,-5.18011,1.9884,1.46471,0.628038,-8.84279,7.72957,3.57167,0.657233,3.00635,6.86519,3.39805,2.0425,-6.90789,-2.30959,0.824056,-6.00042,8.08251,-0.507102,4.55835,6.57431,9.46052,1.0751,-4.48376,7.28765,5.01766,-1.77816,-0.382145,5.70421,2.44355,4.16047,-3.4136,7.92846,-6.78224,-6.70967,4.4779,-4.11525,-9.4827,-8.00644,8.3414,6.44401,-5.00206,-0.0731032,-0.373979,0.390043,-6.60913,-0.126123,5.48961,-9.10818,-3.96738,-2.8204,-6.79456,-0.505211,-4.85753,-0.569583,9.50184,-4.72521,0.917392,-1.77768,4.74793,-7.34515,5.86804,5.57673,-6.53042,-9.57798,6.45124,1.44002,-9.81396,0.0259141,-5.07622,-1.75953,-7.49033,0.608152,-2.69464,2.64499,-7.37172,-5.68892,1.83565,-9.25566
3.61265,9.01608,3.59226,-1.58896,0.822804,-6.05349,-3.5789,-3.25195,0.768829,-9.92291,0.661354,0.422036,6.71449,4.15784,-7.8918,7.09997,5.60697,-9.97395,1.41019,8.3342,1.82864,-2.63097,4.54777,-4.9415,1.33567,-0.0606036,-7.34536,5.73106,3.31817,-6.23116,-2.45644,-2.88297,3.19385,7.65426,-3.53156,-9.82739,4.0717,-5.63307,7.43507,5.88782,8.1971,9.47987,-2.72363,-2.33627,-4.41983,-1.36413,-1.77636,3.71445,-7.07072,-1.61343,-2.06044,-3.64293,-1.18332,0.762804,1.96024,-8.94858,8.94426,9.92613,-7.81414,3.26291,3.5362,-2.035,-4.40959,-5.04002,7.95797,0.116074,-2.27269,9.35134,9.90116,-0.667757,4.29733,9.88325,-6.87084,-7.56486,-1.74052,-7.23398,3.90311,4.26367,6.22636,-0.585282,-1.77122,9.53593,8.0141,3.31253,-9.23393,5.70151,-1.74354,-7.498,7.6078,9.5642,6.02833,-9.36314,4.88934,7.83888
-0.880479,5.01142,-6.79697,3.66904,7.39839,-1.55936,6.25136,0.768829,-7.65733,-2.38715,8.32781,-0.492933,-9.37279,7.96991,7.16151,6.13163,-5.26796,-7.77318,-9.73054,-2.57193,-3.80143,-5.63265,8.5236,-4.56154,7.51708,-3.85162,3.82375,-8.52808,-6.71602,-9.27465,-0.23612,3.53182,6.54236,0.681741,-1.2639,5.00348,-1.69596,7.95397,-8.44415,-4.43482,-5.17069,-7.2538,9.67523,0.272254,2.78898,-7.90523,5.84464,7.56244,5.79305,4.0974,-3.56047,2.88865,6.8414,-2.78737,-5.90439,-4.61352,-2.80436,-9.11848,8.58996,7.61785,1.01175,-7.08121,-5.00314,-6.10687,5.3085,2.84599,-6.9416,-4.72305,-4.35163,-0.726609,-5.67748,5.33046,1.88902,-2.36215,-3.93107,7.90137,0.60735,5.96396,-5.45137,-0.620196,4.53118,9.12689,-9.23306,1.53746,-9.44723,3.65967,1.02644,-3.99661,-4.74668,6.10355,-1.04372,-4.58023,5.44638,6.26445
-0.509431,7.48069,-5.73665,-6.45834,7.62414,-5.7921,-5.60964,-9.92291,-2.38715,-0.817007,1.80505,-3.59471,8.91481,2.68753,-4.19815,0.122935,9.09338,-0.506538,0.835972,-1.04898,8.39987,-1.87786,-4.735,-4.9739,9.45911,-3.61441,-5.96016,2.25651,-3.38256,6.78654,-6.04253,-1.60012,-3.30539,2.994,-3.34052,-2.23525,-2.66716,-7.36705,5.05074,0.433425,-0.806889,4.56748,-2.56279,8.14315,6.42324,-0.77004,-0.547457,9.15382,-9.98621,-9.11948,8.77423,7.20107,6.55812,-6.15739,-2.70415,-2.63973,6.59473,8.22829,7.4822,7.90707,-3.53433,-5.91856,4.64363,8.9835,0.269673,-9.81912,0.309396,9.44574,-7.24446,2.63444,1.50777,-4.19306,-7.1856,-2.7601,4.89791,7.29757,-1.54306,-1.33356,-8.49666,-6.19139,-0.337188,-0.690529,-9.66557,-8.50884,-7.47198,-6.91271,-1.31868,8.24727,4.82322,-2.03915,-6.58876,7.29722,-8.9682,7.59837
4.62839,-9.97575,-4.25956,3.02054,2.93085,3.04472,8.89201,0.661354,8.32781,1.80505,0.719502,3.27018,-8.99042,-0.862287,0.38988,-8.81074,-8.11402,-2.35498,-6.58285,4.60706,0.632497,0.891768,1.53254,4.1513,4.03641,3.83623,-7.96212,2.52273,8.50041,4.19374,-4.19305,-0.863208,8.82654,-9.19736,-9.05639,8.92937,2.095,2.91909,-6.71397,8.35015,4.38028,1.0672,-4.09149,-5.02914,4.46634,9.50891,-4.97814,9.61806,-2.99076,6.2926,8.74781,-7.43929,1.29706,1.72294,-9.72433,9.81997,9.77952,0.407937,-6.82292,0.811581,8.85356,0.290873,2.21083,0.855208,9.62085,-4.43917,-1.68756,0.720136,9.59872,4.76962,5.78213,-9.63799,8.42362,3.71447,9.18498,-1.89001,-3.40739,7.7283,-2.12513,1.44986,-0.360969,-6.83287,-6.39938,-8.59304,-3.74361,3.63251,-5.71431,-6.00899,-3.75057,-7.07003,8.4644,-9.99339,-8.59096,-9.69671
-0.389485,2.6822,-2.59379,-7.78013,6.89732,-8.4036,-4.4732,0.422036,-0.492933,-3.59471,3.27018,-6.41413,2.60874,-7.40696,-0.741887,3.67388,-8.6085,-1.19643,-1.37038,-4.31322,-7.40839,-9.8817,-8.47473,-3.37027,-7.66368,4.70022,-7.62136,5.49136,-8.01129,-9.45963,-7.06982,-9.87454,-7.57329,-3.77278,-7.32388,2.50292,8.26458,-2.66564,6.17774,9.43017,4.80537,9.51743,-3.37154,-6.31233,5.6891,-3.7678,-7.08321,2.84859,-5.61632,-0.854378,8.59859,-8.28871,3.53394,0.0543653,-2.85507,-7.96235,-1.85766,-6.14039,-5.82182,-6.59672,9.69093,-9.24672,5.95799,6.72749,-0.426813,8.896,3.94099,1.78563,7.84907,-7.40382,8.85615,-8.31691,3.96822,1.30034,9.94225,8.63028,-5.0287,7.18673,-5.90997,-8.24242,7.38276,2.28392,-2.67867,-4.38007,-2.42225,-9.05104,5.71889,-3.47837,5.04113,-4.97016,8.52465,-7.81641,-4.86732,2.09958
-3.5758,2.65203,4.53569,7.29956,-7.93492,8.47416,6.37259,6.71449,-9.37279,8.91481,-8.99042,2.60874,-0.651513,-4.67542,-5.31911,-3.6137,9.26625,-4.56169,2.66758,-1.38672,-5.80268,2.63062,-2.57259,-4.6979,3.37146,-0.509816,-1.59803,-3.0131,-8.52173,3.64872,0.189311,9.14145,2.39469,-9.52078,5.11162,3.79419,-0.129314,0.936781,-7.49173,-1.32758,7.63195,-4.62391,-4.7304,-7.40576,-5.22983,7.69574,-9.28317,-5.06693,4.2956,-6.57688,-6.57075,-6.51048,8.12054,-6.99296,-2.75802,0.696211,5.12544,-0.981345,-6.93078,-1.72554,-5.93514,-4.78252,7.86982,8.59411,-9.97627,2.65738,-3.47762,0.237043,7.58677,-1.10768,-5.00399,4.25249,-8.52647,-2.58833,-5.07004,-8.96817,9.68229,-1.4926,-6.89993,-6.19226,3.02225,6.75769,-7.12604,6.4917,0.453604,8.95771,-2.35585,4.55535,5.53964,8.9886,2.00507,-9.61922,-0.656904,8.26566
-1.31306,5.02386,-6.38797,5.27298,-3.98732,-8.24437,8.35509,4.15784,7.96991,2.68753,-0.862287,-7.40696,-4.67542,-7.4959,8.30047,-7.78247,-0.67428,1.694,-7.86579,7.8621,0.706254,5.88823,9.971,2.33053,7.13089,-9.52373,0.010316,-4.14462,-2.40485,3.37042,6.93713,3.60814,-8.64585,-3.95966,2.8376,4.43588,3.02989,8.82163,-5.63154,6.46839,9.37545,1.02748,6.58173,2.22678,-9.7593,4.6661,7.8345,5.03682,-6.96383,-5.58628,4.99702,-6.71928,6.72896,6.61177,8.75577,-3.66377,-1.26615,1.87702,-3.94947,1.55095,-5.26813,-3.21232,5.72581,-4.74617,-3.87211,1.3724,-3.48663,-6.23856,-8.02967,7.75053,5.84533,6.91747,9.64909,-5.70861,5.08231,9.98092,-6.24194,-2.0276,4.12467,-6.34455,4.79592,-6.48552,-9.36502,-9.09359,-4.68159,-0.694596,-6.78091,5.41561,1.29712,2.6593,0.771269,-1.69436,-1.32689,-9.29287
1.29426,-6.3958,-8.59603,-8.22889,-8.8967,6.66492,7.16854,-7.8918,7.16151,-4.19815,0.38988,-0.741887,-5.31911,8.30047,6.54548,-3.4539,8.22228,-0.488645,0.0425426,3.84045,-0.947655,-5.42073,-3.02723,3.83292,-8.82993,-7.6738,6.87357,8.65902,8.15663,5.9154,-6.00282,-2.37506,-0.0698662,4.71261,-7.22067,8.80239,-0.701365,7.7148,-7.51238,6.67864,-8.54689,-2.93599,-0.921894,-3.40121,-5.05306,3.44382,-1.73945,4.07724,-7.12174,-8.85398,-7.30547,1.37561,3.80678,-4.216,-5.15268,5.57567,7.21422,3.57122,-4.34522,7.55325,-8.83361,7.86008,1.72785,-0.677701,-3.46919,-7.74729,-5.86696,-7.88592,-2.13463,3.52793,-3.08138,-7.95975,-2.89993,-2.67827,-6.72528,-3.09122,4.38958,-0.904577,-4.33218,-1.09508,-0.620935,3.17825,-7.45771,-2.86512,-9.52726,-2.57771,3.39872,3.49924,-3.02515,6.32054,-4.412,-2.25075,5.66357,-7.71374
-8.56702,-9.18214,9.83191,2.56005,1.89316,-9.48824,-5.58845,7.09997,6.13163,0.122935,-8.81074,3.67388,-3.6137,-7.78247,-3.4539,1.83203,-2.41985,-8.6319,0.137857,5.24812,-0.746793,-1.80899,2.24232,0.204968,-0.378575,5.06532,-6.70915,-2.85574,6.75527,-0.691891,-5.08949,-4.66661,5.52524,-0.414573,8.44599,-9.71236,-9.27827,3.56084,3.57261,-1.0044,-7.39984,-3.53417,-2.21291,-5.15895,5.5979,-3.24295,-8.16927,-0.895467,-5.28769,-6.69051,-5.86535,-6.00797,-2.04242,8.51052,-0.932932,8.8985,-0.443993,-3.65833,0.366811,0.673275,0.258816,2.34065,5.075,3.72255,-2.51783,8.12401,8.74327,4.55861,-4.16507,7.47034,-2.28243,9.45321,4.83947,-8.18079,-9.74075,-0.107394,8.06964,-0.0901062,-3.12063,4.96713,-8.13147,6.59236,5.12949,9.15294,-3.99252,-0.105903,-5.32817,8.54388,9.01135,-5.26906,8.0491,-9.109,-3.82713,-0.478881
2.85854,-4.92436,0.602607,5.83179,-5.35021,-4.82933,-5.18011,5.60697,-5.26796,9.09338,-8.11402,-8.6085,9.26625,-0.67428,8.22228,-2.41985,6.61401,5.22811,5.77912,-6.95545,-8.18086,-6.86203,2.49789,-2.87511,-9.2653,3.64081,8.62819,5.17649,0.267281,-5.89912,-3.09959,3.70531,-1.12902,-8.11845,0.421398,4.47935,4.96345,5.56687,-7.34504,7.30447,-6.43325,5.09695,3.16308,-8.60309,-0.489386,-0.290405,4.87821,-0.173154,8.36586,-2.15768,4.34271,-3.49045,-6.51631,-3.23506,-2.84102,-2.12374,-7.30142,1.9008,-2.3827,8.30212,-4.29191,-7.18341,-2.04528,-9.93838,-2.95012,5.5318,7.67538,-6.92345,2.59549,-4.62836,5.74593,8.26729,-0.0513793,6.20451,0.802049,-4.1422,-8.5683,5.19945,9.90294,6.15205,-4.30181,-6.5426,5.58902,5.32919,3.68972,3.3978,-1.22213,-3.41149,5.72063,-1.93681,-4.63299,-5.76363,-1.32394,-2.57648
1.52734,-5.10422,4.29098,0.496517,9.799,-1.66667,1.9884,-9.97395,-7.77318,-0.506538,-2.35498,-1.19643,-4.56169,1.694,-0.488645,-8.6319,5.22811,-2.65942,3.85553,-9.5764,6.69726,-0.735092,-0.161136,4.31043,-3.47173,4.40894,0.126749,6.00813,-2.75398,2.39653,-3.15454,-7.34259,-4.22907,7.17962,-9.41489,1.5332,-9.02644,3.94853,-7.70378,6.62229,-8.40349,9.32621,4.49127,8.82405,3.86526,2.08335,-6.28244,1.79162,-2.49931,-0.56922,-0.942655,-0.237562,-2.04098,-0.964489,-6.345,9.59609,9.56693,-3.60705,1.06723,4.9514,-0.149034,6.9402,8.15842,4.008,8.59727,-7.2626,-5.59085,-1.3688,0.25751,3.14076,8.05692,6.51329,-5.0513,-1.39489,-2.44845,-1.3037,-7.24983,-3.24128,-0.145895,5.19245,4.23846,-0.000156581,0.153347,-1.88038,1.636,7.49627,7.32135,8.3253,-3.23418,-0.981565,7.36463,-5.60069,8.35636,6.25173
-4.8948,6.61348,-6.72826,5.63712,-7.34071,8.97216,1.46471,1.41019,-9.73054,0.835972,-6.58285,-1.37038,2.66758,-7.86579,0.0425426,0.137857,5.77912,3.85553,-0.873232,0.67127,8.32476,4.20877,-7.08088,-5.81652,-3.74791,-7.61614,-4.24576,1.94611,3.26483,-6.46661,2.07227,-8.89481,0.399534,-7.74417,-7.98535,-1.83854,6.04072,-9.13076,-9.14044,-4.43109,3.30797,-7.44224,3.09161,-2.95521,-2.58921,4.78661,6.22666,-3.62797,-4.48655,-2.7981,1.7685,-9.10674,6.84052,-3.34964,4.08962,3.16755,0.527439,-0.0504269,-0.00779233,3.24117,6.53665,-8.47376,-6.96008,8.17308,-4.2322,-3.34398,-8.81955,-3.34611,0.380088,0.425075,7.35417,2.04128,-1.47226,5.02885,3.8682,-7.20264,-4.40712,-5.19435,7.06664,3.21992,-9.41887,-7.2944,1.51834,6.31459,1.09339,-7.47964,6.78716,-6.09274,9.2607,-3.74709,-3.02712,-1.89957,-4.23104,-6.17242
-0.423386,2.27933,-0.362696,-8.22152,4.98432,-8.22628,0.628038,8.3342,-2.57193,-1.04898,4.60706,-4.31322,-1.38672,7.8621,3.84045,5.24812,-6.95545,-9.5764,0.67127,9.83963,-3.55202,7.00082,-6.34274,3.77614,9.06304,5.76405,-2.92085,4.88896,6.25853,-3.48859,-4.39396,-1.11378,-6.65187,9.84042,7.04338,-6.12194,-8.23401,-7.05151,-9.25535,-8.39996,-0.123081,-3.41069,-3.6732,-7.39329,-0.98397,-0.00810414,-6.73753,9.36411,9.66501,2.83115,-0.27188,3.15661,5.05131,-9.86213,7.33999,-8.18811,7.56914,-4.36657,-1.85328,-7.60315,6.82198,2.03027,3.4733,-6.19249,7.48157,3.0305,1.50879,7.40028,-7.25413,3.07663,-3.98237,0.123895,6.53958,-4.38307,9.10443,5.35155,0.508245,1.5217,-5.79898,8.81142,2.88601,9.28724,2.49165,-6.37157,8.00158,-2.72609,8.90285,-1.57589,7.45596,9.97914,8.41245,4.79395,-5.41983,-2.30867
8.09744,-8.51218,9.28526,-3.42483,-7.56769,9.80732,-8.84279,1.82864,-3.80143,8.39987,0.632497,-7.40839,-5.80268,0.706254,-0.947655,-0.746793,-8.18086,6.69726,8.32476,-3.55202,-5.65586,-3.68275,9.16448,-7.95189,6.23584,-5.63168,-5.06226,3.57324,-8.15205,8.27676,4.06578,7.55494,-1.98113,-1.41951,-4.5922,4.44492,5.725,7.98493,-7.70184,4.44789,-0.997758,5.74338,5.82198,-5.43758,-1.62258,-0.941128,5.55995,-1.29969,3.77528,6.1775,4.45475,0.153374,9.72772,-1.30701,-3.93212,7.0342,-6.35995,4.60582,8.11623,6.85283,1.0309,-0.994417,-7.63267,1.46295,-7.64442,9.4462,0.537658,-9.1312,-4.79353,6.67333,2.61855,-1.77513,5.92178,3.2409,-9.58334,5.02925,9.89784,-1.50985,8.843,-0.271296,-0.588864,3.34871,-4.07863,8.7249,-8.22633,-4.48556,-7.58329,-7.43785,2.71278,7.43387,-7.43663,4.04685,0.275881,3.77649
9.31858,2.14264,1.50839,-9.47883,-2.05821,5.29462,7.72957,-2.63097,-5.63265,-1.87786,0.891768,-9.8817,2.63062,5.88823,-5.42073,-1.80899,-6.86203,-0.735092,4.20877,7.00082,-3.68275,0.26486,-1.06854,-4.74229,-1.07837,8.66154,-0.604651,4.09495,-0.827318,8.55125,-0.0340694,-8.60779,-4.87782,-9.44208,-7.96894,-6.1864,-5.05655,-6.86394,5.67123,9.01431,-1.45044,-8.81175,0.875436,-4.55525,-2.04825,8.34208,-2.74891,-8.62017,1.41063,-6.09448,-5.45761,5.57244,6.9591,-4.06948,-7.94599,6.86636,1.41733,-9.64051,-0.775897,-6.55379,1.22829,0.636481,3.32512,5.27232,6.28417,3.66438,-6.63175,-9.47725,7.35158,3.45391,-5.57305,-3.2041,7.37035,6.58131,0.367127,-0.429082,-6.2787,-7.88844,-7.03647,-3.37793,9.77035,6.36352,8.98148,-6.08725,-4.21611,-2.24659,9.88735,-3.53785,0.894279,6.9669,1.4625,4.65115,0.428201,5.49813
8.60141,-2.79497,2.25513,-6.65733,-0.195272,-6.35672,3.57167,4.54777,8.5236,-4.735,1.53254,-8.47473,-2.57259,9.971,-3.02723,2.24232,2.49789,-0.161136,-7.08088,-6.34274,9.16448,-1.06854,-7.0783,4.12601,2.69314,3.2648,3.69194,-8.75213,9.95247,-4.17107,4.27378,6.80166,8.32886,6.68607,-7.47727,-6.60721,4.97911,1.54212,0.842434,8.52337,5.76594,6.80736,5.57861,-0.587068,-5.71591,2.00408,6.84993,6.44014,-6.44314,-8.87117,-4.70566,-1.97084,9.60015,8.78345,-3.49258,8.02854,9.89338,2.71395,3.27539,8.93361,5.03029,-7.22722,-2.2945,5.60891,9.26475,-0.0451561,2.22642,-1.57674,8.28531,3.50962,1.1485,-7.21614,-4.04064,3.8446,8.79018,-5.78942,5.01606,-0.551022,-1.99032,-3.3416,4.70607,5.12056,7.69446,-0.331039,-3.17209,-0.607234,6.9208,-6.58053,-9.1712,-7.31264,2.44232,-0.412645,-9.60722,-8.0268
-6.5118,-5.83663,-5.17643,-8.89971,8.66169,6.09711,0.657233,-4.9415,-4.56154,-4.9739,4.1513,-3.37027,-4.6979,2.33053,3.83292,0.204968,-2.87511,4.31043,-5.81652,3.77614,-7.95189,-4.74229,4.12601,3.99337,4.9852,-3.22214,-7.88108,-8.18263,7.78109,-2.64684,7.10541,4.69991,-1.51228,-1.96171,9.65255,4.82721,-6.77129,-0.431391,4.42093,3.18738,-6.19662,5.00173,5.37766,2.87803,-9.7255,-0.426506,1.06911,0.344328,-4.64395,-2.91576,-3.41023,-2.43056,-6.78524,-2.46855,-9.6708,-1.55594,-4.85896,9.46363,-7.38062,4.03962,-6.80622,-5.30751,8.34218,4.2472,-2.80305,-9.05676,9.02598,-1.24147,-5.25682,-7.53749,8.90796,-7.70623,7.33167,-3.65695,6.61595,9.73187,9.6945,-6.15244,-8.17777,-9.5124,-1.60912,-2.38651,7.83342,9.1998,5.02024,4.78684,-8.54898,-1.18032,-7.22988,-7.67549,6.47743,7.52021,5.66777,-4.95871
4.63111,-7.71948,8.42965,-1.94186,-8.76172,8.6867,3.00635,1.33567,7.51708,9.45911,4.03641,-7.66368,3.37146,7.13089,-8.82993,-0.378575,-9.2653,-3.47173,-3.74791,9.06304,6.23584,-1.07837,2.69314,4.9852,-2.54323,3.36165,9.53506,-7.94091,-3.34191,1.77765,-8.98178,-1.46506,-6.12547,7.82872,-6.55301,9.48019,9.61506,-3.02244,-1.00698,-5.76833,8.6214,9.29803,-6.44152,2.51497,-4.07151,-0.206713,-7.63069,-3.79502,-1.26223,6.34386,5.76986,7.65464,1.18978,6.39995,7.10643,-4.07416,-1.10591,8.13626,6.74999,-0.077934,-1.08669,7.00444,3.31592,8.41004,2.93391,-7.84958,-2.28849,-0.825349,-2.28691,-2.00954,-3.35072,-9.06466,-0.153047,9.68225,-6.00236,8.33874,3.14683,4.19258,6.85568,-5.98425,2.91587,4.98633,-7.12376,-6.39497,-6.94923,-1.1982,-1.65335,-8.36567,1.37653,7.24905,-9.95033,-9.26175,-4.07398,-5.67499
-6.25374,1.68876,6.3418,-2.79459,-8.5156,6.99551,6.86519,-0.0606036,-3.85162,-3.61441,3.83623,4.70022,-0.509816,-9.52373,-7.6738,5.06532,3.64081,4.40894,-7.61614,5.76405,-5.63168,8.66154,3.2648,-3.22214,3.36165,-0.896116,8.51056,5.04021,6.81721,0.623238,4.09092,-2.16049,8.32723,2.36528,-2.94427,3.91423,-1.77649,-9.12391,-5.5458,-3.29988,7.97472,4.77624,2.10422,8.70384,7.83699,1.86102,-3.51173,1.63499,0.489484,-1.38183,0.849439,-3.97085,3.9204,4.34664,0.627176,4.34021,-3.01143,-4.25871,3.24248,-6.71233,-5.42367,5.71047,-1.30423,-6.3197,-7.56824,4.5483,6.84131,5.5091,2.66138,0.0582144,-4.48878,-7.86354,-5.56717,6.54013,8.72694,-1.92727,-4.27489,-0.2847,-9.07777,3.25006,-1.33415,-0.506566,-6.63645,-3.18849,-6.21548,2.63722,6.92242,1.8549,-1.00293,-9.82153,2.03255,-2.62525,-7.01405,8.30035
-5.39944,7.30301,-1.50496,0.27499,-4.30738,6.63568,3.39805,-7.34536,3.82375,-5.96016,-7.96212,-7.62136,-1.59803,0.010316,6.87357,-6.70915,8.62819,0.126749,-4.24576,-2.92085,-5.06226,-0.604651,3.69194,-7.88108,9.53506,8.51056,-6.60688,8.02305,5.26689,-6.74711,6.97406,6.09207,1.05938,2.05673,5.31867,-6.89894,-7.99757,-2.91775,-6.43091,-5.43993,3.23372,-6.32534,6.27161,-6.46364,-3.96551,-0.762394,-9.61445,6.88498,-8.98873,9.5412,-1.91579,-2.1357,-8.57689,3.30417,-7.78208,8.92857,-3.0129,6.11828,-0.802057,4.22817,-7.24296,-0.728562,4.38149,-2.96871,4.24567,-1.31816,-6.38846,-9.35352,1.47612,7.63684,-1.56017,-9.89711,-2.30443,6.29749,-1.22621,5.45193,-0.0242181,-9.88506,-4.00393,-3.70088,4.30843,-1.61505,8.48728,-2.99643,-2.0964,5.87494,-9.09869,4.28621,3.1428,4.58051,-6.02184,-5.60079,-7.0259,-4.035
9.6679,-5.25396,-4.46554,-9.54346,1.38249,-3.92696,2.0425,5.73106,-8.52808,2.25651,2.52273,5.49136,-3.0131,-4.14462,8.65902,-2.85574,5.17649,6.00813,1.94611,4.88896,3.57324,4.09495,-8.75213,-8.18263,-7.94091,5.04021,8.02305,4.9018,-9.42073,7.37453,5.64847,9.9351,1.37472,0.744835,-0.814377,3.04141,8.05912,1.3123,-6.38135,5.36393,4.27076,1.02407,8.47306,-0.251928,-1.41853,0.821656,2.85057,8.37984,4.463,3.03252,-3.02058,8.20787,-8.59364,-3.31136,-0.159529,9.59186,-6.831,7.94237,6.66633,-0.240995,-8.40412,7.85393,3.11875,-4.00149,-8.40762,-5.61795,-0.571904,6.67579,-1.04025,9.00088,-7.50696,-4.59443,7.09672,-2.55359,-6.65552,4.4377,9.33706,-7.41335,-4.67947,3.46847,5.73385,5.20343,-7.28256,9.94953,0.794247,8.0309,-4.63565,0.748129,-0.734471,-3.45048,-9.13654,-2.39929,0.0472577,5.11233
7.65102,0.0899347,-6.13516,-1.47304,0.452689,0.329671,-6.90789,3.31817,-6.71602,-3.38256,8.50041,-8.01129,-8.52173,-2.40485,8.15663,6.75527,0.267281,-2.75398,3.26483,6.25853,-8.15205,-0.827318,9.95247,7.78109,-3.34191,6.81721,5.26689,-9.42073,8.53871,0.65885,-4.51147,-6.76927,-4.39984,3.5736,-1.69101,-6.57343,3.714,-3.51122,-5.594,1.30161,3.06984,-8.21608,0.213837,-2.78134,4.1553,5.43779,-0.658218,-9.24271,3.58383,-5.18177,-6.49208,-0.349551,-2.31861,-5.17016,0.121159,2.40224,-7.38211,5.48599,-2.72054,8.77859,-7.20484,-9.12264,-3.33944,3.26679,7.91544,1.64344,2.69254,-2.64117,-5.11557,6.33569,-6.96451,-9.85218,-3.84766,2.9676,-9.63019,-5.13713,2.62241,-1.13115,-3.07976,-5.6395,2.20695,-7.93076,-4.66911,-1.71777,-2.99158,1.51135,5.37939,-2.81768,-3.30451,6.00866,-5.64629,-3.69049,1.99724,-1.87646
-5.47818,-2.72291,3.88615,0.842312,-6.0331,-0.105205,-2.30959,-6.23116,-9.27465,6.78654,4.19374,-9.45963,3.64872,3.37042,5.9154,-0.691891,-5.89912,2.39653,-6.46661,-3.48859,8.27676,8.55125,-4.17107,-2.64684,1.77765,0.623238,-6.74711,7.37453,0.65885,-8.47648,-2.59698,8.31124,-4.28474,-0.426291,7.48016,-2.29494,-8.96075,6.42796,8.44387,8.16394,-1.05971,1.11125,-5.46937,7.368,6.31845,-6.03056,6.84339,4.84402,8.69491,6.30759,-5.60245,-5.03643,-3.56396,-8.77794,-9.97311,0.586287,5.98639,-5.73064,0.0319174,-5.17068,-5.00552,6.43416,-2.36992,6.59307,-6.95753,5.51387,-2.0146,-4.99858,4.45876,2.55506,4.12046,-7.78522,3.64023,-6.35311,1.57055,-0.318809,-3.26283,-8.26751,-6.8557,6.33144,-1.48352,5.46107,-1.4869,5.00155,-8.46199,6.09934,-1.33152,-5.30022,-7.24848,-3.44072,-1.55131,7.04033,2.95361,-5.68179
8.79696,-1.15921,6.42199,0.150926,-2.97452,3.07799,0.824056,-2.45644,-0.23612,-6.04253,-4.19305,-7.06982,0.189311,6.93713,-6.00282,-5.08949,-3.09959,-3.15454,2.07227,-4.39396,4.06578,-0.0340694,4.27378,7.10541,-8.98178,4.09092,6.97406,5.64847,-4.51147,-2.59698,-6.70732,-1.52894,-9.42471,5.65823,7.85345,1.40709,-4.08289,-0.0181079,1.34992,3.46771,-8.53959,1.92683,7.60309,-5.98392,-5.35297,-0.421075,-8.37072,-0.0139464,6.55415,-5.45156,5.3693,-1.07402,-9.90453,-7.90228,6.99554,4.24388,9.78155,2.87716,3.83285,-8.71665,-5.41546,5.55112,-2.90818,9.50513,3.13626,2.64544,-7.58377,-9.20077,2.76558,-6.34365,7.18189,-9.3933,-0.770374,-5.60251,2.20651,5.03708,-3.66216,-1.827,-6.44443,-6.5792,-9.74182,7.80531,-9.48896,-6.86313,-9.04446,-0.458884,8.62469,2.53934,-3.32803,-4.34422,-7.0555,-4.62422,-7.91404,-9.32305
1.7364,8.69915,-8.85655,8.88465,0.714677,3.73032,-6.00042,-2.88297,3.53182,-1.60012,-0.863208,-9.87454,9.14145,3.60814,-2.37506,-4.66661,3.70531,-7.34259,-8.89481,-1.11378,7.55494,-8.60779,6.80166,4.69991,-1.46506,-2.16049,6.09207,9.9351,-6.76927,8.31124,-1.52894,-4.21787,-1.18313,-4.3715,-2.17225,-0.90279,-6.02049,1.02285,-4.86557,-4.04593,-8.30395,-4.94693,-7.79227,2.60021,-5.98499,-9.45799,0.394569,-9.3518,-3.48342,-1.33411,0.0983666,8.03201,0.00603386,-8.16679,1.59012,2.96481,7.8876,-3.39054,-4.01924,3.7716,-4.07511,6.19363,7.50959,-9.61439,6.02292,-2.91407,-0.560648,7.71832,9.04867,-7.13485,-2.73891,-4.00581,5.96944,9.24141,2.36929,-0.990291,7.87165,-2.05047,2.7974,-7.66081,-4.73114,-8.45283,1.52232,7.79487,5.14776,-4.4508,6.46287,-5.58645,-1.64032,-5.51751,1.51747,1.41517,1.81624,-3.44562
3.86549,-6.81563,-9.91748,-2.60338,-1.30801,0.136933,8.08251,3.19385,6.54236,-3.30539,8.82654,-7.57329,2.39469,-8.64585,-0.0698662,5.52524,-1.12902,-4.22907,0.399534,-6.65187,-1.98113,-4.87782,8.32886,-1.51228,-6.12547,8.32723,1.05938,1.37472,-4.39984,-4.28474,-9.42471,-1.18313,6.24613,-5.82117,2.65058,5.42944,7.03477,5.66493,-9.07098,8.69297,-3.89436,-1.13105,7.82049,9.15368,0.996037,2.1772,9.5234,8.08605,-8.59938,-5.55983,-4.93038,3.39788,3.37865,6.43276,-2.91203,0.017922,4.57177,-9.11851,-2.3536,-8.57601,-3.29004,-7.66886,-5.94584,-9.43872,7.88799,5.49506,-5.66378,-5.69691,-2.74768,7.36023,3.43218,-2.35762,-6.87846,8.95243,-7.08842,9.78461,5.46023,5.17058,6.18707,-2.86553,6.82202,1.26357,-8.21414,2.03708,-1.96171,-8.1551,-6.83842,2.46662,5.29521,2.49683,4.31288,-3.10665,1.53523,9.71476
5.32831,8.16951,-7.59146,-8.12698,-1.31354,-7.31192,-0.507102,7.65426,0.681741,2.994,-9.19736,-3.77278,-9.52078,-3.95966,4.71261,-0.414573,-8.11845,7.17962,-7.74417,9.84042,-1.41951,-9.44208,6.68607,-1.96171,7.82872,2.36528,2.05673,0.744835,3.5736,-0.426291,5.65823,-4.3715,-5.82117,-9.7992,7.23997,-2.33541,7.05538,-4.09724,0.607387,-1.80682,1.11073,6.15281,8.00386,-3.28953,-3.31465,8.84379,-0.928867,2.39398,7.20957,1.55089,-6.92239,-8.09656,3.6755,4.47818,-5.35203,0.115235,-0.899295,-2.4168,2.74468,1.21507,-8.81982,-6.92322,3.36784,-1.13516,-5.8651,-1.6865,-1.08768,4.24677,7.54977,9.87734,9.64281,0.244694,-4.12264,4.91816,-8.0689,4.20204,2.54764,6.62043,-2.13752,-3.52746,5.78104,-3.22192,-2.80002,9.75387,8.26879,8.54144,2.26598,-6.21498,-9.87122,8.1276,1.61165,7.25802,2.25536,-3.21497
0.741785,-3.01449,-8.33073,8.99655,6.57364,-4.47666,4.55835,-3.53156,-1.2639,-3.34052,-9.05639,-7.32388,5.11162,2.8376,-7.22067,8.44599,0.421398,-9.41489,-7.98535,7.04338,-4.5922,-7.96894,-7.47727,9.65255,-6.55301,-2.94427,5.31867,-0.814377,-1.69101,7.48016,7.85345,-2.17225,2.65058,7.23997,9.67978,8.5515,-6.74484,5.78508,6.29323,2.69867,3.20634,8.15269,-5.95759,-0.745091,-8.85762,-0.199022,1.22994,-4.9491,1.41863,-1.7783,1.48899,0.266308,-5.89276,9.0204,-0.297361,2.02249,-7.74943,-5.21874,-3.97965,-6.85006,-0.806592,6.05548,-0.535077,3.49727,6.64538,-4.7708,0.213939,-0.477873,6.5648,3.36864,9.8641,-4.68428,-3.90223,-2.8994,9.75853,-6.81639,9.12757,2.21231,-9.62591,-2.34259,3.68327,8.58013,9.90213,3.02476,4.37025,-9.6903,-0.132933,0.386264,3.53749,-1.36617,-6.69839,-8.76091,-7.16549,0.646676
9.99214,0.924006,-9.69734,-2.15399,3.09573,3.21371,6.57431,-9.82739,5.00348,-2.23525,8.92937,2.50292,3.79419,4.43588,8.80239,-9.71236,4.47935,1.5332,-1.83854,-6.12194,4.44492,-6.1864,-6.60721,4.82721,9.48019,3.91423,-6.89894,3.04141,-6.57343,-2.29494,1.40709,-0.90279,5.42944,-2.33541,8.5515,1.91353,6.23976,-2.85198,8.8156,-6.90818,7.14806,4.79266,7.52746,-2.47718,2.48866,-4.53766,7.48035,-6.83667,0.292907,-6.41731,9.59468,5.00505,7.48669,-8.62102,-4.69668,6.30367,-7.06202,-1.55154,-1.1906,-4.5752,3.98772,8.29946,-8.53619,5.53314,6.92953,5.08959,-6.68979,-3.51371,2.92617,7.05443,-6.08559,-1.22221,-3.9315,-4.69641,7.93636,-3.1522,-2.81458,-3.79426,3.86959,8.89015,-8.21184,3.76857,6.693,9.95781,-5.02723,0.207369,-8.7572,-6.87752,-8.74578,-9.25705,1.53397,8.27305,8.36668,-0.811085
9.75767,5.05851,-1.69436,-9.02979,-9.25393,-9.33687,9.46052,4.0717,-1.69596,-2.66716,2.095,8.26458,-0.129314,3.02989,-0.701365,-9.27827,4.96345,-9.02644,6.04072,-8.23401,5.725,-5.05655,4.97911,-6.77129,9.61506,-1.77649,-7.99757,8.05912,3.714,-8.96075,-4.08289,-6.02049,7.03477,7.05538,-6.74484,6.23976,1.92652,8.4677,1.68624,-4.85766,6.82657,2.22047,4.76963,6.14655,7.48379,9.75834,-7.92587,-9.21355,7.66846,-0.232981,3.50259,5.25881,3.72833,6.02442,0.849667,-2.71755,2.82404,-9.96411,8.66363,-5.68905,-8.22136,7.48116,5.98176,-3.27461,3.08422,-7.98853,9.68721,-6.44206,-4.61386,1.98486,-6.04806,6.49137,-4.43572,3.02773,1.00395,5.32664,1.66307,-2.18291,-4.58409,9.64693,5.65434,8.77981,-9.3707,-7.37466,0.742708,-8.60969,5.60648,5.43068,9.60037,-4.29249,7.04194,2.83014,-7.41083,-5.88812
4.41473,-9.98076,0.695085,-7.20149,-2.01588,0.48685,1.0751,-5.63307,7.95397,-7.36705,2.91909,-2.66564,0.936781,8.82163,7.7148,3.56084,5.56687,3.94853,-9.13076,-7.05151,7.98493,-6.86394,1.54212,-0.431391,-3.02244,-9.12391,-2.91775,1.3123,-3.51122,6.42796,-0.0181079,1.02285,5.66493,-4.09724,5.78508,-2.85198,8.4677,-8.04377,4.97542,-3.90852,-3.40919,9.00993,-2.09912,2.26948,1.04846,-8.57489,5.82343,0.079112,7.35217,-7.66181,5.26694,8.22335,8.06042,-2.12435,-2.69199,-5.78318,7.12478,7.52744,1.47401,4.53117,-0.104525,9.90846,9.62464,-4.51794,6.75478,-5.55532,0.42362,6.38471,-1.17734,-4.10575,9.05738,5.76143,-1.17201,0.814073,9.28396,-8.70342,8.38371,-6.93754,-5.71978,-0.715512,-0.622835,-6.99138,-9.94677,-3.19567,6.33923,-4.06774,-5.39713,4.80062,3.63204,6.96777,5.00136,8.42842,7.66725,-8.28977
8.02388,3.37437,7.34489,8.65494,1.06404,9.17572,-4.48376,7.43507,-8.44415,5.05074,-6.71397,6.17774,-7.49173,-5.63154,-7.51238,3.57261,-7.34504,-7.70378,-9.14044,-9.25535,-7.70184,5.67123,0.842434,4.42093,-1.00698,-5.5458,-6.43091,-6.38135,-5.594,8.44387,1.34992,-4.86557,-9.07098,0.607387,6.29323,8.8156,1.68624,4.97542,4.68422,-7.80998,-6.82892,-1.46652,-0.747958,4.82478,6.10071,-9.16384,-3.9052,-4.06302,4.22859,-7.0577,-1.11671,5.09464,2.08534,4.08395,-8.97395,7.55539,6.14691,3.87079,4.17466,6.13461,8.44937,-0.68012,7.21188,-6.62803,6.96157,-2.20605,0.261641,-6.78204,2.36391,-3.5722,2.34145,-0.58921,5.33775,-0.361059,-4.90321,-9.64701,-3.25012,-3.6814,-3.16732,2.22313,3.94059,-9.99703,-2.92379,-4.91527,-5.24765,0.25349,-7.17527,-5.20233,-2.41313,-0.855318,4.04825,-2.02292,9.83012,7.1401
-3.02358,-5.68185,-3.80407,-1.02854,4.36652,1.53446,7.28765,5.88782,-4.43482,0.433425,8.35015,9.43017,-1.32758,6.46839,6.67864,-1.0044,7.30447,6.62229,-4.43109,-8.39996,4.44789,9.01431,8.52337,3.18738,-5.76833,-3.29988,-5.43993,5.36393,1.30161,8.16394,3.46771,-4.04593,8.69297,-1.80682,2.69867,-6.90818,-4.85766,-3.90852,-7.80998,2.83689,6.6062,5.36614,-7.9965,-4.10065,5.02013,-4.33628,5.40024,-8.86067,0.390764,0.997334,0.120285,-3.4889,-7.05196,3.08296,-8.8482,7.41103,-2.44609,1.14571,2.51618,7.95504,-3.30779,-8.07258,9.54903,-6.6507,7.37357,3.2128,-8.37361,-9.83602,1.63646,-5.5542,-5.51888,-2.3266,-8.37004,0.225572,5.69099,-4.87943,-8.01434,0.0630109,-6.17957,-2.00355,7.8418,-9.21268,3.36299,-5.69094,0.548006,3.9583,-4.99624,7.15398,4.8125,-2.99893,4.08611,1.99145,-8.21071,5.06234
3.80891,-2.10621,-1.00578,9.02403,-9.23574,5.69284,5.01766,8.1971,-5.17069,-0.806889,4.38028,4.80537,7.63195,9.37545,-8.54689,-7.39984,-6.43325,-8.40349,3.30797,-0.123081,-0.997758,-1.45044,5.76594,-6.19662,8.6214,7.97472,3.23372,4.27076,3.06984,-1.05971,-8.53959,-8.30395,-3.89436,1.11073,3.20634,7.14806,6.82657,-3.40919,-6.82892,6.6062,4.65742,6.83133,-7.4294,1.05986,6.37005,9.02668,-0.56803,2.20519,-5.36976,-2.83324,-5.29089,4.14833,-4.79819,-3.9379,7.45814,7.76405,1.56471,9.82337,9.93858,-7.08052,-3.02504,3.3121,8.54033,-2.47525,3.80587,7.85402,-5.25766,-4.54548,-0.917875,9.76472,2.20562,-1.74932,5.12927,-4.57293,-2.54767,-5.40059,-4.66001,5.01106,-4.93129,1.29965,6.57971,8.7045,-1.37219,4.55692,-6.80052,-2.72726,-3.52213,6.92297,4.40515,0.374786,6.27314,-5.70881,-3.56412,-2.93098
9.99607,-2.09976,-8.02612,4.7653,9.44536,6.67048,-1.77816,9.47987,-7.2538,4.56748,1.0672,9.51743,-4.62391,1.02748,-2.93599,-3.53417,5.09695,9.32621,-7.44224,-3.41069,5.74338,-8.81175,6.80736,5.00173,9.29803,4.77624,-6.32534,1.02407,-8.21608,1.11125,1.92683,-4.94693,-1.13105,6.15281,8.15269,4.79266,2.22047,9.00993,-1.46652,5.36614,6.83133,-2.91429,8.41612,4.60665,0.305595,5.27171,-2.08396,0.951967,-4.95208,-0.642197,-0.886629,-8.23221,0.292806,2.48772,5.70943,4.45398,-1.67021,-8.53613,3.18203,-4.55825,-6.15627,-7.73791,-1.52992,-4.49215,9.53759,-8.13018,7.78693,-6.69546,9.67096,-0.937918,9.04862,5.02459,-5.83377,-1.3635,6.87662,9.24522,6.42234,-5.68877,-9.9703,8.46474,-6.00877,-7.26936,-8.99702,-1.41666,0.471072,0.261545,4.30618,-0.141395,-4.15585,7.42389,8.77999,5.52439,-9.01415,4.88865
5.23427,8.46031,-7.54025,-4.78242,2.23927,-8.13212,-0.382145,-2.72363,9.67523,-2.56279,-4.09149,-3.37154,-4.7304,6.58173,-0.921894,-2.21291,3.16308,4.49127,3.09161,-3.6732,5.82198,0.875436,5.57861,5.37766,-6.44152,2.10422,6.27161,8.47306,0.213837,-5.46937,7.60309,-7.79227,7.82049,8.00386,-5.95759,7.52746,4.76963,-2.09912,-0.747958,-7.9965,-7.4294,8.41612,-1.58792,3.64681,-9.53975,5.1454,4.31327,6.18552,-0.123433,-5.66371,-2.92243,-7.77088,-3.08825,7.62854,-5.29528,3.3796,0.202752,5.228,-8.80624,-4.48293,3.64757,0.481599,-5.83283,6.86605,-0.0130208,-7.92687,-7.92194,-9.88685,-3.2816,2.99193,-3.29763,-3.44835,-5.68848,9.54649,-2.6711,6.07884,3.17645,-2.77347,-4.38073,-8.10916,-8.19923,-2.14873,-6.01533,-8.30306,3.46131,-3.81025,-8.58766,-6.8626,-4.08372,-7.49609,1.5952,5.73752,5.97144,-4.84614
-0.308718,4.85988,-2.57594,-5.39848,-3.5437,0.75321,5.70421,-2.33627,0.272254,8.14315,-5.02914,-6.31233,-7.40576,2.22678,-3.40121,-5.15895,-8.60309,8.82405,-2.95521,-7.39329,-5.43758,-4.55525,-0.587068,2.87803,2.51497,8.70384,-6.46364,-0.251928,-2.78134,7.368,-5.98392,2.60021,9.15368,-3.28953,-0.745091,-2.47718,6.14655,2.26948,4.82478,-4.10065,1.05986,4.60665,3.64681,-5.53983,5.51105,-1.66985,-1.2671,9.17675,-7.93888,2.5514,-3.88983,-3.47177,-7.32843,-5.85821,5.13194,-0.685815,-7.31921,4.97702,-1.79399,8.94605,-6.90756,-3.26075,2.15345,4.58702,6.37899,-4.759,-3.44012,5.12776,-2.33766,-4.00801,-8.00734,-2.06194,-6.32315,-8.12002,-9.44972,-6.74793,9.34461,5.35747,-7.17439,4.81686,-5.15291,7.37133,9.34469,5.32943,-5.87267,-9.00311,1.92763,2.79459,-2.61683,-3.67258,3.89098,-8.61705,9.32959,1.22638
5.00314,4.21705,9.15369,7.02256,2.89243,-0.0690682,2.44355,-4.41983,2.78898,6.42324,4.46634,5.6891,-5.22983,-9.7593,-5.05306,5.5979,-0.489386,3.86526,-2.58921,-0.98397,-1.62258,-2.04825,-5.71591,-9.7255,-4.07151,7.83699,-3.96551,-1.41853,4.1553,6.31845,-5.35297,-5.98499,0.996037,-3.31465,-8.85762,2.48866,7.48379,1.04846,6.10071,5.02013,6.37005,0.305595,-9.53975,5.51105,9.49807,8.79172,-1.09721,-5.6881,-9.33603,0.793823,2.3846,3.55388,3.61158,5.41753,-9.63429,6.2356,-4.16258,7.7885,9.28898,4.10481,-0.454437,2.21454,-5.2296,2.40254,-2.09462,6.88442,4.90207,-4.71464,5.78448,-6.61913,9.00926,-6.56714,3.84055,9.61215,-4.69763,1.68722,1.34698,1.54521,-1.61482,1.89711,4.46246,4.82932,2.56099,2.16068,-7.38026,-3.85915,-2.6263,-4.9904,5.74169,-1.77819,5.3347,8.21629,-6.96992,1.09766
1.59683,-6.46834,-9.49329,3.96307,5.81974,-9.32607,4.16047,-1.36413,-7.90523,-0.77004,9.50891,-3.7678,7.69574,4.6661,3.44382,-3.24295,-0.290405,2.08335,4.78661,-0.00810414,-0.941128,8.34208,2.00408,-0.426506,-0.206713,1.86102,-0.762394,0.821656,5.43779,-6.03056,-0.421075,-9.45799,2.1772,8.84379,-0.199022,-4.53766,9.75834,-8.57489,-9.16384,-4.33628,9.02668,5.27171,5.1454,-1.66985,8.79172,-4.97652,-2.00557,8.50822,-1.53083,-7.94102,7.10802,-2.6011,-0.607192,9.90142,1.21669,-3.7072,-6.31775,-5.7489,6.30498,0.39465,0.271858,4.8414,-7.8338,-2.577,4.09854,3.28344,-4.67643,-6.58512,-2.2202,-6.13751,7.28284,8.78216,0.935869,1.09733,-0.416083,7.28157,8.25087,5.10659,0.555318,5.51839,3.41924,4.54523,0.227183,-3.49882,-3.80078,9.77598,-9.18665,-8.4399,-9.93189,5.52284,-1.07409,-2.94472,-9.95006,-7.72177
1.75973,-5.0869,9.93961,7.65743,5.60029,8.61969,-3.4136,-1.77636,5.84464,-0.547457,-4.97814,-7.08321,-9.28317,7.8345,-1.73945,-8.16927,4.87821,-6.28244,6.22666,-6.73753,5.55995,-2.74891,6.84993,1.06911,-7.63069,-3.51173,-9.61445,2.85057,-0.658218,6.84339,-8.37072,0.394569,9.5234,-0.928867,1.22994,7.48035,-7.92587,5.82343,-3.9052,5.40024,-0.56803,-2.08396,4.31327,-1.2671,-1.09721,-2.00557,5.3081,-7.26649,3.84159,8.67583,-0.293808,-6.30133,-4.87712,-5.28105,3.87732,-4.34092,0.919529,4.93912,0.192849,4.79182,-4.28586,-8.26211,0.917675,-3.32694,-1.16223,-2.86427,4.48333,5.29848,-7.95476,0.16165,-5.47553,-8.66073,7.34804,-6.16336,7.41612,5.95069,-9.47287,9.23516,3.36209,4.94277,-6.53104,-3.54964,4.73689,7.84048,-6.63021,4.71085,6.17752,5.48103,-9.33358,-5.00944,-8.06523,3.89533,-9.73409,-9.46023
7.04994,-1.24717,3.70468,-7.71475,-7.46,-7.03706,7.92846,3.71445,7.56244,9.15382,9.61806,2.84859,-5.06693,5.03682,4.07724,-0.895467,-0.173154,1.79162,-3.62797,9.36411,-1.29969,-8.62017,6.44014,0.344328,-3.79502,1.63499,6.88498,8.37984,-9.24271,4.84402,-0.0139464,-9.3518,8.08605,2.39398,-4.9491,-6.83667,-9.21355,0.079112,-4.06302,-8.86067,2.20519,0.951967,6.18552,9.17675,-5.6881,8.50822,-7.26649,-3.60733,6.9917,-8.09005,7.82341,6.18411,9.42872,-2.31207,-7.98649,0.74877,1.22545,5.18358,-2.73305,-5.28233,-3.40389,-3.11443,3.28768,-2.00793,-2.92773,0.674414,-4.72122,9.73827,-4.30318,6.50163,-6.64471,-5.89342,7.31643,1.36975,-1.93224,7.00421,9.07093,7.56469,-1.84285,-8.55843,-7.5495,-4.48692,3.21232,6.38048,0.351182,-9.82359,9.69074,5.79506,-4.64698,-3.08338,8.59151,-0.526363,-7.81555,5.52788
7.95238,3.8092,3.939,1.58608,3.36512,0.57879,-6.78224,-7.07072,5.79305,-9.98621,-2.99076,-5.61632,4.2956,-6.96383,-7.12174,-5.28769,8.36586,-2.49931,-4.48655,9.66501,3.77528,1.41063,-6.44314,-4.64395,-1.26223,0.489484,-8.98873,4.463,3.58383,8.69491,6.55415,-3.48342,-8.59938,7.20957,1.41863,0.292907,7.66846,7.35217,4.22859,0.390764,-5.36976,-4.95208,-0.123433,-7.93888,-9.33603,-1.53083,3.84159,6.9917,-8.65794,-4.40089,-6.93655,5.82003,8.7336,-3.36862,4.48396,-1.19113,-5.60735,-7.13862,6.52068,-9.94033,-3.1056,3.33074,7.10446,-2.17545,7.03037,-4.6091,-9.74699,-3.93153,-9.53941,-9.2677,-9.5918,-8.27099,-1.76819,-4.40518,-5.54943,-6.95974,4.70945,8.10047,6.20934,2.30274,-7.38246,7.97887,-0.620541,-3.62456,-3.52435,8.75481,8.06879,-3.65297,-1.90757,0.71793,-0.495163,7.69689,4.18155,9.68817
