-7.57533,-6.54782,-5.51417,-1.76057,7.06597,2.72747,6.7191,9.39186,0.0278083,-5.08399,-8.90424,8.01133,2.63247,-5.28287,7.45954,-1.44884,5.86037,-7.60931,-6.61902,3.16971,9.54424,0.271996,-0.426114,-9.23465,-2.30336,-2.26722,-5.67088,-9.588,1.38652,-9.37181,2.49654,-2.58854,-8.25679,-3.79892,1.22505,-1.68471,-7.44802,-7.52787,0.540368,-0.049825,9.35658,5.31248,-1.21789,7.11554,4.4179,2.31883,-7.54469,-1.5875,2.09884,4.01668,-1.59646,9.0297,-1.15705,0.483792,-0.00647035,7.80466,-5.79161,-6.80223,-0.255802,-3.56105,2.51766,-6.25525,1.14683,-3.00804,-2.34576,-4.30289,2.12318,-1.1274,-5.05168,9.1866,-1.84993,-1.90829,-4.37048,-1.10876,-5.74233,5.57412,-3.3479,1.10464,5.5521,-4.87234,9.18376,2.53255,0.735994,-5.09857,2.21576,-2.74025,-4.39674,6.1574,-7.18956,-6.25436,7.13196,6.58475,9.02004,3.17653,-0.476938
-6.54782,-0.436664,-0.395082,5.65499,6.84258,-5.28636,5.2477,2.65684,-7.88703,3.64669,5.93507,8.82969,9.05759,9.76745,0.408917,8.7625,9.15186,2.07678,-0.710919,8.29873,-7.33803,-8.60454,-4.9669,4.35984,-3.02886,3.3335,-9.59236,4.09303,8.62911,-0.257191,7.51262,1.51991,-6.85569,6.38059,5.33497,-1.18389,9.82693,6.4487,5.59908,0.593778,1.1125,9.347,-6.25584,3.73675,4.28696,7.29048,-9.15161,4.80229,1.58976,-9.43982,-8.45554,-9.32318,9.99489,-3.694,-6.28953,7.32464,-8.05596,-4.03215,7.66808,-0.23388,9.19827,-6.74931,-4.38878,-6.76907,-7.41044,-4.60469,6.97929,-4.81077,2.481,9.17464,-0.796888,0.174906,-9.89041,4.67151,3.64387,-6.31919,-2.22483,-1.90674,7.20311,8.59347,9.98245,-5.38085,0.528922,-4.26811,-2.75651,9.82915,-5.74905,-1.06271,-7.11764,-7.80613,1.66074,-1.82747,-8.51162,-2.1282,-6.87777
-5.51417,-0.395082,6.29739,-6.0994,0.428341,3.45544,-6.18943,0.0365681,-1.13192,-4.54293,-2.4178,9.025,5.6291,4.669,9.03962,4.07623,1.11991,0.587474,8.3131,-8.75145,-2.1372,5.27467,-3.01716,2.76319,8.62486,8.87131,8.90012,-5.31026,7.17331,-5.19527,4.75853,-1.51677,4.57723,7.71481,9.03004,1.21288,-5.051,-8.92475,5.20766,9.15096,4.97974,4.27299,-1.78799,2.72516,-5.94803,-6.99177,2.0955,3.35964,-6.13172,4.71637,4.63459,3.653,-6.93282,9.46495,-9.22237,7.31607,-4.23712,-7.95445,-5.31506,-6.46467,7.7272,1.8339,9.58295,0.520276,4.98368,4.04106,-8.84464,4.4868,8.73448,-2.47273,9.27459,-1.98887,8.43256,2.55773,-7.02823,0.366687,5.77544,7.54599,-5.84869,-3.40627,2.1385,8.77805,2.01604,-2.8283,-7.35687,2.57174,2.50683,3.3957,-7.01672,9.72913,8.37868,3.99771,-6.1793,-0.918383,-5.90682
-1.76057,5.65499,-6.0994,5.39454,-4.16281,0.877495,-6.53618,0.875134,1.48366,-1.58226,9.32578,-3.22503,3.32625,8.35384,-3.12965,0.0773523,-5.4361,-2.63361,5.06517,-1.82082,9.23514,2.33235,-4.30941,9.44633,-2.7182,-1.38902,1.30236,8.66829,8.87409,-5.69234,-9.92505,1.99361,-8.05373,-9.44267,-5.4219,-9.88063,-4.36328,-9.29662,7.17431,2.49468,6.96633,4.67327,3.43654,-2.53412,1.89829,3.55847,4.58513,5.97684,3.7136,1.37081,5.46661,2.32332,-5.35598,-0.212642,-1.51108,-2.65301,-7.7503,9.51413,-4.00459,-4.94402,-4.22508,7.58964,-7.95803,8.12159,-4.25533,-0.783351,-0.177372,7.70163,9.72066,-0.652855,-1.9222,2.46895,-6.47901,-7.11606,6.18757,4.81416,-4.97936,2.07425,6.73017,-6.77711,0.912418,-3.88146,4.71305,-0.980496,0.394973,5.37074,-8.98223,-9.63281,6.88602,6.01488,-6.64186,-0.0766477,1.9077,-6.93752,4.47242
7.06597,6.84258,0.428341,-4.16281,8.86563,-7.72351,7.58231,3.61303,-7.99538,-1.07691,-4.04433,7.79812,3.15869,-4.74657,7.99184,9.41792,-6.10758,-0.456237,-8.86681,-6.48711,0.499756,5.4288,0.457958,-5.50138,8.61234,4.92792,0.690019,5.2803,-8.88913,-7.04672,-4.46243,-7.40468,6.79659,6.21292,-0.437208,4.52209,1.33825,-5.44999,-2.56151,-8.37672,-5.29864,9.88372,-6.31251,-0.499716,4.92632,2.41045,4.06732,-5.96454,9.92942,-9.4051,1.0454,-4.16116,-7.77096,-6.76239,-5.92039,-9.54535,5.10301,-4.23483,7.27264,-9.69706,-8.36517,-5.91737,9.73306,-4.59333,-5.26135,8.81513,-8.65503,-6.68497,8.37448,-2.44863,-9.37356,5.97927,-6.29572,-8.19421,2.26516,-8.25218,-5.66157,-4.61962,3.26182,-2.98389,-5.08258,0.557354,-0.521005,4.9688,1.82109,4.23977,-6.01851,-7.51938,8.98676,-9.89463,-2.746,7.38274,7.33513,5.91117,3.52858
2.72747,-5.28636,3.45544,0.877495,-7.72351,-9.43547,-4.03095,9.00605,7.66751,3.12192,2.00618,-3.49081,6.69976,-2.73507,-7.39235,-8.59075,-5.46068,-9.34689,8.70211,-0.286956,1.88095,-9.05083,0.48105,-1.68103,-3.8592,-5.98088,-2.36288,4.39855,4.8365,4.07682,8.49665,-1.66384,0.0727617,-7.85607,-0.576373,6.79921,-4.92624,5.83295,-9.70673,5.95377,7.68991,2.48175,2.69912,-5.07609,-1.26042,6.01787,5.97908,-3.93007,3.05891,2.87372,-2.28019,8.92693,-8.60318,-7.16751,-9.97428,-1.25034,-3.39877,-1.98664,-7.3849,-6.26001,2.97305,-8.21616,4.43675,-5.99473,-9.77875,6.51724,6.95247,3.68963,-7.44121,1.39047,8.81395,5.18555,2.0442,5.32811,-2.96844,7.59979,6.35174,5.7655,8.88138,-1.46169,-9.55384,3.80188,0.0423681,-2.38974,7.07135,2.78495,1.24708,0.961151,9.72713,8.22969,5.7298,4.41648,-9.84718,8.08753,-8.24593
6.7191,5.2477,-6.18943,-6.53618,7.58231,-4.03095,-2.22702,2.75186,1.52693,1.02122,-8.68703,-6.12538,4.18152,-7.10241,-9.03402,-3.69154,6.87944,-2.15081,-0.8056,-1.98326,4.95302,-1.02313,-1.88704,-0.679791,9.90693,-8.21661,-3.00425,-1.50231,-5.14998,-6.50026,4.09808,-7.8418,-3.09736,-4.42485,-5.3996,-7.88664,3.8955,-5.47717,8.2764,9.22764,-1.98133,8.93997,1.50814,-2.4965,1.22925,-0.947364,-8.63229,8.91244,4.95595,3.85524,6.62715,-5.46201,-8.22389,1.90291,-4.50251,4.47691,-0.246101,4.32258,6.46671,-0.984119,9.65812,-4.39894,3.18667,-6.74289,1.16437,9.37715,1.79758,2.9426,-4.01647,-2.79443,4.03692,7.52377,-9.82107,1.85997,5.98198,-9.34998,2.50823,-3.02675,5.23594,-1.06993,-3.39097,7.15748,0.444918,-2.42692,0.618537,9.75601,-9.536,2.86074,-7.80895,-5.76002,1.47874,0.749392,-2.67728,3.97451,8.61464
9.39186,2.65684,0.0365681,0.875134,3.61303,9.00605,2.75186,2.92271,5.5131,9.0974,1.81978,6.26587,-0.586715,-0.0221277,-8.58433,2.18016,1.4237,-7.02478,4.76531,2.46787,-2.7977,8.23593,-9.95537,-9.40478,9.76054,-9.10272,3.74838,-2.01496,1.13318,8.1796,-1.18789,-6.55867,3.20441,-5.53805,7.50386,5.74886,7.55508,7.98285,6.9705,2.42236,-3.64384,2.53657,9.93316,8.97446,4.76608,4.51073,-9.26919,-4.95056,5.09152,1.39516,-0.823168,-9.67586,-5.30779,4.5479,7.69039,0.294277,4.32758,2.45559,-0.539644,-4.2286,-5.55923,6.61626,3.92728,1.35846,9.17977,9.58625,-4.00086,-1.41323,-3.41827,-2.31805,9.01612,-8.00705,-8.92089,-0.838558,-4.87468,7.59249,4.28942,-8.58506,-8.35457,4.91494,-7.44675,6.413,-5.3681,9.93684,-6.86945,-2.46372,-1.64053,-4.58545,-7.20526,-4.96324,-4.77114,4.2304,-9.64846,5.2481,9.6843
0.0278083,-7.88703,-1.13192,1.48366,-7.99538,7.66751,1.52693,5.5131,-1.99819,5.24549,4.64837,-9.69975,2.02318,2.64987,5.57639,-6.08022,5.25091,4.691,3.85522,0.525485,3.13317,7.08927,-9.94624,9.14637,-8.46168,9.80349,9.96093,1.97676,6.66865,-3.27344,1.40052,1.69426,5.30639,-1.52237,5.29839,-6.07094,5.84947,-3.74017,-9.8792,-2.8153,-7.04968,-9.97927,2.50862,-3.42282,1.23848,1.68697,5.65244,5.3729,-3.03183,9.6469,0.0378267,-1.129,4.95358,5.40643,7.36886,-1.6113,-6.73658,-0.352131,-9.04899,-2.0925,-8.17914,-9.92744,8.88585,3.13166,-0.385565,7.47192,5.41634,1.99057,-5.23838,-8.84839,-3.72565,4.14608,0.0508151,9.69911,-1.17017,-3.24852,5.5249,7.02459,3.19087,9.64445,-2.33827,-1.53457,5.67541,0.50077,-8.41196,6.8333,-1.92916,-5.61535,9.46315,6.0599,9.52954,4.31131,9.73035,6.67085,-5.62278
-5.08399,3.64669,-4.54293,-1.58226,-1.07691,3.12192,1.02122,9.0974,5.24549,8.51249,4.12837,-7.87547,2.30158,-1.57257,-0.170285,-4.8503,6.96721,-7.83246,6.46869,2.37859,-3.13443,-6.50883,8.67009,-6.14784,3.73398,3.10437,0.184278,-8.2315,2.0825,5.29032,-1.52758,4.48819,1.1559,8.92401,6.09803,-0.473134,-6.39466,-0.683568,0.0728372,-2.63514,-8.60786,-5.67522,2.28255,-7.28119,0.0932512,0.133123,4.29387,-0.0569568,-8.72813,-8.61457,0.534194,5.71789,-9.06707,-8.91645,3.81516,-8.43388,4.32006,-4.38107,5.31244,-6.37791,-4.69324,9.49936,6.37005,7.89665,-4.53223,8.97783,2.36228,-7.69146,8.50334,7.51164,8.18218,-1.11075,-0.0259629,-3.12261,-7.05201,-4.41879,-2.95414,2.71917,9.31053,7.17622,-9.24092,-6.47607,-8.97078,8.8127,-6.2652,-7.59261,-3.21272,-8.33352,-9.67805,0.825047,-4.28015,-3.56735,-3.37029,-3.90685,-3.18019
-8.90424,5.93507,-2.4178,9.32578,-4.04433,2.00618,-8.68703,1.81978,4.64837,4.12837,7.40661,3.62644,0.212974,9.06506,-2.66799,-0.805734,3.10196,-2.37375,3.81637,0.652339,0.106655,4.67872,-8.06735,6.47262,-5.07191,-7.20428,-8.79388,-4.34119,-6.25464,0.0922623,-8.52085,7.72858,-4.85716,-7.21266,1.54026,-7.26446,9.84156,-8.40999,-2.26827,-7.60007,4.53549,2.06529,-6.43763,-8.40854,-8.79234,-2.45878,8.41072,4.7639,0.400877,-6.12409,-8.75664,-5.31126,-4.82753,1.2046,9.01091,9.48854,-0.671363,5.47281,6.87653,-4.76705,-0.321775,-4.22208,5.51799,-9.47766,-2.41443,-7.32059,0.246433,-3.06243,-7.30459,8.88123,-0.0161971,9.30732,0.109371,4.89939,4.48836,8.64749,8.04296,9.05799,8.5271,-4.86877,-1.84949,1.37001,-8.36369,-2.76034,1.87163,0.181405,-1.65743,5.79687,0.225796,3.7262,7.01733,0.747452,7.77487,5.11165,7.37929
8.01133,8.82969,9.025,-3.22503,7.79812,-3.49081,-6.12538,6.26587,-9.69975,-7.87547,3.62644,-6.0053,-2.30287,-4.07766,-1.98837,6.54278,5.14176,0.323566,-2.8975,-0.761338,0.38822,7.06082,6.47127,-8.67416,2.36749,3.56352,-9.39899,-6.6654,8.0002,-7.02503,-6.12962,-0.411356,-3.31725,3.55909,-5.37842,2.38276,8.48391,0.0421142,9.09614,-7.32843,-3.07978,-3.43406,-5.33333,-7.37935,0.797256,2.02075,-2.55247,-3.98787,8.51344,-9.09411,-9.05307,-8.29213,-9.13714,-9.26031,2.283,-5.88183,-1.07211,1.32207,4.54499,-0.257687,-7.05732,-2.91672,3.57722,-2.85318,-0.883339,-2.72892,-5.39624,7.20896,3.16112,1.46894,-1.10854,8.70011,9.79296,6.02228,9.23758,1.91532,7.77307,-8.6027,-6.11369,4.03586,-6.58453,-0.221881,-9.89023,1.43821,-6.24296,-2.58997,0.498491,9.5225,-2.3121,-7.49862,7.03733,-8.75935,-9.38967,-1.12048,1.99114
2.63247,9.05759,5.6291,3.32625,3.15869,6.69976,4.18152,-0.586715,2.02318,2.30158,0.212974,-2.30287,-2.25126,8.8039,2.9633,-7.73945,-4.70701,-9.9158,9.30023,6.704,0.659163,0.960625,4.14712,6.7291,-3.83463,-2.69636,5.39307,8.35836,6.46405,-4.90867,3.40252,-4.57909,0.551125,9.09933,-4.74227,-4.76699,-8.94858,-0.174279,-1.44513,-2.88528,-2.90724,-1.51541,5.92899,3.99627,1.28681,5.73868,-4.44811,-9.82311,9.59873,5.86497,-0.740172,-9.88047,4.09958,4.39161,-8.35735,-8.31382,-3.75014,0.126738,5.92299,9.47484,5.7476,0.785259,8.48665,6.12993,-7.09961,9.59328,-8.62512,5.31131,-2.96085,3.46956,6.39682,2.08899,9.69671,-9.57763,7.21177,1.75154,-5.8465,6.7053,1.83052,-9.66906,5.96519,-7.94995,-2.29465,-6.66379,5.94066,1.77944,-0.0337726,-9.54174,5.49566,-3.5749,1.41895,4.74774,6.04927,3.34525,9.52606
-5.28287,9.76745,4.669,8.35384,-4.74657,-2.73507,-7.10241,-0.0221277,2.64987,-1.57257,9.06506,-4.07766,8.8039,-6.09884,1.82218,2.2082,-3.66659,4.57422,-6.84727,6.9577,-0.947537,7.25698,-2.00208,8.34805,-1.7582,-3.11549,-6.94162,-4.00507,-9.46054,6.40426,9.64368,-5.25058,4.10284,-3.3078,4.28599,4.37585,-8.27165,0.745135,4.9723,-5.70686,6.73643,3.00356,9.36404,-3.09765,-8.67072,8.54276,-0.4189,4.69012,-1.03403,2.14978,5.84009,4.0902,9.57275,-6.91359,-2.90825,-6.90115,5.97509,6.81466,-1.28742,6.69935,2.31731,-0.555414,-7.13799,-5.07521,0.149668,-5.82396,8.57666,-6.41286,2.55706,1.05867,0.372655,-2.88637,3.22767,-1.70604,-3.49592,-4.07567,-4.35466,-6.49705,-8.2861,-3.3813,-8.2462,-1.47793,8.75499,0.874965,1.2265,-7.8249,-3.25443,-4.48408,3.53096,3.52884,-3.90526,7.95181,-3.97745,-2.91821,-6.3229
7.45954,0.408917,9.03962,-3.12965,7.99184,-7.39235,-9.03402,-8.58433,5.57639,-0.170285,-2.66799,-1.98837,2.9633,1.82218,-1.79115,-6.30492,-6.16181,-5.09745,-7.67359,7.99069,4.65116,3.90866,2.34159,5.8117,1.27153,7.79555,-8.53516,9.25283,5.02206,5.4035,8.03301,-0.234804,-2.04017,4.20472,-9.25604,-5.887,7.93411,8.16136,9.31672,-9.50617,-8.63498,3.26507,-9.27072,-6.9362,0.292232,-6.76448,3.97799,0.816333,-1.40046,4.79484,-7.71778,8.55423,3.83709,9.81724,-8.06915,3.34168,-8.78389,-2.74148,8.73575,-1.98764,3.66902,7.08415,3.02829,9.57613,-6.62082,-5.06999,-7.43582,1.60773,8.7473,-4.07079,-8.91979,2.14009,4.82937,9.64573,-3.02167,-4.90928,-1.65943,-2.74778,-4.92251,-6.37061,4.07214,-5.05462,5.29585,-8.69671,-9.14934,-8.53147,-0.524601,-9.61355,-0.710882,-5.54674,-4.04735,3.47721,-5.72349,-5.83453,-7.37449
-1.44884,8.7625,4.07623,0.0773523,9.41792,-8.59075,-3.69154,2.18016,-6.08022,-4.8503,-0.805734,6.54278,-7.73945,2.2082,-6.30492,-7.24761,-6.13227,-6.89045,8.30823,2.0169,-7.20076,1.74773,-0.771388,-0.43011,-3.67062,-1.5408,4.868,-0.527792,-4.7349,-4.9796,1.04457,9.29312,-9.66756,-1.17864,-8.66684,7.0341,0.0966044,4.28325,8.19545,-0.215142,8.86368,9.8424,-8.11811,4.69514,-9.79436,-0.200365,6.5841,-2.85583,-0.816682,-6.18826,-2.42954,-1.49309,-9.13024,1.61682,1.46789,-7.29536,-2.74891,5.61117,9.60329,3.34217,6.13577,-1.96351,6.45472,-9.57186,-0.859136,-5.89288,-5.48161,3.51912,-7.25332,5.22821,-1.70334,8.37256,8.74508,-0.222554,2.19418,-2.25508,0.195246,7.91538,-2.07063,9.12581,-5.84163,-8.57816,1.9973,-3.41079,2.7805,4.98184,8.93307,4.0017,-7.89867,6.10935,-7.87433,-0.457986,8.9479,8.01703,-9.21774
5.86037,9.15186,1.11991,-5.4361,-6.10758,-5.46068,6.87944,1.4237,5.25091,6.96721,3.10196,5.14176,-4.70701,-3.66659,-6.16181,-6.13227,4.61406,-4.43952,0.558949,-2.34712,-9.72966,-9.74903,-4.91091,9.6227,-7.51742,7.08563,-5.73818,1.52652,8.89463,4.276,5.74128,5.44551,2.93155,-9.16582,1.03452,-5.39533,-5.20909,8.68771,-4.02308,0.417839,-4.08604,-6.90342,-4.3773,6.35429,2.96095,-4.93632,5.83811,-5.69419,-7.4755,5.47652,-2.98877,7.22864,3.96291,-4.86923,5.24588,-4.24855,-5.67505,-2.1119,-3.86831,-6.69847,-5.2139,3.78101,-9.49549,8.60323,2.09904,2.37355,0.961041,5.65524,0.323185,-8.47757,-6.86149,-9.81717,0.842757,3.38734,4.01441,5.25445,6.28496,-5.36918,-6.56671,7.83764,9.39295,3.4827,-5.61149,9.66015,-9.85512,-2.11735,-7.04654,-6.31059,8.68416,-7.45654,7.88784,2.41524,-0.23965,-2.68848,4.51196
-7.60931,2.07678,0.587474,-2.63361,-0.456237,-9.34689,-2.15081,-7.02478,4.691,-7.83246,-2.37375,0.323566,-9.9158,4.57422,-5.09745,-6.89045,-4.43952,2.84141,-0.0344455,4.16286,5.99799,-9.6088,8.88799,9.42599,-0.126609,-2.74132,1.61166,4.38731,-3.53395,8.8265,-8.90668,-2.33673,-4.23703,-9.74773,6.85896,7.46503,-5.06474,5.56041,-2.95303,2.49058,-0.997647,6.65976,-7.15417,-1.86785,-7.60119,-0.245184,-4.28921,4.38924,0.263163,-7.70352,-8.78278,5.88085,3.45766,-6.30101,9.73628,6.12682,4.50495,1.11634,4.29118,7.91735,9.92057,8.22404,-0.923916,4.79293,2.42934,-1.22772,0.929455,-3.07369,-4.29663,0.727374,-2.96759,1.66231,-6.40607,8.636,1.59241,1.00244,-7.1795,7.01757,-3.02736,-0.746869,4.40753,-8.86849,3.90408,-6.04772,3.18971,8.48059,-9.09569,-1.63941,-3.17954,0.668872,-9.04861,-5.69032,2.10093,-7.92363,-1.46139
-6.61902,-0.710919,8.3131,5.06517,-8.86681,8.70211,-0.8056,4.76531,3.85522,6.46869,3.81637,-2.8975,9.30023,-6.84727,-7.67359,8.30823,0.558949,-0.0344455,-1.32558,-3.16965,0.362021,-0.764493,-3.89847,-6.56557,-0.673039,5.67677,-8.7432,8.51991,0.228177,-4.48687,-0.797065,-0.0936906,-6.46626,-2.53402,-1.76469,-6.1264,8.35481,2.92402,-3.11511,-9.89628,-0.60981,-1.37972,-2.11571,-2.14075,-0.482467,-8.11205,-4.52154,-5.80274,5.58105,-9.95434,6.5277,2.76934,4.34707,7.61184,-8.32963,0.26689,-9.17329,-3.42904,0.612662,7.04401,6.06718,-4.7928,0.964963,7.44772,-4.20782,-3.93854,8.31407,-5.36348,4.4548,-6.52994,-0.28873,-4.19074,-5.94255,7.23918,0.760596,3.10406,0.12281,7.17484,-5.01701,-6.70679,-8.48842,9.12654,-8.50826,-9.49107,6.56039,-9.30707,-3.36032,2.16172,2.39773,-5.20515,2.73346,-3.29683,6.77749,4.6342,8.42217
3.16971,8.29873,-8.75145,-1.82082,-6.48711,-0.286956,-1.98326,2.46787,0.525485,2.37859,0.652339,-0.761338,6.704,6.9577,7.99069,2.0169,-2.34712,4.16286,-3.16965,0.0674871,1.07044,1.07422,5.1184,3.31261,-5.74303,2.54335,-1.87794,-8.24282,-5.0423,-3.35568,-7.04289,7.49656,3.64144,7.03069,7.34405,-3.90732,-9.52108,1.08936,-1.41399,-8.73378,1.76929,-3.8162,-2.20705,-8.88696,3.74236,-1.31882,-7.24988,8.41643,-7.62556,6.82514,-6.30229,-4.45538,-2.53729,4.28763,-5.3922,-7.2645,8.33356,-2.08311,0.235669,-9.692,-6.07249,-1.73844,3.24598,-4.00734,-6.37976,4.62833,5.73069,5.58597,-4.44303,-5.92304,6.10307,-0.252407,1.70679,-8.82756,5.29885,-2.06029,9.86808,-1.51489,3.15765,-4.20511,-7.6203,-9.28988,4.48616,7.44551,-4.36024,7.16564,2.88739,9.40701,1.80922,1.08374,-4.78546,-1.8793,9.31841,4.88922,2.15204
9.54424,-7.33803,-2.1372,9.23514,0.499756,1.88095,4.95302,-2.7977,3.13317,-3.13443,0.106655,0.38822,0.659163,-0.947537,4.65116,-7.20076,-9.72966,5.99799,0.362021,1.07044,6.40652,-3.43656,9.65566,9.48642,4.33506,-0.872197,-0.656662,-5.17875,1.17746,-0.19769,-0.625166,8.73489,-5.13863,2.24908,-6.63705,-5.74282,-0.224323,1.55736,-5.15836,8.50964,-0.0382597,7.35025,7.6403,-0.645998,-8.93042,-7.95605,-2.89689,-2.88113,5.87622,-7.99259,-9.798,7.12399,9.3498,-2.83245,-2.07887,-6.18391,-8.74371,8.1219,2.29583,5.48398,-1.89968,-0.168682,-5.78877,-7.20622,2.60336,-1.54865,-7.1128,-9.66644,-3.41827,-7.93491,-7.80582,-7.58948,7.09977,-5.86703,0.107424,4.92245,6.09323,1.00659,7.92209,-2.80062,4.91087,3.89715,-5.82493,9.39302,4.76764,2.51005,9.89136,-7.08875,-8.47555,0.293442,0.0778269,3.77866,-6.48585,8.76638,-6.37071
0.271996,-8.60454,5.27467,2.33235,5.4288,-9.05083,-1.02313,8.23593,7.08927,-6.50883,4.67872,7.06082,0.960625,7.25698,3.90866,1.74773,-9.74903,-9.6088,-0.764493,1.07422,-3.43656,-8.18449,-7.82713,-6.6614,-0.013622,5.86303,6.3054,-6.34896,7.93797,6.61588,3.7377,-6.31828,9.62533,3.52121,-5.07492,-5.30149,-4.69224,-7.54888,1.8707,1.12157,-8.46174,-5.77703,4.16674,-6.01508,1.08628,8.11923,5.16826,-5.42652,-9.92844,-4.60836,-7.857,3.36771,-0.904898,2.87772,7.78061,-0.503697,8.65575,-7.09925,5.45666,-7.12365,-4.21588,-3.10846,-8.37225,-5.90677,-4.82749,-7.08127,-4.7654,5.53765,-4.89009,-4.76905,8.997,-1.46526,-1.7577,2.3618,6.68097,7.74853,9.28252,-7.0145,6.67856,-8.81086,-7.98161,-7.92497,7.91933,2.29873,-1.43939,-5.89234,-4.47678,-1.57328,6.62691,-0.552026,6.45511,-1.37219,-3.03748,-1.1404,3.5564
-0.426114,-4.9669,-3.01716,-4.30941,0.457958,0.48105,-1.88704,-9.95537,-9.94624,8.67009,-8.06735,6.47127,4.14712,-2.00208,2.34159,-0.771388,-4.91091,8.88799,-3.89847,5.1184,9.65566,-7.82713,-3.40566,-8.15534,-7.62908,6.946,-2.83373,8.97066,6.67319,3.26196,8.42999,-8.86184,-5.39067,-5.61012,9.20047,3.28454,5.94975,-7.7966,6.15565,9.86701,-8.4742,-3.10344,-9.06097,0.463077,-0.630655,6.42652,-6.66349,-7.48904,0.114171,9.7647,-1.05245,-6.56238,-1.57121,2.0427,-8.5608,-4.67688,8.9881,1.8305,2.45104,0.465804,3.91493,-0.921843,-5.7613,8.37325,-0.422107,-0.266213,-3.39151,-2.82726,6.21966,9.15746,-6.81291,0.349546,-5.23529,3.51682,5.13284,-5.50315,-7.26407,-5.52746,4.79873,-3.88134,3.97516,6.38193,3.66037,-4.3924,9.84263,-3.52318,5.23636,-9.46001,6.21266,3.28777,5.37643,4.58949,7.75619,-1.7591,-7.40907
-9.23465,4.35984,2.76319,9.44633,-5.50138,-1.68103,-0.679791,-9.40478,9.14637,-6.14784,6.47262,-8.67416,6.7291,8.34805,5.8117,-0.43011,9.6227,9.42599,-6.56557,3.31261,9.48642,-6.6614,-8.15534,-9.17763,8.37908,4.82579,2.32413,0.432247,7.19147,8.98492,-5.41838,4.15352,-3.84244,8.78167,1.15146,6.30486,0.476625,-0.0186384,8.91522,3.20834,1.457,-1.4863,4.93704,-0.737009,-5.04174,8.51859,-8.9899,1.58021,-2.9073,8.2015,6.8233,-9.208,-6.15274,-0.918738,4.37335,8.66968,-3.75884,-0.292788,9.90031,-5.11987,1.90538,-7.69996,-4.29338,0.331508,-8.81218,8.08163,-9.32163,-7.8525,0.18328,-8.58699,-8.47868,5.9533,2.51826,-7.69341,-4.11324,-7.92478,-9.44375,3.26716,4.14982,-7.25107,8.67164,-5.60803,2.17488,9.49968,-1.07759,6.38779,3.50862,-4.32025,0.590594,-4.19533,-7.71938,-3.94317,-4.81398,7.77477,8.32519
-2.30336,-3.02886,8.62486,-2.7182,8.61234,-3.8592,9.90693,9.76054,-8.46168,3.73398,-5.07191,2.36749,-3.83463,-1.7582,1.27153,-3.67062,-7.51742,-0.126609,-0.673039,-5.74303,4.33506,-0.013622,-7.62908,8.37908,9.53919,0.376932,-9.40824,-5.2456,-2.17771,-2.9529,-3.51741,-1.97066,6.03352,9.326,0.104129,-7.21832,-1.25956,-7.51903,-0.815849,-9.07484,6.99584,-8.08278,-3.07188,0.0154932,-5.15676,5.67845,5.53805,-7.64296,8.43536,2.44358,8.82439,0.397968,-1.76886,-7.05017,-3.99772,5.8174,-4.21782,-8.0082,-5.50476,3.2235,-7.02115,-4.06074,0.474618,4.11859,-2.2902,-8.5091,-6.19617,6.89462,-3.64677,-4.12982,5.9114,-9.94675,-5.19553,4.55213,4.90601,6.67378,-9.09162,6.64392,-5.89805,6.75521,-1.8355,0.864559,-4.96063,-5.64108,-3.10464,-8.59077,2.63285,4.19302,-8.4558,-9.91291,-2.97711,-8.03891,9.6111,-3.12037,-9.85478
-2.26722,3.3335,8.87131,-1.38902,4.92792,-5.98088,-8.21661,-9.10272,9.80349,3.10437,-7.20428,3.56352,-2.69636,-3.11549,7.79555,-1.5408,7.08563,-2.74132,5.67677,2.54335,-0.872197,5.86303,6.946,4.82579,0.376932,1.77056,-1.35273,2.88447,-0.0995664,5.84019,-2.25504,4.04947,5.70374,-9.81408,-1.93659,-0.345477,-5.00823,3.43607,-6.21442,-1.3697,4.96431,-1.70638,9.71919,5.24635,7.23324,8.81499,2.75122,5.88205,-1.00373,-7.22259,-9.68793,1.29494,6.88063,5.25677,-9.40453,-5.63571,6.93645,4.78691,-9.64298,-5.79365,-1.30184,-2.75857,6.73983,-6.94252,-2.60715,-0.270747,3.86742,9.20886,2.31077,-6.21032,4.55863,0.573443,1.44762,1.57745,-2.16063,-5.13767,-6.45847,8.60882,-7.50609,2.62894,2.322,-7.7527,-8.48731,0.288373,-5.19227,8.50937,8.89763,9.67412,1.96013,-3.45474,2.96965,4.84814,0.272039,6.59677,-8.23425
-5.67088,-9.59236,8.90012,1.30236,0.690019,-2.36288,-3.00425,3.74838,9.96093,0.184278,-8.79388,-9.39899,5.39307,-6.94162,-8.53516,4.868,-5.73818,1.61166,-8.7432,-1.87794,-0.656662,6.3054,-2.83373,2.32413,-9.40824,-1.35273,-1.02293,9.80665,-8.74402,4.72842,-5.83667,2.40304,-0.70828,8.32167,-6.02066,-6.75758,-2.32969,3.48235,2.88942,6.10436,-2.53768,-3.73396,-8.52406,5.78793,-3.00958,2.99032,4.30639,5.67735,-9.47369,-1.17662,-7.24054,-8.41845,-2.79268,-8.35752,-4.53431,-3.31132,-6.25258,-0.706085,0.325576,-2.1859,-1.9595,8.21628,-8.34284,-1.5986,-9.06318,-2.28888,-6.29404,-5.65381,-0.732777,9.58117,9.26988,-2.09998,-5.70978,-8.79165,-2.16355,-9.18572,4.99878,-1.37781,3.24501,-7.03865,6.10298,8.62978,-6.83236,7.84242,6.72744,-5.86442,-8.09581,-9.64638,2.61973,3.08243,-3.47305,1.03033,-6.48598,-9.56068,3.59708
-9.588,4.09303,-5.31026,8.66829,5.2803,4.39855,-1.50231,-2.01496,1.97676,-8.2315,-4.34119,-6.6654,8.35836,-4.00507,9.25283,-0.527792,1.52652,4.38731,8.51991,-8.24282,-5.17875,-6.34896,8.97066,0.432247,-5.2456,2.88447,9.80665,5.34429,-3.96295,1.09228,-2.28258,-8.47286,-9.07246,3.10364,5.03004,5.21397,-9.61561,8.21163,-8.37353,-5.84914,2.95751,-9.67943,-7.85008,1.59387,6.44178,5.93729,-3.99011,-4.45551,7.47053,-1.67263,-8.68991,-4.19232,3.09688,-4.21155,-6.45001,2.53871,2.71672,-7.13358,-7.13665,0.964095,-8.48885,-4.64236,-3.27309,-5.69731,4.42628,-9.81232,9.01787,-8.11309,9.53605,-0.35299,6.57764,-6.76535,6.73208,-8.27689,-6.16633,6.39631,2.59001,-2.66269,2.2469,-6.12953,-1.24723,3.1498,9.42476,-3.45437,1.18884,-3.03364,-5.63882,9.39797,-7.11092,-1.01096,-5.47614,-9.92117,-3.17152,8.69661,-2.48064
1.38652,8.62911,7.17331,8.87409,-8.88913,4.8365,-5.14998,1.13318,6.66865,2.0825,-6.25464,8.0002,6.46405,-9.46054,5.02206,-4.7349,8.89463,-3.53395,0.228177,-5.0423,1.17746,7.93797,6.67319,7.19147,-2.17771,-0.0995664,-8.74402,-3.96295,4.9528,8.08,7.21112,0.784913,-6.99374,-3.63416,8.63284,-4.87184,5.36316,-1.20025,3.97317,-9.55016,7.50561,0.24229,8.29171,8.12697,-5.00514,-0.128526,-2.75598,4.55478,3.38017,6.98241,2.51361,-9.12165,0.483835,0.0738085,-2.02521,9.66383,-2.31992,-0.0541431,9.20985,-0.287018,9.88378,-4.12146,6.2311,-2.31472,5.07534,-5.15463,-9.33264,8.92692,9.97365,-4.24735,4.12354,-1.32781,-2.64906,9.77857,-1.97717,4.26592,2.52597,5.22813,-4.50665,-4.27357,-2.51883,3.20036,-4.90951,-1.67823,7.93738,-0.522787,-9.52538,7.57752,6.00333,-1.59685,-4.04596,-8.33492,8.68936,-5.47839,5.54853
-9.37181,-0.257191,-5.19527,-5.69234,-7.04672,4.07682,-6.50026,8.1796,-3.27344,5.29032,0.0922623,-7.02503,-4.90867,6.40426,5.4035,-4.9796,4.276,8.8265,-4.48687,-3.35568,-0.19769,6.61588,3.26196,8.98492,-2.9529,5.84019,4.72842,1.09228,8.08,1.5772,-3.76698,8.75105,9.95508,5.01591,4.50805,4.73344,1.98283,2.88201,-1.86386,-7.1392,-8.80843,8.34049,5.39754,-9.89095,8.01775,7.57445,4.47758,-7.56737,-7.58896,-3.70119,8.17068,-5.02825,1.25088,9.4801,5.58858,2.79351,-7.88832,-8.81873,-3.32481,-1.41876,-1.44681,5.89897,5.7087,5.09058,1.56797,-7.03176,6.21875,9.53389,4.92549,9.49973,-1.55696,5.27195,-9.06215,1.0523,-0.384513,9.57982,-8.19132,7.85345,-4.87266,-7.76295,-9.21292,0.426953,2.94978,-9.16898,0.133715,-7.3938,-9.33453,5.11186,-8.09482,-7.13296,8.26236,0.858963,-0.0476745,4.40097,7.77513
2.49654,7.51262,4.75853,-9.92505,-4.46243,8.49665,4.09808,-1.18789,1.40052,-1.52758,-8.52085,-6.12962,3.40252,9.64368,8.03301,1.04457,5.74128,-8.90668,-0.797065,-7.04289,-0.625166,3.7377,8.42999,-5.41838,-3.51741,-2.25504,-5.83667,-2.28258,7.21112,-3.76698,-2.89109,-4.24095,-2.63077,-9.43368,9.41871,-9.15948,9.92968,3.06333,-5.47272,2.63239,-3.35659,8.82213,3.0203,-2.74588,3.37348,-4.85111,0.97272,9.78609,6.80038,-6.57045,0.940395,0.499464,2.00079,8.63566,2.66091,-1.88303,3.63346,7.02828,8.8274,4.2846,1.71245,0.0549154,-7.66568,-7.44727,-0.445414,-4.47391,9.99922,6.58473,8.29888,-3.92114,0.921489,-8.4695,-8.35024,-4.02489,5.77226,-6.9672,4.80759,4.91621,1.08542,0.426144,9.08392,-6.53768,9.72566,0.384975,1.36005,-3.50294,4.88948,2.98447,-3.62301,4.33807,-7.00555,9.58809,2.27711,8.81294,3.8967
-2.58854,1.51991,-1.51677,1.99361,-7.40468,-1.66384,-7.8418,-6.55867,1.69426,4.48819,7.72858,-0.411356,-4.57909,-5.25058,-0.234804,9.29312,5.44551,-2.33673,-0.0936906,7.49656,8.73489,-6.31828,-8.86184,4.15352,-1.97066,4.04947,2.40304,-8.47286,0.784913,8.75105,-4.24095,-7.56545,-1.9025,-4.88592,-2.60081,-1.33637,-4.51242,-0.130961,-0.957396,7.82071,6.31196,-1.82418,-8.34165,-4.35718,4.43709,9.43829,4.25511,0.931951,2.64741,-8.40565,2.22175,-2.48405,7.82088,-8.36206,-9.02654,-2.68964,-4.13494,-2.04528,3.33427,-9.89565,9.987,-5.27878,-3.73022,2.8824,4.00046,-0.555211,5.85021,5.70773,1.44657,4.41911,0.9479,3.47701,0.643534,9.53633,-1.1391,-1.27145,-7.58963,-0.502871,-9.74607,-2.99535,-4.53658,5.13541,-7.12657,-5.58142,-3.85918,-7.80175,-8.91789,6.2154,-8.38198,-4.94948,-7.33009,-7.75886,2.09251,3.39995,2.34814
-8.25679,-6.85569,4.57723,-8.05373,6.79659,0.0727617,-3.09736,3.20441,5.30639,1.1559,-4.85716,-3.31725,0.551125,4.10284,-2.04017,-9.66756,2.93155,-4.23703,-6.46626,3.64144,-5.13863,9.62533,-5.39067,-3.84244,6.03352,5.70374,-0.70828,-9.07246,-6.99374,9.95508,-2.63077,-1.9025,9.25285,-3.93457,6.75632,5.42668,0.935544,0.849453,4.27718,-9.72096,-7.46893,2.02457,-3.60154,-1.18238,6.70128,-9.27089,1.12012,-8.40979,-2.39698,-0.302833,-8.25322,3.403,-7.7343,6.61167,-9.02115,4.06082,5.74475,-0.880079,3.16958,3.95396,-3.90458,-6.48297,2.47648,-7.49072,4.2501,3.32842,-7.99877,1.7769,-1.35647,-1.7257,0.336678,3.28294,3.98115,5.87759,-6.86874,7.69785,-2.25923,-1.67339,9.36302,2.71134,3.33435,8.86814,-4.87642,7.78575,-4.37096,9.43522,4.02167,3.97534,8.84072,4.3276,2.53114,9.91488,-6.54016,1.33512,-9.11321
-3.79892,6.38059,7.71481,-9.44267,6.21292,-7.85607,-4.42485,-5.53805,-1.52237,8.92401,-7.21266,3.55909,9.09933,-3.3078,4.20472,-1.17864,-9.16582,-9.74773,-2.53402,7.03069,2.24908,3.52121,-5.61012,8.78167,9.326,-9.81408,8.32167,3.10364,-3.63416,5.01591,-9.43368,-4.88592,-3.93457,2.62137,-9.70171,3.44757,8.46742,-4.57986,4.62437,-3.21342,-7.94841,6.51611,-5.68576,-2.7377,-3.73541,-4.05237,7.65013,4.6873,-4.39954,5.17793,3.36778,0.30815,-2.41036,-2.56375,-9.54204,-3.83204,-3.01877,3.21081,-3.3711,-3.41947,-1.94494,7.82864,-9.82401,-6.01991,5.91106,-5.85796,-0.858903,-8.65338,7.54027,7.05004,-8.37608,4.03138,2.66368,5.4925,7.61172,-9.82588,-3.60898,8.99525,9.92164,3.37057,-0.906508,-7.20864,-9.46977,6.0724,3.74684,7.63195,-3.70967,4.50805,-3.21254,-7.92874,1.05418,-6.63727,-8.50623,-4.1965,3.76765
1.22505,5.33497,9.03004,-5.4219,-0.437208,-0.576373,-5.3996,7.50386,5.29839,6.09803,1.54026,-5.37842,-4.74227,4.28599,-9.25604,-8.66684,1.03452,6.85896,-1.76469,7.34405,-6.63705,-5.07492,9.20047,1.15146,0.104129,-1.93659,-6.02066,5.03004,8.63284,4.50805,9.41871,-2.60081,6.75632,-9.70171,3.73146,-3.72342,4.98284,-3.8598,-3.74306,4.72899,-6.83126,7.92366,-2.27145,5.75945,6.57629,6.28002,0.0814193,4.32465,-0.209387,-3.98093,-8.3552,1.30204,5.89001,-5.6757,8.43633,0.570609,8.67399,9.13223,-0.692937,6.20004,-8.16773,-5.17679,-3.31936,5.05255,-3.25931,8.01384,3.30203,9.04871,-8.906,-7.87262,3.51088,2.30398,-4.08299,7.40355,2.38072,-5.0477,-6.09166,5.81863,0.537072,1.21616,-1.18905,2.18697,6.47019,7.31408,-0.881834,4.06003,9.87985,-9.8203,-7.92533,-2.29256,-4.94763,-7.17618,-9.09124,-5.13866,6.97374
-1.68471,-1.18389,1.21288,-9.88063,4.52209,6.79921,-7.88664,5.74886,-6.07094,-0.473134,-7.26446,2.38276,-4.76699,4.37585,-5.887,7.0341,-5.39533,7.46503,-6.1264,-3.90732,-5.74282,-5.30149,3.28454,6.30486,-7.21832,-0.345477,-6.75758,5.21397,-4.87184,4.73344,-9.15948,-1.33637,5.42668,3.44757,-3.72342,-3.44018,8.98545,6.75765,6.47474,-8.50861,-6.94583,3.64389,9.35271,6.42551,5.49603,-7.23283,-1.17306,0.738353,-5.68356,4.02383,-7.69703,-1.4311,-6.46703,1.95552,-0.668109,5.03571,-9.98858,5.06603,-4.38238,4.40919,-0.0540433,-2.14441,-9.66364,6.03864,5.64158,9.68088,9.62232,7.57865,6.21851,5.5517,-1.27402,4.94871,8.86412,-2.61106,9.11291,-3.15582,8.12658,8.70896,-8.52573,2.42115,5.82172,9.48411,-1.27305,-4.8532,-4.21427,4.83385,7.63107,3.17788,8.26752,-2.61011,5.40345,6.4893,5.68932,-4.59108,-2.71095
-7.44802,9.82693,-5.051,-4.36328,1.33825,-4.92624,3.8955,7.55508,5.84947,-6.39466,9.84156,8.48391,-8.94858,-8.27165,7.93411,0.0966044,-5.20909,-5.06474,8.35481,-9.52108,-0.224323,-4.69224,5.94975,0.476625,-1.25956,-5.00823,-2.32969,-9.61561,5.36316,1.98283,9.92968,-4.51242,0.935544,8.46742,4.98284,8.98545,-6.5883,8.67149,-6.04921,2.062,5.82126,-4.0295,-5.5737,-2.26471,8.33645,-2.04933,-4.40546,7.35625,7.29149,3.36013,-8.01187,8.63746,2.70491,9.6869,5.95489,2.24938,0.661673,-6.79889,-4.79836,6.7163,-6.44386,-1.10808,8.1029,-9.53132,-9.28871,-8.80939,7.18758,-4.95938,-6.2613,-5.01033,-4.79017,9.64797,-6.32817,2.19124,-0.18776,0.739491,5.28667,1.10086,9.4768,6.03073,3.47893,-1.80646,8.70766,5.96162,-6.84695,1.61483,4.66572,5.07746,2.86171,6.90429,7.84581,9.32105,-2.9878,9.94616,3.08883
-7.52787,6.4487,-8.92475,-9.29662,-5.44999,5.83295,-5.47717,7.98285,-3.74017,-0.683568,-8.40999,0.0421142,-0.174279,0.745135,8.16136,4.28325,8.68771,5.56041,2.92402,1.08936,1.55736,-7.54888,-7.7966,-0.0186384,-7.51903,3.43607,3.48235,8.21163,-1.20025,2.88201,3.06333,-0.130961,0.849453,-4.57986,-3.8598,6.75765,8.67149,-4.14857,6.63836,8.7472,4.51549,-3.21995,6.04879,6.9449,-0.306493,1.31094,-0.983733,-7.7082,9.89467,7.10086,-0.326396,-7.9791,7.14789,-3.85939,1.94681,-9.80617,1.85694,-7.86323,-0.927027,-6.81038,9.18472,-5.38293,-4.36084,-7.64862,-3.53214,-9.55625,-5.79401,-6.6481,0.425198,-8.62517,-5.3665,-8.53135,4.52539,9.69693,4.92064,1.59659,3.34878,-8.12758,3.08789,3.90389,-7.77451,-5.60534,-6.03559,-1.31824,-2.45818,3.37516,0.351706,5.76379,4.5666,-1.35419,-0.562934,2.93587,-5.69559,-9.49258,-9.5415
0.540368,5.59908,5.20766,7.17431,-2.56151,-9.70673,8.2764,6.9705,-9.8792,0.0728372,-2.26827,9.09614,-1.44513,4.9723,9.31672,8.19545,-4.02308,-2.95303,-3.11511,-1.41399,-5.15836,1.8707,6.15565,8.91522,-0.815849,-6.21442,2.88942,-8.37353,3.97317,-1.86386,-5.47272,-0.957396,4.27718,4.62437,-3.74306,6.47474,-6.04921,6.63836,-9.74327,4.73308,6.37814,-0.761,3.89844,8.91956,-0.277053,-7.56971,-7.92218,0.0699578,2.88997,5.6293,-3.97033,-2.35567,-0.76325,4.73204,4.23251,6.39354,-4.19547,2.18449,-0.608406,9.79523,-6.3839,-6.15238,-7.37324,5.56569,5.55387,3.9332,0.372569,9.07941,4.21959,2.63736,6.35863,-5.20605,-5.63992,0.233391,1.43574,2.68972,9.97327,-5.72426,-2.70964,7.61675,-2.28403,-2.93341,7.85966,-9.72855,8.06587,-9.15027,3.77972,3.68465,1.71616,-3.40979,4.0909,-9.24785,3.81007,-9.65735,-5.376
-0.049825,0.593778,9.15096,2.49468,-8.37672,5.95377,9.22764,2.42236,-2.8153,-2.63514,-7.60007,-7.32843,-2.88528,-5.70686,-9.50617,-0.215142,0.417839,2.49058,-9.89628,-8.73378,8.50964,1.12157,9.86701,3.20834,-9.07484,-1.3697,6.10436,-5.84914,-9.55016,-7.1392,2.63239,7.82071,-9.72096,-3.21342,4.72899,-8.50861,2.062,8.7472,4.73308,2.81424,2.93814,-9.15435,9.14317,1.6583,-0.337037,1.36321,-3.02759,1.43661,8.25467,9.43823,-0.971871,8.33269,9.56038,7.64213,6.87336,-6.15486,-8.05488,7.07935,7.62127,-3.53671,6.80575,-5.07845,7.04001,-8.48192,-3.69291,9.58705,-0.218979,-0.0589079,6.52125,7.03908,-2.76367,5.9219,-0.20469,-7.80611,-9.70619,0.251979,2.83645,-0.541121,7.41053,8.4721,9.18066,-5.36696,-7.64974,5.64727,7.5257,-0.496511,9.91629,5.93772,3.58291,-5.17603,-9.27677,-1.6877,1.38126,8.90203,6.70881
9.35658,1.1125,4.97974,6.96633,-5.29864,7.68991,-1.98133,-3.64384,-7.04968,-8.60786,4.53549,-3.07978,-2.90724,6.73643,-8.63498,8.86368,-4.08604,-0.997647,-0.60981,1.76929,-0.0382597,-8.46174,-8.4742,1.457,6.99584,4.96431,-2.53768,2.95751,7.50561,-8.80843,-3.35659,6.31196,-7.46893,-7.94841,-6.83126,-6.94583,5.82126,4.51549,6.37814,2.93814,-9.697,2.04493,9.05952,4.17531,9.4684,8.92517,5.64419,-9.02283,-4.648,2.80689,-4.47389,4.85908,3.27661,-1.43682,7.35342,-8.83311,-2.71538,-9.89566,6.12016,-1.3176,6.007,3.09301,-4.75318,7.84953,-1.19873,8.45704,8.81498,-1.14028,-2.45703,-8.1144,-4.06942,6.46621,-3.2816,5.94462,4.00911,8.99058,4.04426,9.54261,9.0828,-4.01059,-2.67708,2.87188,-9.89972,-8.10333,4.21374,-3.19329,-0.602287,-4.07083,-1.23355,0.186314,1.26019,3.10312,-4.08902,-4.20793,-5.73915
5.31248,9.347,4.27299,4.67327,9.88372,2.48175,8.93997,2.53657,-9.97927,-5.67522,2.06529,-3.43406,-1.51541,3.00356,3.26507,9.8424,-6.90342,6.65976,-1.37972,-3.8162,7.35025,-5.77703,-3.10344,-1.4863,-8.08278,-1.70638,-3.73396,-9.67943,0.24229,8.34049,8.82213,-1.82418,2.02457,6.51611,7.92366,3.64389,-4.0295,-3.21995,-0.761,-9.15435,2.04493,-9.92845,-5.93551,-8.27547,-4.38328,-1.72837,-8.07047,-4.23802,9.47616,-6.52219,8.34171,9.365,1.61226,-3.12372,4.77304,-6.3836,0.602262,7.89261,5.86894,-7.27987,5.04043,4.48659,8.76173,7.13272,4.98251,3.13086,2.69627,-0.559398,-0.635558,5.84708,1.77277,-5.85302,-3.28301,9.61843,-4.12646,9.41241,-5.37017,-1.69973,-7.1545,7.90538,8.61205,-7.73623,-9.272,3.12085,-7.92186,0.78808,2.23551,-7.57734,-1.0756,6.54027,-0.358111,2.85337,1.3761,-4.42281,-6.65012
-1.21789,-6.25584,-1.78799,3.43654,-6.31251,2.69912,1.50814,9.93316,2.50862,2.28255,-6.43763,-5.33333,5.92899,9.36404,-9.27072,-8.11811,-4.3773,-7.15417,-2.11571,-2.20705,7.6403,4.16674,-9.06097,4.93704,-3.07188,9.71919,-8.52406,-7.85008,8.29171,5.39754,3.0203,-8.34165,-3.60154,-5.68576,-2.27145,9.35271,-5.5737,6.04879,3.89844,9.14317,9.05952,-5.93551,-9.2711,2.97276,-6.52121,-6.26366,1.78743,-7.62835,3.50786,-7.06453,-8.85616,4.59933,8.07632,-2.30335,-5.52471,8.50287,-7.57482,1.74626,2.95339,0.187345,-6.12951,1.5513,3.21568,-7.07859,-2.09418,-4.42454,-5.08041,7.23644,3.36639,2.76346,0.99696,-9.34234,5.46709,-0.116829,-8.51837,-6.58821,8.1743,3.90936,9.60133,-3.22247,9.7194,-1.95234,-2.07101,3.83107,-4.32947,2.25622,-2.13501,5.07033,9.93857,-8.64891,-6.14087,0.0213292,0.59521,7.1903,-3.80478
7.11554,3.73675,2.72516,-2.53412,-0.499716,-5.07609,-2.4965,8.97446,-3.42282,-7.28119,-8.40854,-7.37935,3.99627,-3.09765,-6.9362,4.69514,6.35429,-1.86785,-2.14075,-8.88696,-0.645998,-6.01508,0.463077,-0.737009,0.0154932,5.24635,5.78793,1.59387,8.12697,-9.89095,-2.74588,-4.35718,-1.18238,-2.7377,5.75945,6.42551,-2.26471,6.9449,8.91956,1.6583,4.17531,-8.27547,2.97276,3.0295,-5.72234,-6.95975,1.15282,-5.51817,6.36325,-6.9092,-3.11559,-3.96835,-3.9649,-2.95914,5.8521,-4.70186,-9.36339,-1.07317,-9.14744,1.86333,6.85511,-3.05955,5.99756,-8.56037,-3.17301,9.26749,-7.10951,-5.91627,1.3524,-8.75521,6.61753,-5.57424,-3.51295,-5.48117,4.5332,-7.33881,-8.03231,-8.24753,-5.85745,4.17549,3.60292,6.94201,-3.95393,-3.45902,-3.07638,4.90037,-0.408038,3.01725,0.325614,9.00722,2.45728,-4.73899,3.64057,-9.95181,-1.35785
4.4179,4.28696,-5.94803,1.89829,4.92632,-1.26042,1.22925,4.76608,1.23848,0.0932512,-8.79234,0.797256,1.28681,-8.67072,0.292232,-9.79436,2.96095,-7.60119,-0.482467,3.74236,-8.93042,1.08628,-0.630655,-5.04174,-5.15676,7.23324,-3.00958,6.44178,-5.00514,8.01775,3.37348,4.43709,6.70128,-3.73541,6.57629,5.49603,8.33645,-0.306493,-0.277053,-0.337037,9.4684,-4.38328,-6.52121,-5.72234,-2.12617,-4.73492,-1.86392,8.62603,-9.02339,-8.35763,-4.36843,-1.27201,-3.81557,6.25136,-0.860785,-3.12092,9.43618,2.87024,-8.60793,-3.15082,4.29365,3.43695,3.16462,-6.39009,9.31048,-8.77982,-9.39053,-1.92322,7.11205,1.93159,1.6006,-9.46226,-3.83877,7.09105,-9.8847,-4.64987,-6.95317,0.928485,-0.80824,-3.82782,4.37468,6.37363,-2.70489,0.997142,3.99334,2.37782,-9.90019,-4.53716,2.40244,0.536623,1.89417,-1.91368,2.1956,7.01084,1.22849
2.31883,7.29048,-6.99177,3.55847,2.41045,6.01787,-0.947364,4.51073,1.68697,0.133123,-2.45878,2.02075,5.73868,8.54276,-6.76448,-0.200365,-4.93632,-0.245184,-8.11205,-1.31882,-7.95605,8.11923,6.42652,8.51859,5.67845,8.81499,2.99032,5.93729,-0.128526,7.57445,-4.85111,9.43829,-9.27089,-4.05237,6.28002,-7.23283,-2.04933,1.31094,-7.56971,1.36321,8.92517,-1.72837,-6.26366,-6.95975,-4.73492,0.0996576,-8.4477,-1.21892,-4.14945,-1.66443,-9.7562,8.89202,2.75218,-3.73224,2.27356,6.60874,6.77153,-6.10743,8.29036,-9.1512,8.38615,1.61152,8.68046,-0.444084,-1.5329,-5.01691,8.13184,-7.18537,-6.32587,2.79277,-9.57404,3.94773,-2.68691,3.53482,2.74444,1.12397,-1.01131,-0.340921,-1.49844,-1.64852,4.17608,9.8406,6.87381,-2.13989,-4.25287,-7.60798,5.44177,4.7222,-3.09175,-1.1637,-9.55684,-6.74588,-7.9666,-8.98679,8.42843
-7.54469,-9.15161,2.0955,4.58513,4.06732,5.97908,-8.63229,-9.26919,5.65244,4.29387,8.41072,-2.55247,-4.44811,-0.4189,3.97799,6.5841,5.83811,-4.28921,-4.52154,-7.24988,-2.89689,5.16826,-6.66349,-8.9899,5.53805,2.75122,4.30639,-3.99011,-2.75598,4.47758,0.97272,4.25511,1.12012,7.65013,0.0814193,-1.17306,-4.40546,-0.983733,-7.92218,-3.02759,5.64419,-8.07047,1.78743,1.15282,-1.86392,-8.4477,9.16512,-0.894284,4.51362,8.88232,7.59047,-6.4617,4.70422,2.5548,4.31514,-8.92011,2.69896,6.12188,7.31916,-7.97402,9.50129,2.50787,7.1944,-3.81119,-2.00337,-2.65529,8.60551,-9.32048,-2.60026,-2.11885,-7.05322,3.80628,-5.27757,4.62159,-8.39646,-2.39907,1.92164,6.0368,2.33568,1.31778,-8.87422,7.389,7.49248,9.45404,-8.07035,4.48035,2.75247,2.26952,-0.436656,3.89712,-6.49523,-9.90052,-5.65867,4.6846,-4.06269
-1.5875,4.80229,3.35964,5.97684,-5.96454,-3.93007,8.91244,-4.95056,5.3729,-0.0569568,4.7639,-3.98787,-9.82311,4.69012,0.816333,-2.85583,-5.69419,4.38924,-5.80274,8.41643,-2.88113,-5.42652,-7.48904,1.58021,-7.64296,5.88205,5.67735,-4.45551,4.55478,-7.56737,9.78609,0.931951,-8.40979,4.6873,4.32465,0.738353,7.35625,-7.7082,0.0699578,1.43661,-9.02283,-4.23802,-7.62835,-5.51817,8.62603,-1.21892,-0.894284,-4.70294,3.18301,-3.75591,6.73644,8.34798,-1.06362,-2.73823,-7.82539,-3.87824,-4.00676,4.44313,-4.18466,4.10787,2.28206,-0.742089,-7.86438,5.06395,0.521444,1.43023,1.66716,-1.0298,-1.06789,-0.235028,-5.34765,-6.97466,1.70373,7.84379,-4.45262,0.231226,0.475276,-3.35891,3.1465,-9.33688,8.24968,-3.57077,7.79899,1.82084,0.790544,8.38609,-6.09345,4.98306,6.74665,-7.28174,3.81134,6.88981,-9.0211,-6.62972,-5.58526
2.09884,1.58976,-6.13172,3.7136,9.92942,3.05891,4.95595,5.09152,-3.03183,-8.72813,0.400877,8.51344,9.59873,-1.03403,-1.40046,-0.816682,-7.4755,0.263163,5.58105,-7.62556,5.87622,-9.92844,0.114171,-2.9073,8.43536,-1.00373,-9.47369,7.47053,3.38017,-7.58896,6.80038,2.64741,-2.39698,-4.39954,-0.209387,-5.68356,7.29149,9.89467,2.88997,8.25467,-4.648,9.47616,3.50786,6.36325,-9.02339,-4.14945,4.51362,3.18301,5.32863,0.38505,-5.54439,9.17569,-0.486907,-0.352719,-4.95594,6.00748,-2.84135,-8.14643,-5.53247,-6.25324,5.15713,7.38851,-6.19257,2.58864,-5.58837,-0.0395135,-0.460399,-0.804499,-4.04001,5.53488,3.95703,-3.12536,3.02125,2.71622,5.87029,-6.70229,8.95667,4.38766,-7.96994,-5.99276,1.16431,-6.21834,4.49912,2.731,1.24326,-9.24483,-2.93846,1.6646,-2.17778,3.87581,-2.07538,1.04054,0.296521,9.08952,6.36738
