-9.44037,-1.5373,-8.85536,9.04894,-1.85803,-9.37832,2.55875,-7.7258,-2.42293,9.3538,2.18273,6.21233,-7.26821,-1.25736,-9.27781,0.730503,-0.96468,0.81795,-5.14301,3.48649,-0.101578,-3.22553,-9.35798,-6.75679,-5.58655,-9.33441,-4.09646,3.76583,1.23929,-8.48091,-1.78142,4.77448,7.003,9.35951,-1.30264,4.03231,4.89173,-4.97996,-9.7581,-7.58543,-9.46858,-3.90013,-7.10076,-7.26956,2.69886,6.36516,-9.72602,-1.75319,-3.73502,-8.90503,2.47783,-6.92372,7.91871,7.13978,6.79141,9.63854,0.575521,7.0597,8.66472,5.44557,-1.05929,6.3767,1.30149,4.56834,4.43032,9.80121,-5.45996,8.23091,1.48635,2.5424,-4.50909,-9.63201,-7.77855,3.24966,7.29478,-1.93954,4.18737,-3.36514,-9.06854,-2.67653,1.57159,9.14847,-0.357618,6.88039,0.168104,-2.8572,5.48538,6.41117,7.40165,3.30695,-7.95545,0.179986,-9.21152,0.836943,-5.81036,4.22748
-1.5373,-6.48204,2.25536,9.32172,3.62192,-7.62727,6.18701,8.96153,2.39138,9.44838,9.33606,9.28668,-3.93191,6.74536,-0.251708,-0.30462,7.8493,0.792598,2.60913,3.63971,0.672772,1.41478,-0.176118,-5.08506,-4.50651,4.33419,-8.47592,8.29531,-2.41512,8.59096,1.626,-0.11462,-3.90265,7.79551,0.504572,-4.70767,5.38002,-8.13095,4.01601,-5.69032,-3.33071,-5.96089,-1.50238,-3.31872,8.87447,3.85743,6.86986,-3.99002,5.41206,-6.18414,8.62546,-7.37589,7.18273,8.43631,1.16465,-2.89918,4.34096,6.23231,-5.47112,4.35179,-1.62604,4.42953,8.47577,-7.61769,-5.29004,-7.45369,-8.54122,1.69175,2.5046,-2.29614,-7.47341,-9.25541,3.42848,-0.332089,5.78301,5.69374,-3.45046,4.80438,8.15853,-0.810577,-3.7729,-9.12867,-0.851072,-9.87232,5.1412,3.96605,-4.16862,-9.69072,-5.60793,3.55185,1.35568,-7.13354,2.24349,-8.1526,8.54218,2.76178
-8.85536,2.25536,-2.71603,-2.85484,2.08133,4.81341,-8.79561,0.030601,0.0255854,-1.94703,-3.95767,-7.48066,-8.70909,7.15198,2.52238,4.47918,-0.893313,-8.93912,0.432595,7.85809,-6.74322,7.217,1.60076,8.54074,7.17007,-5.85652,-5.90529,-7.12398,0.285998,5.87078,-3.97465,2.32608,-1.03929,1.67967,9.6154,9.08886,-1.41764,-2.14511,6.33213,-2.96633,0.490664,-7.19319,7.99869,-5.54157,8.28542,-5.3533,-7.21655,8.19001,-8.20271,-7.93525,2.00612,-8.24263,-4.3065,5.0774,4.85488,6.56258,4.59902,7.25843,-8.94751,5.88775,4.63535,-2.1211,4.28458,-5.12799,6.70221,1.59019,4.31362,1.13849,7.41262,8.7191,8.25008,1.03414,-1.6276,9.95344,-2.66715,-7.18278,-3.39238,4.25655,-2.45387,0.605789,-2.53228,-4.74548,6.29908,2.09052,0.326717,7.78367,7.12384,1.23714,1.3236,9.2048,-0.992721,9.72452,-0.255312,9.51813,2.29976,-8.95426
9.04894,9.32172,-2.85484,-8.78229,7.27122,-4.34302,-9.64642,8.84843,-9.39664,1.02006,1.28993,-0.519938,8.87655,-8.96656,2.38982,4.53868,0.577201,-2.56383,6.18986,-8.96123,-0.692283,4.45195,-8.6099,9.89302,-7.18401,-5.73536,8.2881,6.37639,1.7238,5.91451,-2.84413,-0.806053,3.18015,5.07027,3.94819,-2.89264,5.20172,9.21855,9.27942,-3.28356,2.37807,1.6188,-8.36039,-0.38399,-8.62172,-2.28352,-6.00462,-8.24245,9.90225,-0.278268,-4.89631,-3.28567,5.24709,2.23727,1.17811,-5.1216,5.24288,0.881849,-8.20389,-7.62972,0.901934,-3.90772,-3.04384,-2.09737,4.35661,-8.43276,-6.62335,3.61443,-0.449108,-3.44608,-8.94986,9.44668,-9.71341,-2.55772,4.07754,6.53786,-0.400963,3.95114,-2.55346,-0.343157,-7.38351,-4.7313,4.76251,-6.4502,6.88838,-6.66641,-5.56008,-0.268654,-2.2412,6.04868,-5.23261,-5.47829,-6.50922,-7.35136,6.76227,-0.130801
-1.85803,3.62192,2.08133,7.27122,-8.10344,8.24736,9.84916,-6.67223,8.30408,9.61695,-7.13716,-5.53429,4.83635,-7.04281,-0.762765,-2.6125,-5.61556,7.0781,2.17584,-8.16904,-2.24545,-3.03741,1.81864,-3.66832,-7.69501,-6.02347,-3.11894,5.20447,-0.0734803,1.57693,-5.00276,6.11396,9.41224,3.54194,-9.22156,-1.88993,-1.58328,5.94155,-9.34829,-4.97119,-9.67849,1.86754,-1.36501,2.15649,6.48181,4.80942,-6.2117,7.61777,1.81253,7.94218,5.97536,-1.26875,5.01792,6.97265,3.05838,-4.38905,6.6144,-6.14783,5.82391,5.6385,4.66052,-2.01905,-7.1825,-4.23241,-3.95185,7.5494,4.13776,9.21585,4.42779,6.34025,-3.64898,-7.01806,-9.79706,-8.4175,8.99421,-4.24556,-7.77706,-0.0753003,8.91309,6.89655,-4.23613,2.35416,6.22192,6.73129,0.941524,7.04063,-9.88253,2.2185,2.64296,7.06704,-3.01444,-1.10932,-2.04111,-8.51677,-6.89618,-1.4024
-9.37832,-7.62727,4.81341,-4.34302,8.24736,6.81915,-0.630797,9.2658,7.54338,-6.36076,6.94553,-8.36168,-9.73052,6.43149,1.28594,-4.23498,0.125473,2.97874,8.39977,-8.03742,-1.85843,-3.25354,-0.869773,-2.53972,-3.52208,-9.63398,3.25323,-5.14354,1.63422,4.91258,-1.118,3.33175,-6.07784,4.60675,9.94128,1.58422,-4.25954,0.827578,3.07443,-3.99868,1.02864,6.91657,-3.45055,-7.57005,-8.08815,-0.198659,0.329434,-7.29961,8.3013,-3.08347,7.72418,4.49958,9.24094,1.44376,-7.37333,1.43861,-0.192802,7.61618,-4.08923,-7.76269,1.69042,-8.81354,0.127731,-1.39551,6.10377,-4.82302,7.04748,1.85483,8.73022,0.986504,5.85729,-9.74984,8.81564,1.96391,-6.589,-4.2672,-1.16803,6.33866,-3.11808,-4.71465,2.47227,-7.8047,-1.52056,-3.61216,4.80188,-2.02089,2.85321,2.67913,-9.81681,-0.340552,9.43083,-5.42704,-2.53269,5.83644,-2.79274,6.67969
2.55875,6.18701,-8.79561,-9.64642,9.84916,-0.630797,2.45617,-3.77919,3.00545,0.966395,5.82865,-2.38583,5.41268,3.35171,-8.05613,-0.136521,5.97847,-5.70862,-5.34292,5.17889,7.90871,8.73265,-4.46616,0.714707,-8.95449,0.714225,9.72898,1.30004,-6.97659,8.6216,1.4297,0.447862,-5.05341,-4.71685,-5.66027,-3.29641,-3.50477,0.242542,7.77857,2.20366,-8.30154,3.82798,8.24971,9.36799,9.0494,-4.01049,3.83656,1.4532,8.32858,5.00111,7.21775,4.0699,6.88144,5.71073,4.05064,-9.47544,-6.30328,3.42287,6.13399,-9.92368,7.25369,-1.06322,8.31154,2.36931,2.00345,5.91698,-4.1481,-3.94446,-1.73993,6.59744,1.40522,6.85258,-3.20535,-4.51428,5.6799,8.22107,1.24189,0.66995,0.45924,4.5762,9.86384,8.79587,-6.98046,-8.63614,9.76642,-2.54579,5.53785,1.55768,5.44184,4.52963,1.82272,0.460299,5.53866,5.03078,5.37841,5.19448
-7.7258,8.96153,0.030601,8.84843,-6.67223,9.2658,-3.77919,1.73904,6.06898,-4.54935,9.55237,-7.17773,4.11233,-7.06274,0.784586,8.27989,7.30714,-1.81257,2.71571,5.71692,-0.151292,7.49639,4.07199,7.93162,1.4519,-7.81174,4.14886,4.30814,6.61144,-9.34321,4.12106,2.56782,-7.62357,4.58928,-2.33156,-0.786093,2.31672,-0.709791,3.86544,8.88803,2.49772,-1.48181,5.6141,-0.684977,-2.59098,7.05797,6.21217,0.742847,-4.14914,-2.41506,7.55522,-1.8708,-2.69891,6.14123,3.0324,9.93932,4.58586,-5.09788,-9.46734,-7.49204,-5.99594,-1.44951,-0.14349,-4.13857,-6.08583,-2.11662,-7.95816,7.2129,-2.50974,-1.94651,-5.67435,-6.6711,5.10075,7.07492,-2.09717,-5.22794,7.64859,4.99598,2.77509,-5.28124,-3.23347,4.54563,3.405,-8.68194,-7.55638,-2.77083,-1.43242,4.72287,-5.55731,1.85709,0.778543,5.01323,5.53637,-6.24269,7.42236,7.62692
-2.42293,2.39138,0.0255854,-9.39664,8.30408,7.54338,3.00545,6.06898,-7.18287,-6.79021,9.68942,-1.6777,-6.94137,-0.365802,4.66427,-4.24665,-1.14373,2.74764,-7.42405,-4.75267,1.46659,-6.18572,6.95809,-2.67397,0.641688,-8.51585,-7.12457,-5.84494,9.12684,9.55179,1.1249,-9.81027,9.39472,-6.00758,3.14652,-5.73164,-6.03015,0.684332,-1.83038,-8.82429,-9.79955,-1.75159,8.82068,-9.99833,5.57268,9.60096,0.417109,2.58507,9.20158,-9.32196,9.56452,7.7255,2.78529,3.92012,-3.60117,8.66514,1.08524,7.20734,9.39312,4.36092,-4.49101,0.47688,7.4176,4.26202,-3.01848,-3.8976,-7.07508,2.16623,9.95564,-6.71018,5.87232,0.421406,3.09187,2.66209,-4.98024,8.8327,7.11402,-2.77024,-5.3481,3.64028,-5.98924,9.95726,1.58607,-9.30564,0.255851,-2.73087,8.24207,-3.91144,-1.27674,-1.11492,-4.35434,3.26912,5.44402,9.06681,-0.722606,6.98098
9.3538,9.44838,-1.94703,1.02006,9.61695,-6.36076,0.966395,-4.54935,-6.79021,-1.73937,1.31379,-0.631377,3.81736,-6.04482,-8.4612,-1.24878,0.263122,-7.61605,-7.13842,-1.25786,-6.74477,4.84689,-8.46066,9.87138,4.93796,-5.42412,7.57276,7.17319,1.92528,9.04633,-5.66368,4.9664,-1.58915,7.31843,-7.85532,2.32948,-4.85953,2.06058,-9.97132,-4.50907,-1.87249,-7.41946,0.558087,-4.16837,4.45584,-8.98693,8.5106,-2.00122,1.48026,-9.39855,-3.2254,-9.86311,-8.82999,-6.64083,-8.99917,-3.85609,2.72131,-3.90214,5.65839,2.25602,-6.89695,0.528224,4.48061,-5.067,4.36584,-3.75987,9.89096,-2.94047,-3.37657,-6.31464,-8.35264,-1.9882,3.84035,-6.66227,-0.146445,6.50862,-9.05061,-0.312174,1.18761,0.351714,-3.02173,4.75062,7.28049,-7.14384,2.58825,-9.28389,8.09518,7.61518,8.73261,-2.78374,2.79048,8.30822,6.4748,5.56782,6.14739,3.88572
2.18273,9.33606,-3.95767,1.28993,-7.13716,6.94553,5.82865,9.55237,9.68942,1.31379,9.79282,-9.45574,-9.94888,9.99441,-2.08133,-4.999,4.30349,-5.88107,-6.05201,9.9076,-4.56662,-4.66277,1.9586,7.09273,8.17271,-8.27687,0.487626,-3.61892,-3.26623,0.123562,-9.16979,9.52624,-4.26222,1.33259,5.7305,9.47712,7.83075,-0.280637,-0.14367,-3.67519,7.41114,-6.48467,5.59704,-5.48749,3.11863,6.7328,5.36194,-2.39509,4.66801,5.86859,-7.13192,-2.69501,6.91798,7.72513,0.865597,-5.30791,-5.17769,-4.01511,-4.25401,5.31125,-9.11912,2.35747,0.167436,-5.55343,1.48719,8.02356,-3.82409,8.50709,-6.01974,-0.67772,-0.959257,7.60362,-6.26752,1.65487,9.12625,-8.52611,-1.85153,8.46531,3.32566,3.27098,7.97742,9.47066,-4.4335,3.83987,-0.270143,6.78228,0.838235,6.11201,-1.6836,8.46374,-1.11927,-6.04113,2.31934,-5.61925,-8.74262,0.438233
6.21233,9.28668,-7.48066,-0.519938,-5.53429,-8.36168,-2.38583,-7.17773,-1.6777,-0.631377,-9.45574,-9.72646,6.3433,-8.17085,5.71822,-3.17032,8.83825,2.24717,5.01424,-5.55943,7.66577,-3.83735,4.25963,-6.2042,4.59062,1.93745,0.704087,4.3349,-8.00469,-4.99792,-8.0817,-5.09011,-0.732522,4.2206,-3.56095,9.3807,-6.5365,0.422913,0.502691,-3.11589,-5.99007,-3.98249,1.99185,3.37289,-3.38833,5.09356,-3.76842,-0.892822,-6.85847,-0.405006,-3.15292,-0.187844,-9.12584,2.51677,9.12399,-2.7475,8.05921,-2.0742,0.413269,9.47272,-7.68058,2.97747,1.664,2.2806,2.2879,-9.28726,0.931728,5.23081,-9.80441,3.13644,0.581703,-8.10857,-0.313895,0.712567,8.30195,1.49476,-5.99919,-9.34482,9.87088,2.21213,7.79511,-7.16249,-4.53055,-7.24412,-5.52988,-0.125813,6.18825,3.66066,-4.1656,2.82972,-0.531334,2.8445,-8.57096,7.70329,-6.52235,-9.24692
-7.26821,-3.93191,-8.70909,8.87655,4.83635,-9.73052,5.41268,4.11233,-6.94137,3.81736,-9.94888,6.3433,7.11269,-7.0788,6.56022,4.04353,-4.6041,9.32598,-5.87575,6.00194,-0.451966,-0.933661,9.05547,4.35079,-3.182,-3.00268,6.96446,6.74479,0.890363,5.79512,3.44229,-8.59116,1.91258,2.97105,4.52335,-5.13478,5.65784,-2.62869,-9.70569,1.62142,-2.72385,1.43688,4.70812,8.59788,3.61516,4.36255,-4.07405,-3.12927,-2.09593,-8.47678,4.51015,-0.313962,2.12382,3.83364,-3.02959,5.40395,-7.43727,-4.71053,-7.89839,6.31337,7.36529,9.80871,-0.140366,1.55751,-7.19994,-2.9949,1.89964,-8.0662,-8.41272,-4.18756,2.64562,-1.44015,-7.19164,0.317279,0.474395,-1.39455,-1.73302,1.30698,-7.14731,-7.2561,-7.39072,-0.695226,-2.2285,2.29332,9.98147,-9.29949,0.61991,4.96222,3.4662,1.83259,1.83435,-7.61112,-8.36764,2.46164,-0.562593,5.43545
-1.25736,6.74536,7.15198,-8.96656,-7.04281,6.43149,3.35171,-7.06274,-0.365802,-6.04482,9.99441,-8.17085,-7.0788,0.264606,3.9028,4.66092,6.99267,-3.90582,-2.95908,-8.87158,3.99395,-4.62396,-8.79984,1.87976,-5.09135,-3.87548,-3.50037,-0.525545,8.69932,0.475758,-7.72113,-5.75746,-6.47122,2.01236,-1.56428,5.90834,-2.77576,-3.3389,-7.13558,9.84739,-9.46712,-4.41363,7.32348,1.36253,-1.93763,5.54518,6.5091,-6.15024,7.4268,-0.57745,-9.86826,0.496966,-5.18804,-1.43128,-4.68398,8.26031,-1.23783,5.45289,6.97993,-8.76382,8.3143,-7.91446,3.0853,0.525644,-9.13818,-0.270911,6.62226,-1.30138,1.97123,-1.29205,-6.10755,7.53386,3.31608,8.65126,2.61955,-9.3041,8.82891,-8.02986,9.91217,-1.99205,8.69361,2.95635,-7.70086,-1.16705,8.75883,1.94393,-0.776002,4.94581,-7.94485,-2.52655,-8.71529,-8.5021,1.13614,-9.97931,3.40643,6.12231
-9.27781,-0.251708,2.52238,2.38982,-0.762765,1.28594,-8.05613,0.784586,4.66427,-8.4612,-2.08133,5.71822,6.56022,3.9028,1.67541,6.48821,9.54924,9.03465,-2.50001,-3.26957,7.84948,8.33901,5.21885,3.87197,-2.17848,3.8044,7.10573,-0.558607,-0.181055,3.62868,5.80639,-2.66197,-1.98145,-9.78185,-2.30057,9.01183,3.29684,2.51833,-4.31233,-7.30982,-0.65563,-9.42806,-8.08235,-4.59374,0.496549,9.97634,4.48323,2.61435,-4.30151,-4.18113,4.64977,-4.89662,9.70046,-3.01097,-2.42776,-1.05031,-1.07345,-1.85989,6.38237,-6.70062,3.26994,6.47014,-9.7663,-6.2543,-5.75887,-4.55261,0.679184,-7.66846,6.36199,7.98479,-2.33109,5.32675,-0.880529,1.00082,-9.67922,-0.501506,-2.89597,2.29746,-2.18544,-5.92357,-5.25716,9.05543,9.3147,3.47066,6.62903,6.02331,7.56877,-4.54482,6.50777,7.42984,-2.90066,4.05137,9.43148,6.80473,4.06442,-1.02341
0.730503,-0.30462,4.47918,4.53868,-2.6125,-4.23498,-0.136521,8.27989,-4.24665,-1.24878,-4.999,-3.17032,4.04353,4.66092,6.48821,1.80491,-6.04166,9.70256,-2.47513,-5.64059,-5.00475,2.21228,6.12387,5.78954,-3.71068,-3.26034,8.59968,-2.70711,4.47102,-5.62714,3.88236,-3.05771,3.45634,-9.93129,-6.22848,0.703701,-6.39143,-3.53131,5.06702,6.35553,-4.04947,-3.35281,2.86235,3.09492,-6.07583,2.75866,4.97591,-6.59176,1.14076,-3.48411,-5.56189,2.21478,5.12246,-5.77841,-4.9884,-2.56373,-7.36871,-6.11185,1.10543,-7.90052,4.68972,-5.82389,0.570239,-4.47766,-5.34167,2.0325,1.15958,-2.39682,-8.85093,7.25027,1.83766,1.05363,9.75106,7.25085,-7.70415,2.84932,4.65657,2.43214,6.13731,1.92606,4.65348,3.58648,-9.63063,-6.37378,-6.74674,5.97283,3.07272,-8.99788,3.35435,-4.26272,-4.95733,1.96747,3.44587,-8.26758,-2.46808,-4.4109
-0.96468,7.8493,-0.893313,0.577201,-5.61556,0.125473,5.97847,7.30714,-1.14373,0.263122,4.30349,8.83825,-4.6041,6.99267,9.54924,-6.04166,2.01638,-3.06518,-2.60597,9.36103,7.99005,-0.646876,8.85225,4.49929,0.384466,7.03959,-2.76511,4.29176,-4.34623,-5.92242,-6.26348,-6.10269,2.37091,9.37949,0.58557,-6.10145,-5.37103,-3.20313,-3.64021,-7.98209,-0.588367,-4.61919,-5.49976,1.22224,5.78979,-8.15061,-6.52387,5.69412,-9.18442,-9.95877,-3.35787,-7.46433,3.66938,7.50717,-9.95057,-0.960209,0.479649,3.2165,-6.14862,-1.92681,6.82548,6.95392,-9.48831,4.5415,-4.50436,-0.85797,9.55887,9.12704,7.83554,-5.53688,-2.22707,0.691877,-6.21067,4.17243,6.00271,5.33643,-9.13753,9.44899,6.62497,-4.99719,-3.2532,-3.16044,-5.67725,-7.65622,5.596,2.40888,9.3557,4.20233,-1.86047,7.3766,2.21026,-5.84228,7.40932,9.13301,-4.32378,0.0187673
0.81795,0.792598,-8.93912,-2.56383,7.0781,2.97874,-5.70862,-1.81257,2.74764,-7.61605,-5.88107,2.24717,9.32598,-3.90582,9.03465,9.70256,-3.06518,3.83056,-9.39918,-2.87103,7.36022,-5.89398,-9.87749,5.41729,9.44608,4.81123,8.34391,-2.09904,7.89753,-5.93419,3.39996,-3.27284,-8.51072,3.85374,9.02829,3.71412,-7.16069,-1.50803,8.48805,-8.68311,-1.63684,1.82127,-7.02995,-8.4374,9.50633,2.77102,0.379116,-0.977621,8.36181,7.05053,8.58743,9.11666,-1.60848,2.21836,6.21168,-0.118572,4.15914,7.17422,0.00971565,8.14067,-2.54477,-6.0674,7.0802,6.02302,-9.75694,1.91801,1.69689,-6.7467,-5.43918,-7.83039,-2.23975,-4.57464,-7.68623,9.94411,-4.04845,3.31574,-6.66295,-8.11935,3.99084,1.48751,8.22243,6.46817,-7.45984,-6.23281,-0.901249,-4.3254,-5.56981,-4.73933,-3.48298,-5.71787,8.80278,0.858501,5.97107,6.17519,-9.21379,8.84111
-5.14301,2.60913,0.432595,6.18986,2.17584,8.39977,-5.34292,2.71571,-7.42405,-7.13842,-6.05201,5.01424,-5.87575,-2.95908,-2.50001,-2.47513,-2.60597,-9.39918,6.33385,-5.68003,7.79295,3.82404,-3.82076,6.88275,1.93659,-8.90515,-8.95103,4.04908,8.41864,0.781411,2.27905,-6.91627,-1.36105,5.49333,-2.96226,-0.905778,-3.9822,6.13625,4.72133,-7.27694,2.66987,5.28137,-5.36244,-9.20465,4.81316,-4.24034,4.50887,-9.13662,4.58651,-0.194807,3.26698,-2.56207,-8.50963,-4.03655,-5.74883,-4.58961,-6.90313,9.88558,9.44925,8.1896,-3.07605,3.28594,-1.5294,-9.22368,-8.48238,3.84695,0.238258,-2.43591,1.92485,6.98278,1.56733,7.98486,-0.759414,1.15408,3.33184,4.4551,-3.19898,7.1828,9.45074,-8.45612,-1.83399,8.53704,-2.02824,-1.69726,-7.76488,-8.03805,1.09547,2.65911,-0.559041,3.89823,-2.22528,3.39649,-3.03507,-9.98846,7.36169,5.36162
3.48649,3.63971,7.85809,-8.96123,-8.16904,-8.03742,5.17889,5.71692,-4.75267,-1.25786,9.9076,-5.55943,6.00194,-8.87158,-3.26957,-5.64059,9.36103,-2.87103,-5.68003,7.24748,-0.72942,7.43029,-2.21284,0.547866,-6.55729,-7.50145,-8.34683,-3.25876,-0.716405,5.75558,-7.40961,-2.85169,-0.376989,2.61245,-5.88098,5.70464,9.52769,5.26661,-8.06181,-6.53493,1.02438,-0.443294,-7.93372,9.34943,4.82678,-7.25512,4.78715,1.57339,-2.22654,-8.28749,5.86011,-9.54316,7.52662,9.74313,-9.25401,6.5331,5.87326,2.70959,1.98945,-5.83444,-1.17715,4.10606,-4.52737,-3.51548,3.22619,1.46646,4.37683,9.74487,7.99391,3.30756,3.15471,8.16958,-1.5886,-3.2874,9.82209,5.01908,2.01896,9.16438,-5.44465,-9.2125,1.49297,-9.98911,9.61958,-6.74042,-2.85631,-8.81604,-1.79631,1.92511,6.97482,-8.62927,5.62865,7.94691,5.88803,4.81515,0.230754,-0.988849
-0.101578,0.672772,-6.74322,-0.692283,-2.24545,-1.85843,7.90871,-0.151292,1.46659,-6.74477,-4.56662,7.66577,-0.451966,3.99395,7.84948,-5.00475,7.99005,7.36022,7.79295,-0.72942,8.69852,3.58542,-3.50177,-1.44695,1.64965,-8.72596,5.47789,-8.01498,3.97093,-2.00838,0.282316,3.93841,2.65645,-4.30172,3.62356,9.41056,4.11861,-1.86478,-7.55604,9.10382,9.22931,8.93278,-8.89359,-7.38199,-4.60443,-8.95885,6.43301,-9.42661,2.29276,-7.20562,-5.79227,1.31668,6.78609,-5.9337,2.33823,0.923709,-3.44954,7.42789,8.36848,0.278613,-8.91136,8.47906,-1.93219,-7.69914,4.03257,3.51527,0.49306,-0.589599,-5.7438,5.42432,-2.9564,5.98033,1.46682,7.98064,-2.06855,3.81783,-8.86858,9.54868,-8.99645,-3.94069,-3.56682,-7.18627,-3.41632,-9.32129,-8.40237,6.77381,-9.79182,7.85514,-6.6956,0.635149,0.655059,9.59565,6.58866,4.95765,-2.73624,9.504
-3.22553,1.41478,7.217,4.45195,-3.03741,-3.25354,8.73265,7.49639,-6.18572,4.84689,-4.66277,-3.83735,-0.933661,-4.62396,8.33901,2.21228,-0.646876,-5.89398,3.82404,7.43029,3.58542,-4.72441,9.15989,4.32067,8.46842,4.31258,-6.73041,-8.85846,-3.70471,-9.89171,8.39971,-5.67945,-1.1928,0.290374,9.39855,-9.1584,0.794244,6.24357,9.42806,-9.51448,5.41955,-6.7017,9.32746,6.02358,3.36289,-1.19089,-2.65326,8.22295,7.28331,-2.66751,4.31616,-7.275,3.60924,-7.64739,-6.69079,-3.59396,5.07368,8.17526,-5.27526,-3.45056,-1.4954,4.05202,-0.492349,1.21035,0.618125,-6.11649,6.91318,-2.17645,5.18728,-9.18785,-1.47187,0.0940948,1.94758,0.659203,5.28379,-9.51492,0.996488,-6.08942,-7.10173,2.16589,-2.63332,7.90037,-4.22892,1.53599,6.07947,-2.83891,8.26739,-1.76224,7.29355,-2.39258,-3.04901,7.28742,-0.342204,2.56773,-8.23557,-9.62066
-9.35798,-0.176118,1.60076,-8.6099,1.81864,-0.869773,-4.46616,4.07199,6.95809,-8.46066,1.9586,4.25963,9.05547,-8.79984,5.21885,6.12387,8.85225,-9.87749,-3.82076,-2.21284,-3.50177,9.15989,8.62221,-5.42904,5.39989,8.65925,-1.87929,-9.32407,2.52514,-3.18272,4.72279,-4.52775,6.68926,-8.48579,1.81513,-5.16651,-5.15418,-5.36197,-3.35066,-6.06612,-4.94061,-4.14458,4.62345,-4.29465,-5.0038,4.76556,6.32603,-7.59929,9.82041,6.50277,-8.54785,3.32546,9.32149,-3.66787,-8.39328,4.14849,4.16005,9.04694,-9.86853,-8.81362,8.3595,-4.1464,1.40436,-0.697125,-7.1551,5.68182,-9.26818,-2.1014,2.90944,8.73737,5.90923,4.56597,-9.54084,-7.48409,-9.76852,-0.869402,6.17928,9.31542,5.22242,-9.01437,8.85477,0.684889,-9.46839,-5.03841,2.67024,-8.92164,1.03644,5.53556,1.79212,-5.8065,7.4942,-8.58957,-2.76359,-3.4699,-3.54882,-9.27034
-6.75679,-5.08506,8.54074,9.89302,-3.66832,-2.53972,0.714707,7.93162,-2.67397,9.87138,7.09273,-6.2042,4.35079,1.87976,3.87197,5.78954,4.49929,5.41729,6.88275,0.547866,-1.44695,4.32067,-5.42904,5.61474,8.72841,-9.18719,8.61515,0.593994,0.328068,9.92101,-0.655154,-0.0806342,4.5443,7.66283,-3.11556,0.647711,4.54636,7.17848,-8.41563,-6.05043,-3.92134,5.79022,8.66221,9.48848,-2.37814,5.33894,3.89261,-7.94091,2.85269,-0.725933,-4.62475,-9.05969,-5.89872,4.08027,9.05173,-0.81671,-2.73521,2.04029,-3.9155,1.405,0.66217,6.92966,-2.58056,-3.1325,-1.78221,6.51969,-3.57527,-5.22087,9.12809,-3.95476,4.35018,-7.5872,-2.22975,7.97415,6.62296,-9.75124,-0.930577,0.731661,-7.10266,5.29714,9.76635,5.47897,2.31328,7.89904,-3.1021,-2.60473,-6.8136,1.1443,-4.06783,-3.72529,0.282811,-2.36816,5.34985,-3.20584,1.22875,8.49388
-5.58655,-4.50651,7.17007,-7.18401,-7.69501,-3.52208,-8.95449,1.4519,0.641688,4.93796,8.17271,4.59062,-3.182,-5.09135,-2.17848,-3.71068,0.384466,9.44608,1.93659,-6.55729,1.64965,8.46842,5.39989,8.72841,8.2977,-8.47299,-9.71292,-3.93528,0.407065,2.06691,8.53959,1.38608,1.78647,7.33135,7.06627,-1.36183,5.69429,-7.2539,-2.66929,3.30369,3.97799,0.351606,9.03343,-8.79619,-0.937978,6.97333,-9.21202,-3.03696,-8.24176,-9.3126,9.69896,-1.84023,3.53324,-8.40644,3.88025,-4.61684,-7.95146,6.999,2.76127,8.72365,-7.86378,6.49343,-7.019,3.65586,-7.54881,5.20518,-4.79441,-9.24673,-5.25508,3.69272,-4.43371,-1.78242,2.68091,-9.56259,2.71458,-8.17158,-0.220724,8.81233,8.26878,-4.55259,9.11962,7.97307,-5.97994,-0.00592981,-7.29039,-0.842048,-2.31092,-7.20854,-1.79791,1.03331,2.00939,9.86711,-3.12071,-1.42302,-5.20692,8.53337
-9.33441,4.33419,-5.85652,-5.73536,-6.02347,-9.63398,0.714225,-7.81174,-8.51585,-5.42412,-8.27687,1.93745,-3.00268,-3.87548,3.8044,-3.26034,7.03959,4.81123,-8.90515,-7.50145,-8.72596,4.31258,8.65925,-9.18719,-8.47299,-7.21874,-4.16511,2.64684,3.81435,-1.78777,5.38293,4.99078,3.59827,-4.74362,-0.7202,-4.40058,5.72559,1.82533,-9.3224,1.38923,1.47849,3.75494,8.68011,-9.506,-6.9376,-5.3395,6.29272,8.3835,-6.63994,2.6241,4.81931,4.35495,-4.80506,-3.03192,-0.518962,-8.96021,4.34538,-9.64548,6.85002,-7.6172,2.85429,8.535,8.83492,9.99826,8.01532,6.85979,-9.48405,9.42923,-4.2986,-9.98082,1.25525,5.21536,1.75056,-5.53224,-9.50706,5.75553,7.56217,-2.51783,9.25166,2.3323,4.16223,-8.74432,-5.31952,-8.46812,0.211807,3.66497,4.86954,3.99872,4.05443,-7.05338,-0.992695,-4.72843,-3.90415,1.09293,-2.34269,-4.64024
-4.09646,-8.47592,-5.90529,8.2881,-3.11894,3.25323,9.72898,4.14886,-7.12457,7.57276,0.487626,0.704087,6.96446,-3.50037,7.10573,8.59968,-2.76511,8.34391,-8.95103,-8.34683,5.47789,-6.73041,-1.87929,8.61515,-9.71292,-4.16511,5.19515,-3.62191,-5.20471,-3.89215,-1.77372,-2.04565,2.77323,-0.256227,-9.36449,-9.84949,-8.95616,0.701988,7.99925,5.37259,5.73158,1.73889,-1.78449,-6.74434,-9.24416,-6.29962,-6.86814,3.21148,7.37018,-6.30704,4.93866,3.12415,-4.99282,2.76494,3.51479,-7.45576,4.19401,-7.1267,-2.93087,9.82819,7.96499,-7.25198,-4.88576,-9.59759,-0.653038,-2.51547,7.70762,0.394414,6.07744,-1.49871,-7.35551,6.04177,9.44711,4.60565,-1.58156,2.61586,-1.74893,0.260861,-1.72934,2.02019,-5.16386,7.30263,3.03329,0.887751,-4.76678,-6.15951,4.54239,-8.43132,-8.78075,-3.67327,-3.29481,-7.37583,3.05861,-5.90209,7.93129,-9.96061
3.76583,8.29531,-7.12398,6.37639,5.20447,-5.14354,1.30004,4.30814,-5.84494,7.17319,-3.61892,4.3349,6.74479,-0.525545,-0.558607,-2.70711,4.29176,-2.09904,4.04908,-3.25876,-8.01498,-8.85846,-9.32407,0.593994,-3.93528,2.64684,-3.62191,-0.594084,-5.80981,-2.54405,-0.638509,6.53668,-2.72034,-0.020281,-4.81662,-1.10547,-6.69663,-9.23855,-9.87939,8.62958,-0.214641,-2.2206,7.80418,-8.64775,-0.374646,-4.05051,-4.69996,-8.83968,7.61018,5.50185,-8.50151,-4.75567,2.48887,8.87042,-4.52347,-3.13555,9.13262,2.98436,-5.46265,0.858474,-4.40763,-8.7029,2.0431,6.83497,9.77841,8.36265,-6.75526,-2.56029,-6.3028,-6.18054,5.52179,-6.62599,5.66179,-2.3479,0.107871,-0.701627,-7.60908,-6.65971,8.52724,-3.64633,0.725082,-8.71549,9.00065,-7.69987,-1.65062,0.208429,9.5605,-7.1678,8.91676,-8.32701,-2.18929,-6.31138,-9.99795,-4.16889,8.67921,2.07118
1.23929,-2.41512,0.285998,1.7238,-0.0734803,1.63422,-6.97659,6.61144,9.12684,1.92528,-3.26623,-8.00469,0.890363,8.69932,-0.181055,4.47102,-4.34623,7.89753,8.41864,-0.716405,3.97093,-3.70471,2.52514,0.328068,0.407065,3.81435,-5.20471,-5.80981,0.540592,6.58125,-5.24674,8.55485,-6.59534,-1.11884,-7.894,1.26765,3.78213,-8.96693,-9.29159,-6.66946,0.697441,8.19276,7.38994,4.49611,-7.74024,-8.7807,2.51256,-0.704799,0.922448,-8.54627,8.85811,-8.74082,-7.15789,-7.49065,-6.29386,9.77074,6.53991,4.50844,-6.64077,-3.77212,-2.81382,2.72556,7.92394,3.90483,-4.65116,3.36182,4.37285,4.92292,6.52388,5.43715,4.95868,6.58493,9.50922,-0.93512,7.72191,1.3175,5.68537,1.15223,5.40337,3.26535,-4.14833,1.67294,1.08263,-1.12426,-3.73186,-2.36453,6.45874,2.98386,1.13309,-9.50421,-4.45913,-2.56671,-6.27527,-9.24529,5.14376,8.12498
-8.48091,8.59096,5.87078,5.91451,1.57693,4.91258,8.6216,-9.34321,9.55179,9.04633,0.123562,-4.99792,5.79512,0.475758,3.62868,-5.62714,-5.92242,-5.93419,0.781411,5.75558,-2.00838,-9.89171,-3.18272,9.92101,2.06691,-1.78777,-3.89215,-2.54405,6.58125,6.39682,-5.8317,4.06494,-0.108063,8.99053,4.69346,6.38617,-3.12413,4.99955,3.76471,-4.07684,5.99393,1.50799,-7.43161,0.992263,4.48374,1.05052,-1.75596,-2.13397,-4.23266,-7.43075,5.33491,7.08567,6.31162,4.59398,-0.0839878,6.93362,-1.32862,-9.32858,9.847,-9.32336,0.342108,-8.44121,4.94819,1.58308,-0.00346865,8.14421,1.19393,4.1496,1.75821,-8.44521,2.2041,-8.48791,-5.42444,2.95933,-4.96114,-7.13416,2.26258,7.83182,3.20799,9.24615,-8.31897,-4.99288,-8.04876,-7.66804,-8.74132,1.18884,-8.2397,7.03058,-9.95556,-8.96388,8.73431,6.53758,8.82092,2.37214,-3.41448,-0.00873889
-1.78142,1.626,-3.97465,-2.84413,-5.00276,-1.118,1.4297,4.12106,1.1249,-5.66368,-9.16979,-8.0817,3.44229,-7.72113,5.80639,3.88236,-6.26348,3.39996,2.27905,-7.40961,0.282316,8.39971,4.72279,-0.655154,8.53959,5.38293,-1.77372,-0.638509,-5.24674,-5.8317,9.10338,3.4372,4.36059,3.68974,-0.0123286,-1.80342,3.72592,3.0025,8.87288,6.59982,-6.4629,-1.47108,2.83497,4.16367,-4.88061,-1.87851,4.30278,-1.50529,9.39711,-8.38491,3.2879,-3.13592,8.95741,4.10324,-2.41231,-0.700804,-6.28785,-2.3223,-2.73516,5.98423,4.64807,-5.70635,-6.93836,1.1533,2.3427,6.0136,-0.330454,8.98363,9.14157,-8.66932,3.1034,-1.08039,0.966822,2.33309,-2.91745,-4.61542,8.78169,-2.28464,0.691532,6.34411,-8.01129,-0.437992,0.603301,-5.41554,3.8321,-6.53015,5.02366,-5.24036,6.40232,6.63181,-1.90963,-4.49638,-3.52498,-3.05623,-7.71933,1.57774
4.77448,-0.11462,2.32608,-0.806053,6.11396,3.33175,0.447862,2.56782,-9.81027,4.9664,9.52624,-5.09011,-8.59116,-5.75746,-2.66197,-3.05771,-6.10269,-3.27284,-6.91627,-2.85169,3.93841,-5.67945,-4.52775,-0.0806342,1.38608,4.99078,-2.04565,6.53668,8.55485,4.06494,3.4372,1.07146,3.85831,-5.99209,7.92575,2.80618,2.06924,3.45054,7.79539,5.76069,-6.45035,-3.85036,5.00572,-5.11582,-5.09712,-3.74565,0.0462492,1.88924,2.27385,2.43869,-7.46279,-5.85047,0.549995,0.356657,-8.2391,-5.92737,4.62315,0.591669,-7.48712,-6.02047,8.36423,-2.49707,-3.38049,8.58905,-9.14869,6.02874,-5.6396,-5.28732,6.75648,-9.43988,-6.52295,2.45437,-9.70155,-6.70177,9.04701,-1.29773,-3.08154,3.01175,-6.88521,-0.465322,-1.62858,2.18737,-9.15048,-5.19833,2.18535,-7.69691,7.6741,-7.84542,-6.13937,-5.86806,5.02024,6.16338,9.7492,-4.04193,5.339,-4.97089
7.003,-3.90265,-1.03929,3.18015,9.41224,-6.07784,-5.05341,-7.62357,9.39472,-1.58915,-4.26222,-0.732522,1.91258,-6.47122,-1.98145,3.45634,2.37091,-8.51072,-1.36105,-0.376989,2.65645,-1.1928,6.68926,4.5443,1.78647,3.59827,2.77323,-2.72034,-6.59534,-0.108063,4.36059,3.85831,3.67553,0.649589,-0.811375,1.7052,-9.62787,5.71748,3.4851,2.52568,8.77264,8.62162,-9.36115,3.67515,6.50416,-3.77495,-4.73546,-9.45341,2.26974,8.03693,-8.44709,-3.5637,-4.29589,3.63151,-5.36281,3.25492,-2.6949,-3.96647,-1.10359,8.93003,-9.75172,-8.57968,-2.77881,3.17396,-7.89675,-2.51131,0.990035,-5.67442,8.64543,-4.92948,4.45689,-9.89818,6.73225,1.5853,-2.52142,-9.13715,-7.09274,-1.29241,7.51387,0.813493,9.38067,1.77472,-3.9794,8.01527,5.60092,7.03378,-3.66233,0.130431,2.20539,2.80226,7.48378,1.41771,-4.23203,-8.72328,0.165885,-0.915985
9.35951,7.79551,1.67967,5.07027,3.54194,4.60675,-4.71685,4.58928,-6.00758,7.31843,1.33259,4.2206,2.97105,2.01236,-9.78185,-9.93129,9.37949,3.85374,5.49333,2.61245,-4.30172,0.290374,-8.48579,7.66283,7.33135,-4.74362,-0.256227,-0.020281,-1.11884,8.99053,3.68974,-5.99209,0.649589,-0.306686,1.88879,-1.35344,3.80473,1.73275,9.30709,2.66349,-2.29688,-7.43998,1.59391,-1.28283,6.50087,3.01106,5.40824,6.19472,-7.56681,-2.65723,-8.30745,1.22676,2.90505,4.56134,5.9465,-0.581739,-9.35051,4.35768,1.20126,1.6616,-4.2067,7.71574,2.00615,6.20872,3.07624,9.15252,1.35003,-1.1255,-0.168855,-9.46286,-7.74806,-4.92615,-1.74591,2.16289,-2.60815,0.752543,-7.03385,-2.16421,-1.82244,-7.41537,9.35265,-6.80511,-0.96864,-5.66133,7.62954,7.29204,-8.7664,7.46968,-6.6077,-0.0491138,-8.77321,-3.96632,5.79104,3.17285,-1.18644,-5.15023
-1.30264,0.504572,9.6154,3.94819,-9.22156,9.94128,-5.66027,-2.33156,3.14652,-7.85532,5.7305,-3.56095,4.52335,-1.56428,-2.30057,-6.22848,0.58557,9.02829,-2.96226,-5.88098,3.62356,9.39855,1.81513,-3.11556,7.06627,-0.7202,-9.36449,-4.81662,-7.894,4.69346,-0.0123286,7.92575,-0.811375,1.88879,7.66895,5.76914,9.56664,6.32975,4.25609,-5.75794,-3.17237,-6.88749,4.62335,-6.68033,-2.37482,-8.2686,1.75709,0.756321,3.74001,3.0065,-3.20887,0.351281,-5.01375,-8.8838,9.0539,-6.65811,1.73208,7.57514,-4.39357,7.00996,-5.52122,6.12045,1.04997,-6.48184,-7.1977,-4.23015,-4.34415,-7.5994,-7.01635,7.9715,4.79894,-3.23638,0.820507,9.41756,1.73822,-5.50393,3.61603,-9.38817,-2.96154,8.48846,6.9404,6.78352,-9.98405,-3.4217,-0.725363,-8.94853,-8.06827,5.91569,7.99452,-3.62233,-3.59663,-2.8034,-7.20838,-3.86443,1.74634,1.86146
4.03231,-4.70767,9.08886,-2.89264,-1.88993,1.58422,-3.29641,-0.786093,-5.73164,2.32948,9.47712,9.3807,-5.13478,5.90834,9.01183,0.703701,-6.10145,3.71412,-0.905778,5.70464,9.41056,-9.1584,-5.16651,0.647711,-1.36183,-4.40058,-9.84949,-1.10547,1.26765,6.38617,-1.80342,2.80618,1.7052,-1.35344,5.76914,9.37911,-8.01516,-4.65051,-7.33253,-4.1077,6.84831,1.48629,-8.12811,2.26966,-0.920878,-2.8509,0.113877,-6.06655,-2.07971,-2.0925,8.29254,-5.3261,-5.214,-8.83118,8.28202,3.6498,0.421642,-1.74074,1.45493,5.04231,-9.51875,2.09752,-0.534281,5.74551,6.76111,-8.46216,3.35127,-9.60804,-9.77136,-7.37893,8.28897,5.74892,-4.33397,4.01023,-2.33181,9.24415,1.78746,-5.05041,4.32613,8.74663,9.9289,2.593,7.58039,-2.60127,5.4797,-6.17403,-6.07844,0.732789,3.90688,-7.96097,8.16547,7.52583,5.54483,5.92766,-2.94855,-6.82297
4.89173,5.38002,-1.41764,5.20172,-1.58328,-4.25954,-3.50477,2.31672,-6.03015,-4.85953,7.83075,-6.5365,5.65784,-2.77576,3.29684,-6.39143,-5.37103,-7.16069,-3.9822,9.52769,4.11861,0.794244,-5.15418,4.54636,5.69429,5.72559,-8.95616,-6.69663,3.78213,-3.12413,3.72592,2.06924,-9.62787,3.80473,9.56664,-8.01516,-6.02828,-5.98264,7.91967,-5.57712,7.69879,-0.800054,-2.74328,-6.57757,-7.75631,-5.16297,1.27325,-0.618863,-3.63814,7.44458,-0.477133,-0.256341,-0.396953,6.08528,-4.61174,1.16038,1.27037,-9.42623,-1.75505,-4.23153,9.12169,7.23518,1.91717,2.14907,4.43147,0.337713,-0.349739,-4.54367,-0.558493,9.1079,-8.65829,6.06331,2.03592,8.22915,-7.69896,-7.79674,-9.76534,5.9695,-8.61424,6.53842,-2.18304,0.710635,2.63298,2.67781,-6.56958,6.20997,0.494449,-5.19385,6.76986,3.7405,2.49364,0.431915,-3.91333,-9.11184,-1.61606,-7.97786
-4.97996,-8.13095,-2.14511,9.21855,5.94155,0.827578,0.242542,-0.709791,0.684332,2.06058,-0.280637,0.422913,-2.62869,-3.3389,2.51833,-3.53131,-3.20313,-1.50803,6.13625,5.26661,-1.86478,6.24357,-5.36197,7.17848,-7.2539,1.82533,0.701988,-9.23855,-8.96693,4.99955,3.0025,3.45054,5.71748,1.73275,6.32975,-4.65051,-5.98264,-4.99653,3.61545,0.96619,9.93641,6.65783,-4.20039,6.45227,1.15387,-0.916162,8.7253,0.879483,-8.0689,2.52996,-4.40066,3.13092,-3.55344,7.13264,3.80591,7.95312,-3.64971,-4.27102,-4.9458,-9.3896,4.48458,-5.37188,-9.36607,1.25305,5.46594,9.80416,6.81905,-4.30182,7.60954,4.17394,9.39806,4.70929,5.40541,-3.66337,-9.64349,-3.83626,-3.39852,7.49399,6.1728,7.4109,4.72312,8.92607,-7.08008,5.5977,-3.92009,0.513932,-7.91841,-8.38938,-6.41103,6.30987,4.27009,7.07229,-6.0667,4.57143,5.49584,-6.64
-9.7581,4.01601,6.33213,9.27942,-9.34829,3.07443,7.77857,3.86544,-1.83038,-9.97132,-0.14367,0.502691,-9.70569,-7.13558,-4.31233,5.06702,-3.64021,8.48805,4.72133,-8.06181,-7.55604,9.42806,-3.35066,-8.41563,-2.66929,-9.3224,7.99925,-9.87939,-9.29159,3.76471,8.87288,7.79539,3.4851,9.30709,4.25609,-7.33253,7.91967,3.61545,-2.41665,0.959626,-1.48104,-5.19513,1.77423,-1.06958,0.0705155,0.625476,4.67949,8.09707,-9.1193,3.02741,-4.38682,7.6612,-6.2376,-3.34519,4.24811,-4.34005,0.562854,-4.88519,-1.45695,9.43113,-8.7708,-1.01507,5.17195,-8.53449,-7.11599,-0.896422,-4.19728,2.48606,3.92825,-6.86772,-3.14967,-0.788978,-6.53386,-5.2981,6.37007,7.56087,8.879,-7.83662,6.46722,8.48108,1.16062,4.87922,3.57571,7.43761,-8.9811,6.55595,1.48068,8.39897,7.24468,-7.69145,-8.58491,-6.18883,7.47288,1.1966,4.5215,-4.90233
-7.58543,-5.69032,-2.96633,-3.28356,-4.97119,-3.99868,2.20366,8.88803,-8.82429,-4.50907,-3.67519,-3.11589,1.62142,9.84739,-7.30982,6.35553,-7.98209,-8.68311,-7.27694,-6.53493,9.10382,-9.51448,-6.06612,-6.05043,3.30369,1.38923,5.37259,8.62958,-6.66946,-4.07684,6.59982,5.76069,2.52568,2.66349,-5.75794,-4.1077,-5.57712,0.96619,0.959626,0.491571,8.70615,-3.61543,-0.266296,-2.33534,7.53332,-2.9211,5.13559,-1.58115,-7.89515,0.975163,-8.59392,9.00942,4.99508,-3.78945,-5.8625,-5.48918,-0.614917,8.40026,9.82294,9.58332,-4.01455,-7.57383,-5.77467,6.07936,5.84445,-0.615082,-5.49851,4.38118,-2.80783,-4.33625,-8.96101,-0.910213,5.26919,-2.1434,6.17413,6.45415,4.75526,9.8727,4.0288,6.28768,7.99063,1.76415,9.10634,8.36433,8.55573,-9.61543,-1.12305,-2.27118,6.07461,3.71335,8.35794,-4.65253,9.14376,6.36791,1.10268,3.45979
-9.46858,-3.33071,0.490664,2.37807,-9.67849,1.02864,-8.30154,2.49772,-9.79955,-1.87249,7.41114,-5.99007,-2.72385,-9.46712,-0.65563,-4.04947,-0.588367,-1.63684,2.66987,1.02438,9.22931,5.41955,-4.94061,-3.92134,3.97799,1.47849,5.73158,-0.214641,0.697441,5.99393,-6.4629,-6.45035,8.77264,-2.29688,-3.17237,6.84831,7.69879,9.93641,-1.48104,8.70615,4.83671,7.30253,-9.57625,-0.40069,-7.92701,-3.52407,8.54544,8.28001,-8.02256,4.76507,5.98594,-4.91022,-5.61354,-5.93943,-7.00897,-8.87866,-5.05837,-2.07845,-8.88579,5.23639,3.70014,-9.01281,-5.53689,2.29054,-7.77494,-2.29778,6.0805,1.95204,-9.19914,9.12629,7.54577,2.15006,-3.43975,4.90349,4.89773,-6.26134,-9.15681,-9.35834,5.54428,-0.140097,2.27018,-8.05252,-9.12214,-9.18485,5.19035,-1.76613,-1.13276,1.53272,-0.475883,-8.66053,5.03249,-8.39817,6.4316,-1.2806,-8.50408,-3.76532
-3.90013,-5.96089,-7.19319,1.6188,1.86754,6.91657,3.82798,-1.48181,-1.75159,-7.41946,-6.48467,-3.98249,1.43688,-4.41363,-9.42806,-3.35281,-4.61919,1.82127,5.28137,-0.443294,8.93278,-6.7017,-4.14458,5.79022,0.351606,3.75494,1.73889,-2.2206,8.19276,1.50799,-1.47108,-3.85036,8.62162,-7.43998,-6.88749,1.48629,-0.800054,6.65783,-5.19513,-3.61543,7.30253,8.2132,-1.35472,1.09886,-5.45988,-8.26484,3.28585,3.26992,5.78765,7.87174,-8.90548,0.483359,-7.51005,-1.76401,-8.3715,9.7216,6.69032,7.94121,-2.05078,-8.96362,-8.36517,5.26743,3.1151,1.70577,-8.88794,9.25168,3.76601,-1.46632,9.88163,3.63945,-7.40053,3.91094,-1.09256,1.213,0.0857783,-9.13604,2.94541,5.80277,-3.6804,-7.43831,8.39462,-3.2793,5.74887,4.13134,-4.26424,-5.81938,-4.10159,-5.04097,4.33073,8.10345,4.56615,4.47587,-6.9337,6.4349,-3.50326,2.9634
-7.10076,-1.50238,7.99869,-8.36039,-1.36501,-3.45055,8.24971,5.6141,8.82068,0.558087,5.59704,1.99185,4.70812,7.32348,-8.08235,2.86235,-5.49976,-7.02995,-5.36244,-7.93372,-8.89359,9.32746,4.62345,8.66221,9.03343,8.68011,-1.78449,7.80418,7.38994,-7.43161,2.83497,5.00572,-9.36115,1.59391,4.62335,-8.12811,-2.74328,-4.20039,1.77423,-0.266296,-9.57625,-1.35472,-1.92645,8.65317,6.47696,2.671,2.17944,4.45899,-8.28606,-6.04552,-1.27665,-7.43713,-1.79421,-9.31035,-8.16649,3.57822,7.34375,-7.91905,8.80925,0.384911,-7.60394,7.43183,-2.68981,-8.13921,-7.0075,2.47878,-4.39573,1.78656,0.721036,-0.372161,-3.25572,-7.69251,0.832994,-2.0587,9.83892,-5.08126,8.12322,3.88542,-6.33965,-8.91304,-5.03034,-7.8506,-3.69764,9.87145,-5.30242,2.55243,-3.72899,4.53862,7.47657,-6.6581,0.0783759,-7.80282,3.25011,-3.88568,-6.55804,-7.11172
-7.26956,-3.31872,-5.54157,-0.38399,2.15649,-7.57005,9.36799,-0.684977,-9.99833,-4.16837,-5.48749,3.37289,8.59788,1.36253,-4.59374,3.09492,1.22224,-8.4374,-9.20465,9.34943,-7.38199,6.02358,-4.29465,9.48848,-8.79619,-9.506,-6.74434,-8.64775,4.49611,0.992263,4.16367,-5.11582,3.67515,-1.28283,-6.68033,2.26966,-6.57757,6.45227,-1.06958,-2.33534,-0.40069,1.09886,8.65317,-7.26971,8.55196,-2.62793,1.38237,7.86605,-8.74255,1.80801,1.42211,3.10807,3.20029,6.87107,-5.03136,0.538408,0.785811,5.85521,5.1205,3.26659,-5.06814,4.30055,-9.79615,7.39865,-3.92925,-5.88434,-5.46506,6.99892,9.35844,-9.31722,-9.14608,-4.79506,2.96268,5.12304,-0.936433,8.18061,-9.54991,-9.82694,9.94894,2.60387,-2.85406,-7.13405,8.13634,0.876966,8.54253,3.94041,6.15696,-7.45955,1.53589,0.202416,-7.28622,-7.71337,-4.63666,0.712367,-4.98855,0.812601
2.69886,8.87447,8.28542,-8.62172,6.48181,-8.08815,9.0494,-2.59098,5.57268,4.45584,3.11863,-3.38833,3.61516,-1.93763,0.496549,-6.07583,5.78979,9.50633,4.81316,4.82678,-4.60443,3.36289,-5.0038,-2.37814,-0.937978,-6.9376,-9.24416,-0.374646,-7.74024,4.48374,-4.88061,-5.09712,6.50416,6.50087,-2.37482,-0.920878,-7.75631,1.15387,0.0705155,7.53332,-7.92701,-5.45988,6.47696,8.55196,7.2823,-7.81239,-5.45889,-6.0027,-7.97108,-2.79829,0.394061,-9.32302,0.978867,0.0595521,-0.500079,4.09271,-0.208935,2.53999,4.45963,1.241,1.17352,3.81331,-4.91014,-2.95862,9.68128,-1.10374,-0.454887,-5.28664,-6.06736,7.74326,2.21447,2.39313,3.39304,-9.71946,8.71754,3.82182,-4.58474,3.50913,4.02791,-0.271448,-3.51684,-4.63144,1.26704,7.12153,-0.149499,-7.84495,-1.7374,-6.81122,-2.4587,-0.587068,7.37342,2.20492,0.0565265,-2.45207,9.07297,9.55053
6.36516,3.85743,-5.3533,-2.28352,4.80942,-0.198659,-4.01049,7.05797,9.60096,-8.98693,6.7328,5.09356,4.36255,5.54518,9.97634,2.75866,-8.15061,2.77102,-4.24034,-7.25512,-8.95885,-1.19089,4.76556,5.33894,6.97333,-5.3395,-6.29962,-4.05051,-8.7807,1.05052,-1.87851,-3.74565,-3.77495,3.01106,-8.2686,-2.8509,-5.16297,-0.916162,0.625476,-2.9211,-3.52407,-8.26484,2.671,-2.62793,-7.81239,2.19572,1.37389,-5.33805,-9.53503,-3.32543,3.43299,2.36458,-7.32993,4.95825,-3.0662,1.71822,9.14599,-9.96482,-6.59084,-1.92025,9.21112,-1.54147,7.02736,-7.22732,2.72049,-5.7318,-4.95684,-5.5196,0.0331155,-2.42723,7.37039,0.482291,-0.959938,-9.08601,-6.3106,-3.80572,2.96985,8.77844,5.63989,9.96306,-9.89903,8.54023,-7.04158,9.86176,1.50397,-1.01545,-6.27923,-4.08234,4.48749,4.05329,8.72325,-3.60864,5.55259,-0.172944,-2.82133,1.45262
-9.72602,6.86986,-7.21655,-6.00462,-6.2117,0.329434,3.83656,6.21217,0.417109,8.5106,5.36194,-3.76842,-4.07405,6.5091,4.48323,4.97591,-6.52387,0.379116,4.50887,4.78715,6.43301,-2.65326,6.32603,3.89261,-9.21202,6.29272,-6.86814,-4.69996,2.51256,-1.75596,4.30278,0.0462492,-4.73546,5.40824,1.75709,0.113877,1.27325,8.7253,4.67949,5.13559,8.54544,3.28585,2.17944,1.38237,-5.45889,1.37389,-4.46862,-8.54087,3.85238,5.19374,-4.11195,2.30586,-6.56733,-9.06848,0.431795,-6.77219,-1.7223,2.17602,1.4137,-5.12278,-4.85407,-4.91119,3.13705,7.6829,8.48928,0.0674347,3.95584,-6.749,9.48396,6.67192,-5.83552,-9.30252,-6.30449,-5.59988,-8.1321,-8.54387,-9.75926,-5.75596,-6.02984,-5.6905,3.45743,-4.18623,8.97444,2.28515,-8.04116,1.49861,5.47217,-7.04654,-8.77394,-4.70397,-1.64159,6.04474,1.04427,9.8803,-0.500086,-8.09419
-1.75319,-3.99002,8.19001,-8.24245,7.61777,-7.29961,1.4532,0.742847,2.58507,-2.00122,-2.39509,-0.892822,-3.12927,-6.15024,2.61435,-6.59176,5.69412,-0.977621,-9.13662,1.57339,-9.42661,8.22295,-7.59929,-7.94091,-3.03696,8.3835,3.21148,-8.83968,-0.704799,-2.13397,-1.50529,1.88924,-9.45341,6.19472,0.756321,-6.06655,-0.618863,0.879483,8.09707,-1.58115,8.28001,3.26992,4.45899,7.86605,-6.0027,-5.33805,-8.54087,-2.12247,5.13833,-2.69911,8.73427,0.994784,6.04368,9.07034,6.12649,-4.90436,6.76543,7.60508,5.0519,-6.61821,-9.17735,8.44035,-2.62113,3.49182,1.93533,4.57922,7.40847,0.177808,-8.84873,-2.2207,-9.00244,1.54829,-8.61682,4.55117,8.22399,8.16441,-9.64051,0.985277,1.55255,-8.15914,-1.25812,-2.98833,7.2343,1.72359,1.5032,-0.151504,-2.70836,0.324109,-1.34161,-4.61935,4.32893,4.34112,-5.96447,1.14485,3.01219,-2.94338
-3.73502,5.41206,-8.20271,9.90225,1.81253,8.3013,8.32858,-4.14914,9.20158,1.48026,4.66801,-6.85847,-2.09593,7.4268,-4.30151,1.14076,-9.18442,8.36181,4.58651,-2.22654,2.29276,7.28331,9.82041,2.85269,-8.24176,-6.63994,7.37018,7.61018,0.922448,-4.23266,9.39711,2.27385,2.26974,-7.56681,3.74001,-2.07971,-3.63814,-8.0689,-9.1193,-7.89515,-8.02256,5.78765,-8.28606,-8.74255,-7.97108,-9.53503,3.85238,5.13833,-2.46138,-8.32236,-9.06495,8.05975,7.41081,1.73847,2.21455,7.96142,6.03528,0.539279,7.10593,1.57869,3.34875,1.4724,-7.43715,7.22584,-9.82539,2.52646,-1.9831,6.80457,-5.41422,4.97845,0.429602,-4.87043,-0.200556,7.91049,0.909846,-5.12106,-3.13247,-4.44175,6.6339,6.15106,-6.80764,-6.90699,-6.92153,-1.17137,-5.69957,-3.7568,0.135223,9.16046,5.04454,8.83176,-5.76824,4.97217,-8.66641,4.16792,-8.71954,-8.087
