-8.7435,-9.73721,-1.75057,1.11557,-9.98741,4.95473,3.99082,-9.24079,7.57872,-6.42953,2.1756,7.20259,1.13964,-7.77961,9.47063,4.23421,1.50287,7.4744,2.59776,-8.42208,0.100941,8.11548,-5.37963,-8.69068,-9.17048,7.23262,-5.96576,-3.85234,6.43754,9.64232,-9.04392,8.94073,2.96214,9.0182,9.4189,9.26246,-6.53023,-0.115067,3.37982,-5.77308,-0.579349,-3.71756,-6.92333,-9.39608,2.89963,-0.377083,-7.38165,-7.08619,3.48691,6.28727,-1.93353,-0.735024,4.86913,-2.7327,0.192879,-9.68095,1.46442,-7.997,-3.01765,-8.5216,-8.49554,-3.71731,-9.48477,1.25759,-1.53112,-0.802072,2.13317,4.36319,-2.35519,-5.1474,5.96917,-5.26871,-0.598974,1.65842,-9.92838,9.86458,-0.435034,-6.69383,-1.99896,-6.99173,-5.93137,6.14077,-1.84214,-5.09022,1.84504,-3.99478,-7.7634,-2.96107,-4.25453,-3.42992,1.91268,6.67851,-2.45441,6.08066,0.131525,4.21095,-4.20397
-9.73721,-8.86168,-9.91021,5.5321,-9.22024,-7.12531,5.14547,5.30542,4.70108,-3.46154,-8.94346,-4.44556,-9.56387,3.23504,-5.33119,0.587337,-3.89639,-3.56871,-1.34507,1.71088,-7.13588,-5.09463,-1.44167,-3.87203,-6.13689,9.75256,2.989,-7.49683,-3.49265,0.599425,-4.50995,0.160292,6.32449,6.27338,-3.68581,7.31362,-5.79481,-6.81472,0.759051,5.51191,-5.14246,9.6329,4.7986,8.99139,9.98719,1.99501,-2.68764,9.469,-8.36128,-8.30459,1.14763,-2.55066,9.77036,-8.41779,8.17644,-8.79933,7.02627,-3.71376,-7.65093,5.3008,1.8286,2.56442,-6.67871,4.20174,-7.14016,1.52512,9.42236,-2.42743,9.55364,-2.44303,3.95361,7.86532,7.57298,-2.85255,-5.12019,1.41527,-4.9185,9.10611,-7.43875,0.933171,-4.18979,-3.2624,-6.49804,-0.326747,-4.23968,-1.48751,-9.51387,-2.99978,0.232138,-1.17091,3.66859,-1.6858,-4.20209,-9.57114,-4.48523,7.28739,-1.83705
-1.75057,-9.91021,4.68747,6.12411,-3.84398,-4.92318,5.5281,-0.361116,6.3718,-3.10316,3.29854,9.76787,-0.984792,8.13058,-2.79549,3.95153,-5.29894,-6.99043,9.06042,-3.92277,-7.78517,-0.465813,-2.14206,2.51677,-6.69061,-2.53803,7.5064,-7.22543,0.698917,-4.5808,-8.21622,4.8128,-4.59009,-5.11614,8.03883,7.77153,8.46592,-1.95735,-8.59073,-0.760153,6.54159,1.99674,-5.36347,-8.13022,0.63632,6.68377,4.06192,-8.41779,7.7962,-5.61014,5.44213,4.59863,-5.05313,0.138267,4.7028,5.10336,-2.40092,2.98974,7.39549,-6.16971,-4.65419,-6.17611,3.27942,-1.91078,3.54575,9.38613,4.02288,-7.11346,-5.02098,7.51751,4.92284,-6.69766,2.62693,-3.96268,-3.90721,1.0672,-2.75084,8.48622,8.10944,8.4328,-5.09194,5.92788,-4.8438,-0.658935,8.28448,-9.8131,7.50403,-7.60854,9.72187,-2.54065,6.74593,-4.66262,-4.81347,-3.52636,-1.71857,5.3061,-3.06646
1.11557,5.5321,6.12411,3.07091,4.66187,-0.00685929,-3.13083,-1.96181,-0.2944,0.84629,-2.16121,5.39879,0.757636,1.37289,-4.42517,-3.53462,3.2609,-4.63644,4.2918,8.1044,-5.06826,-2.72104,7.55707,-6.01395,-5.8276,-2.68831,-6.30082,-1.01821,-0.203981,-5.14982,0.627896,-1.41258,-0.179536,-0.227613,-1.99181,5.21006,-3.46099,8.03419,1.97108,4.1626,-5.40324,-7.41983,-6.41064,5.93413,-8.6477,-2.68059,4.66869,4.65524,9.47735,-0.0757109,4.88875,4.80895,-5.54177,5.32666,7.44499,1.55982,5.41138,0.646428,5.56853,-4.77901,-0.787357,3.83705,5.14482,-5.78467,-9.15623,1.53763,4.27807,2.58774,-4.69233,9.48087,-3.73914,-9.98519,0.63213,4.00628,7.64855,3.61646,-0.933846,-9.59307,-7.88412,8.30742,-6.50197,-6.05641,-7.82425,9.3388,-8.38901,3.48252,-5.17037,-2.19587,-2.08673,-5.71011,-6.23918,8.94433,7.80921,4.29372,-3.52771,7.16927,8.01956
-9.98741,-9.22024,-3.84398,4.66187,9.37432,5.81712,-6.16862,-6.34826,-5.62834,-9.4841,-6.85358,1.38375,-4.58985,-1.41751,1.63943,-3.21697,4.76388,-5.24709,-8.55508,-5.39392,3.94354,7.81255,-3.82135,-2.61411,-8.95242,-9.29811,-9.23225,0.785178,-8.12659,-1.30078,-2.10256,8.55343,9.37766,0.296071,-9.69293,-4.94025,1.08941,-9.2303,-8.94582,-4.0241,7.62031,6.19176,-2.24856,-9.95931,-7.15821,2.03727,6.94413,-7.80492,-0.268709,3.6218,-3.96897,-4.21618,5.28501,-3.99304,1.79815,-3.8508,8.76454,2.72059,-5.47961,-2.5954,-1.65848,-6.7238,5.27313,1.95893,-7.22794,5.5688,-8.15226,-9.29262,-9.96596,-2.90368,-3.26618,-4.71195,-1.82442,8.52871,0.0370771,-2.59478,-4.01572,-3.18042,-8.6351,-9.20555,0.997871,1.04512,-9.33963,-4.4627,0.172203,-1.88593,0.109147,-8.44168,3.16797,6.4273,-7.50998,-5.01871,-7.50343,7.06307,-3.64028,-7.92615,-7.30523
4.95473,-7.12531,-4.92318,-0.00685929,5.81712,7.60618,-2.03938,9.71519,4.7265,6.38293,-6.86083,-7.93853,5.94095,-5.10857,9.0879,-4.17707,-4.55603,0.141735,-5.05859,-5.20016,5.23465,-8.34209,-6.51582,-0.37207,-9.11895,4.80364,3.25284,7.83951,-4.9423,2.62929,8.92261,9.19027,-3.29886,-3.90913,2.36439,-7.24044,-2.66713,4.9333,-7.64568,0.149686,-8.88705,6.07197,4.13938,-1.7376,-4.98747,5.29796,4.67087,0.916723,-7.77053,-3.41615,1.42507,-7.97877,-7.9811,-9.65841,-7.70857,-5.84259,-8.55681,-1.58191,4.78007,4.38734,-2.28565,-4.61133,0.119579,5.24158,-4.13152,9.77051,7.68649,0.69397,-8.15265,7.15274,2.76145,-4.49638,2.77696,3.03891,9.41512,-5.61404,-3.5888,9.1821,-3.73971,-2.66468,-6.59778,1.99394,-2.4178,-6.86744,9.00463,8.18355,4.90688,-7.89123,-4.6058,2.53896,4.68713,-0.256414,1.31562,9.07157,9.68632,9.63104,-0.461745
3.99082,5.14547,5.5281,-3.13083,-6.16862,-2.03938,0.484448,1.7421,6.49688,-6.22252,2.05274,-7.47336,2.75295,-7.59779,-6.68832,4.65911,8.90413,-5.055,-4.64708,-3.14182,9.19596,-3.0544,1.51792,4.6917,-2.07026,4.43264,-3.5819,5.44947,3.84166,4.68788,5.08556,0.551813,-1.65036,0.796388,-9.82668,-2.71673,7.17144,8.61641,-9.55083,-7.79929,-1.34865,1.94369,-0.272069,4.06051,-1.29872,6.73692,-0.56081,7.9009,6.17602,9.02253,4.00148,9.81573,9.7765,8.2043,7.45333,9.63398,7.36794,5.39954,-3.21061,2.36424,-4.43073,4.43241,-6.70421,9.56025,-0.91752,-7.14731,3.44538,2.50171,-1.01541,-7.55171,-7.87616,-6.20039,6.4217,-7.55073,9.41542,-0.509215,8.6782,3.54676,9.60851,5.01142,2.78267,5.92533,-4.60863,8.12648,-7.61487,-5.98775,3.54823,6.56528,1.57466,5.79728,4.16585,8.11336,2.3774,0.193864,-5.16445,-3.61008,1.51355
-9.24079,5.30542,-0.361116,-1.96181,-6.34826,9.71519,1.7421,6.64314,3.6446,-0.44875,4.86344,-7.07778,8.90144,5.23323,-1.023,7.15192,7.89466,-4.05115,-2.61007,-9.63156,-6.76604,-3.00645,5.57251,-5.45528,7.26237,7.8132,6.57869,-0.899783,-7.94733,4.25728,3.46407,7.05063,6.07758,8.43868,9.88472,-7.70226,3.0632,4.84817,-6.82317,-5.87593,9.26571,-3.86859,7.48082,-3.44785,-0.967476,0.408486,-5.26591,1.76911,-9.38826,2.5329,-7.20695,9.89223,5.11535,7.19281,-7.60427,-7.49642,-6.6863,-4.30492,-3.15915,-7.64855,-6.58921,-2.26716,-4.66359,5.82191,9.16395,3.11557,-1.17945,-3.95664,7.17547,0.296387,-5.73453,-0.747679,-4.49402,-5.21689,-1.80522,-5.90372,6.21621,8.21195,-8.67139,0.916395,8.53622,-4.66517,2.985,-0.0944749,0.449092,5.94311,-3.68332,-3.96659,3.59976,-7.44835,-9.23464,-8.12282,-3.43268,-5.60157,-4.6961,3.28385,9.67892
7.57872,4.70108,6.3718,-0.2944,-5.62834,4.7265,6.49688,3.6446,6.35826,1.35974,1.7453,8.53262,6.99472,5.02669,-3.32452,-6.54411,2.61765,8.33366,-3.69618,0.165563,-7.69748,-6.91892,8.63699,4.9644,8.37998,8.44486,-5.78951,-9.10044,0.357378,-3.67117,-6.98184,-4.77443,3.09393,-9.46129,-7.57034,-7.23455,7.36726,-4.97392,-2.9945,0.983532,-7.39324,4.27713,5.81148,-6.56575,7.52117,8.36983,-1.01105,3.67457,3.64427,-0.653994,3.15984,-8.24299,-4.22557,-7.19865,-3.87264,1.21838,7.47452,1.36767,-3.91474,7.38689,6.62756,-2.98713,-7.75499,1.11654,-2.88414,0.361051,0.606313,-7.1471,-8.42662,-1.55616,-6.60128,4.05844,-3.33749,-0.511272,-7.15522,-2.41594,2.88702,-2.67383,-1.0467,0.756233,0.623223,2.82821,-4.65114,1.13815,9.41239,-9.57717,-5.88591,-7.41903,-9.47074,-5.2057,1.81911,8.33939,2.98268,4.77798,-0.278264,-2.1518,-4.91766
-6.42953,-3.46154,-3.10316,0.84629,-9.4841,6.38293,-6.22252,-0.44875,1.35974,0.800516,-7.67856,7.63351,-7.94995,1.94244,-5.18551,-7.9623,-2.73224,4.0169,8.73844,7.9311,-0.320393,-5.38765,6.10093,3.85689,-5.65185,3.42798,-4.12494,1.74069,4.03915,7.63064,7.87706,-2.20669,-3.38645,-1.30189,-2.98838,8.60509,9.04658,-8.54397,-9.18496,-8.05815,-4.08291,7.73582,4.65285,-8.62828,2.1328,8.21226,-4.9151,-4.39714,-0.0450423,-4.25579,1.76235,2.26465,-9.47225,-1.74171,-7.60171,-8.36332,-8.24207,-3.31305,-9.76538,1.73413,-5.32065,8.42598,-2.50876,2.51081,6.17247,1.80772,7.52588,-0.202751,-8.65069,6.53468,-8.08093,9.60307,8.76037,-8.05261,1.75588,7.36152,9.67272,-9.06197,7.23725,4.05815,6.94363,-7.75545,5.80555,-0.653127,-7.44106,5.66197,4.50602,-5.54986,2.32108,-0.799947,9.92,9.60853,-9.19565,-4.40735,0.859553,2.33588,-0.34708
2.1756,-8.94346,3.29854,-2.16121,-6.85358,-6.86083,2.05274,4.86344,1.7453,-7.67856,-9.78463,-1.26419,-7.56636,1.09618,-1.92921,-9.68305,-2.54521,-1.88101,-3.66753,6.89392,-4.72557,4.32976,8.315,8.85644,6.03084,1.11789,-7.99918,-4.70066,-4.02675,9.10335,9.09791,-4.49727,-7.87049,-4.49746,5.57155,8.27851,5.99199,6.87578,-5.1092,-6.56077,-3.52873,8.49089,-4.36126,5.31738,-0.57538,9.67541,-2.51735,7.37324,5.30613,-5.50554,6.36145,-1.50615,-7.11484,-4.93011,-6.17768,2.25383,6.45828,-1.31229,6.1257,6.8807,6.00673,7.11479,-0.767619,-0.790356,-6.97348,9.13772,8.72946,8.11267,-6.16328,-8.09916,4.60088,5.85137,-4.46347,-1.90948,-9.70435,1.33555,-6.12238,4.24193,-9.11865,6.24776,-5.50092,1.72645,-0.928,-1.89914,3.3945,-8.02596,-6.37668,-3.98573,-6.46059,-2.86563,-2.76647,4.61585,7.13555,-1.63163,7.32241,4.80056,-5.84093
7.20259,-4.44556,9.76787,5.39879,1.38375,-7.93853,-7.47336,-7.07778,8.53262,7.63351,-1.26419,-5.08522,-8.56314,0.751212,4.55553,3.84121,4.66949,8.66892,-0.232967,-9.85047,-1.56406,-5.40846,-0.0286197,9.72436,9.54541,-1.11462,6.93653,-8.31269,-4.16272,-7.13763,3.03425,0.493078,5.6108,-6.25167,6.86961,-3.88818,-9.13838,4.40451,-6.20089,-4.85945,-2.67332,6.39482,1.88037,-6.68732,2.54958,-9.51605,6.17654,-1.73806,4.30682,-2.66219,-6.63536,-9.06349,-2.9803,5.73985,-6.86682,-4.20973,1.48071,1.34457,6.9081,-4.71061,-3.01485,4.70531,-0.580178,-6.98041,-6.365,2.05164,6.62323,-5.99566,-0.781689,-3.6889,7.86743,-4.12206,-0.476293,2.27685,7.76996,5.69584,4.72458,-8.87348,2.80542,7.27946,-9.39175,-5.40108,7.12048,-5.42433,-6.26835,8.09345,-7.13473,-8.26798,1.33764,-4.90396,-6.6333,4.08097,-9.51573,-9.81344,8.47534,5.52161,0.481257
1.13964,-9.56387,-0.984792,0.757636,-4.58985,5.94095,2.75295,8.90144,6.99472,-7.94995,-7.56636,-8.56314,9.294,4.09418,-0.880531,8.17326,9.66163,0.976364,2.04313,1.6331,2.62399,1.47389,7.58181,3.50109,1.68883,-9.1562,-7.40058,-3.10677,5.07358,-1.47576,9.84591,9.14746,7.58745,7.40793,1.01058,8.02287,-6.21039,-3.07431,-9.52293,-0.190142,1.6576,-6.66139,-2.4786,7.13269,-1.28721,-1.05558,1.7432,-0.133862,-5.23935,-5.84903,-9.43749,-6.24068,8.57282,-0.311645,6.12835,4.66947,7.9891,5.32687,-7.9137,2.52156,-0.470485,-1.7928,1.86985,2.20117,4.83992,-2.81421,-0.485952,-4.24763,-9.07715,-3.54816,3.06139,7.56088,-0.364356,-9.12948,-7.21395,-0.481396,0.56791,-9.22698,-0.59329,-7.01124,-0.0683383,1.19082,-8.84279,-6.19467,9.6517,-7.59221,-5.30796,-3.73228,-4.87402,-7.41297,-2.70592,7.33783,2.82834,-0.81593,-6.48792,6.11341,-1.56535
-7.77961,3.23504,8.13058,1.37289,-1.41751,-5.10857,-7.59779,5.23323,5.02669,1.94244,1.09618,0.751212,4.09418,-4.75496,-5.46242,6.28255,-6.93323,-5.59171,8.16999,2.53031,0.616138,-4.42408,-0.518503,6.19242,-3.62211,0.0864921,-9.64047,-5.32231,5.92834,-5.91099,6.68152,6.03883,-7.91687,2.07746,3.15693,-2.75475,-3.87347,-6.28275,-5.63878,6.56697,7.62489,-7.7577,1.3781,0.915713,3.52676,3.82002,3.43236,-4.54358,4.89202,3.47307,-0.0188905,1.76511,3.71767,-7.51828,-1.75222,-8.61757,-6.13696,3.26925,9.71469,-1.34103,-3.14051,-3.73497,-9.21229,7.99712,9.37495,-8.22382,9.25521,7.57693,6.28496,3.03723,-3.00246,1.56548,-4.8637,2.09485,2.83752,8.59483,7.48661,0.841675,5.81469,7.28326,1.56461,-4.3119,6.79888,3.09291,-7.93931,0.788638,9.93806,-4.71434,0.217951,5.21297,6.54587,-9.38755,-8.0047,5.99565,0.410273,5.06361,7.64056
9.47063,-5.33119,-2.79549,-4.42517,1.63943,9.0879,-6.68832,-1.023,-3.32452,-5.18551,-1.92921,4.55553,-0.880531,-5.46242,8.37105,-9.50671,-5.24812,-8.37215,-6.6968,-7.59029,8.93406,-4.43869,3.13175,-1.9884,9.31462,2.81969,7.22337,-4.03523,9.30896,-4.29621,-5.53682,7.83526,6.88386,6.14966,-7.03221,3.82161,5.16992,-9.58104,1.82036,-8.65449,-1.0377,0.746109,2.34241,-3.05397,5.93821,3.57714,4.58243,-5.41516,-3.5211,9.96113,-6.99814,-5.68551,-2.68178,9.38044,5.72011,-2.9772,9.89878,-4.89801,0.181544,-4.00472,9.86253,-8.15628,9.01516,-0.56248,-3.95503,-9.14037,-4.61209,-4.91136,-2.88154,5.35228,9.53218,-5.54419,-2.00934,1.84073,9.16534,-6.29307,2.34048,0.341673,-3.46912,-5.33564,-4.7378,7.04811,-2.52746,7.8524,-5.11456,-8.6497,2.7718,7.92725,4.49561,-4.80099,1.55184,-6.50863,-7.26465,-3.75252,4.02678,-0.966553,5.07691
4.23421,0.587337,3.95153,-3.53462,-3.21697,-4.17707,4.65911,7.15192,-6.54411,-7.9623,-9.68305,3.84121,8.17326,6.28255,-9.50671,-7.90931,8.52112,9.82374,7.07138,-3.75505,-1.26202,5.15792,0.15652,3.75865,-5.71732,-5.43622,-2.84083,9.49552,-1.04273,6.36638,3.22072,4.47268,-5.24924,1.87075,-7.96609,-0.843793,-9.18972,-0.547642,-7.60933,-9.91009,-4.39258,5.09746,5.86563,-4.26341,5.22489,6.30022,-9.87474,-6.00989,8.56412,-4.71865,4.79737,-4.50951,-3.27623,1.21428,5.78304,-7.47421,-2.50856,-6.86667,-8.20239,-8.7369,1.75822,9.06744,7.08103,6.87295,-4.57284,8.38071,1.07554,-7.79907,-0.184354,-1.00304,-7.49479,-0.494754,1.81343,0.550137,9.46698,-2.95753,1.39389,-9.04787,-4.34274,-3.20372,7.87127,-1.59722,9.95093,-6.16372,-7.23509,-7.77923,-3.83808,8.55832,-3.48822,-5.02399,-9.36413,-0.299413,-9.79987,-6.86364,1.2447,6.93677,7.70315
1.50287,-3.89639,-5.29894,3.2609,4.76388,-4.55603,8.90413,7.89466,2.61765,-2.73224,-2.54521,4.66949,9.66163,-6.93323,-5.24812,8.52112,4.829,-2.11676,9.37901,8.88191,-3.69378,-2.51428,7.20747,-0.309956,7.8728,4.74541,-8.05725,-2.97735,-3.30039,-1.94195,8.61862,9.58734,-3.05193,7.57517,9.65772,-7.17337,7.98904,7.82964,-7.96733,-8.22408,-5.59137,1.94446,-0.137191,6.74108,-0.415944,-3.77724,1.96193,3.50053,3.3154,-5.73154,8.80941,7.44088,2.11173,-9.93904,-2.42241,-7.59834,-9.29878,7.43039,9.25982,-8.18256,1.24447,-5.88867,1.80293,1.08483,-6.31342,-6.3398,0.562112,-1.67107,-1.99428,6.5728,1.27051,-3.00589,-6.85447,-4.42702,4.44314,6.31161,2.38162,2.37558,-7.52752,-9.07003,0.565338,9.56197,-5.19083,-9.26494,4.0485,-3.45645,-6.96795,1.37996,-4.98957,7.37386,4.42042,-9.04334,-1.43667,5.84379,-9.08068,-5.59245,5.88097
7.4744,-3.56871,-6.99043,-4.63644,-5.24709,0.141735,-5.055,-4.05115,8.33366,4.0169,-1.88101,8.66892,0.976364,-5.59171,-8.37215,9.82374,-2.11676,8.72959,7.47947,8.56241,8.60183,-7.52315,7.54868,8.12289,-5.8615,9.81472,-0.725864,-7.09806,6.35537,-9.40511,-0.961424,-9.44039,-0.451005,3.28463,-1.7362,4.74929,-9.24431,-8.84862,-3.11478,-9.11475,-9.57965,2.38743,4.29763,4.43049,-6.69812,-4.38409,-3.87431,-9.68171,-7.42369,-7.54473,-9.00924,-0.988974,1.99992,0.299368,-3.49722,-6.49905,1.83334,-5.26789,-7.64464,6.66744,0.336779,8.37211,-0.0778979,0.988898,3.48289,-2.43525,4.25426,-5.46979,5.62095,4.54885,-6.08611,4.84962,-5.56676,-6.21785,-2.68524,7.71623,-2.27331,3.15567,-6.22812,4.69713,2.87203,-6.20807,-8.48572,-8.83759,-5.48454,-9.97113,-4.81468,-2.58596,-4.24132,-9.07943,1.72831,-6.23631,-9.55492,-1.51742,9.78768,-1.76623,0.960715
2.59776,-1.34507,9.06042,4.2918,-8.55508,-5.05859,-4.64708,-2.61007,-3.69618,8.73844,-3.66753,-0.232967,2.04313,8.16999,-6.6968,7.07138,9.37901,7.47947,-9.84734,-4.85523,2.12745,-9.58213,-8.02523,3.07022,-0.0890967,1.18255,5.62931,-7.81961,3.29043,-6.41145,8.15426,8.8452,-3.88136,-8.34626,8.2837,-6.74948,2.78749,4.4348,-5.04088,-1.92071,-0.653459,-2.22888,0.822065,9.08255,9.20904,1.10681,4.33135,2.57341,7.3952,9.77423,-8.9054,1.1025,-1.87676,-3.00735,7.04594,-5.84469,4.04794,-8.44131,-6.72033,0.452381,-5.40985,-0.684252,0.14224,1.72198,-4.25199,9.01524,0.420814,-8.31387,4.07169,8.75786,7.62,3.28298,8.71865,-3.10538,-7.21521,7.72987,4.51131,-1.52317,-5.35187,3.28166,9.19746,-9.11758,4.60909,8.05548,6.60084,-1.81127,0.749384,-6.80891,-0.881783,0.178622,9.07062,5.8543,1.79371,-0.533798,-1.11923,8.52788,3.23681
-8.42208,1.71088,-3.92277,8.1044,-5.39392,-5.20016,-3.14182,-9.63156,0.165563,7.9311,6.89392,-9.85047,1.6331,2.53031,-7.59029,-3.75505,8.88191,8.56241,-4.85523,-5.35899,-4.83158,-8.02568,-7.64439,-9.22641,-9.64561,-8.341,-7.81487,8.54678,0.635206,6.22162,8.0659,-7.44412,6.8024,-1.06584,6.01114,-1.85925,7.64882,-4.15613,8.23752,4.15631,1.45895,-1.45061,2.69456,-2.70395,-3.80591,6.24124,8.599,2.32784,0.847121,5.73257,-8.63334,-3.27665,-8.96513,-0.825004,9.10734,-2.30866,-4.26952,-6.07657,9.41408,-7.99965,9.24187,4.14293,-1.78178,8.54784,-4.09198,-8.79755,3.03772,-6.30666,2.56846,-0.382093,7.54313,7.93029,-0.423739,-9.04267,-0.357158,-7.22186,-7.28801,3.42322,-5.56171,6.99735,0.129284,-2.85396,-2.83931,-9.86451,8.27243,-9.3493,-5.68134,7.43483,4.41783,7.13815,-3.15007,-5.16389,7.57062,-6.30838,0.135647,-5.40306,-0.0347014
0.100941,-7.13588,-7.78517,-5.06826,3.94354,5.23465,9.19596,-6.76604,-7.69748,-0.320393,-4.72557,-1.56406,2.62399,0.616138,8.93406,-1.26202,-3.69378,8.60183,2.12745,-4.83158,8.06513,8.77322,-3.2533,0.237944,4.16819,-7.10862,0.148183,-9.50013,-0.789824,-6.8648,-2.64338,-4.9666,-5.35098,5.64325,-4.75394,-7.77078,-7.02013,3.89229,1.36472,6.70924,7.01784,8.52912,-0.104943,1.43936,4.3968,-0.822524,-0.0362379,-2.20934,6.27818,-2.36324,-2.57574,4.93031,2.2857,-8.5184,-8.68792,-0.830278,0.910934,-4.50367,8.34827,8.27135,-9.57006,7.2391,2.73032,-2.24276,5.51096,5.44748,-4.14115,-9.768,4.08815,-3.16289,4.94299,-7.3583,0.357381,-4.36135,-4.55575,6.30743,-8.3988,-5.76687,8.85707,-8.76069,-9.75363,-7.53767,-2.32152,4.45328,9.22347,2.22386,-1.84649,7.40418,-9.78,-4.5653,-9.4489,1.68485,1.60927,-6.23125,-1.83496,3.10896,-6.70943
8.11548,-5.09463,-0.465813,-2.72104,7.81255,-8.34209,-3.0544,-3.00645,-6.91892,-5.38765,4.32976,-5.40846,1.47389,-4.42408,-4.43869,5.15792,-2.51428,-7.52315,-9.58213,-8.02568,8.77322,-8.54394,6.16364,2.58736,-6.87033,-9.03327,-6.31236,5.02303,7.97058,-6.68972,-9.7769,-1.15448,-8.15852,1.7384,-0.570939,3.95439,-1.70476,6.07363,-7.93712,-6.05694,5.45996,9.45253,3.72225,-7.00181,5.97182,-3.15689,-7.61742,-0.690504,-3.42899,4.57104,-6.35537,5.98146,-5.81462,2.4873,-1.94762,1.88145,-0.0907144,-5.12574,-6.65747,9.86921,-3.76966,-9.53363,-1.54199,3.87532,-5.50674,9.9709,-1.61133,-1.33601,-3.82153,-0.0862173,7.26713,-3.15544,-7.62791,-5.44024,-8.69655,9.85695,-8.33183,-7.74914,1.48487,0.273115,-3.98097,-1.00241,-8.36862,0.602113,3.91911,-8.46329,2.92402,-7.7588,-3.50192,-3.61363,-8.52723,3.56527,8.28746,-8.74916,6.08844,-7.34107,-3.12037
-5.37963,-1.44167,-2.14206,7.55707,-3.82135,-6.51582,1.51792,5.57251,8.63699,6.10093,8.315,-0.0286197,7.58181,-0.518503,3.13175,0.15652,7.20747,7.54868,-8.02523,-7.64439,-3.2533,6.16364,-7.19805,-7.92743,-8.01524,-1.06588,-3.05045,-7.78874,9.6391,-1.36846,-5.84496,-8.41865,4.4866,-1.63311,2.78719,-9.91671,5.88332,-0.50026,2.60506,-0.672377,-8.96687,7.90114,-0.0726237,0.018223,-5.33553,-1.8253,1.18773,7.16683,2.37964,1.87508,-8.17334,1.89932,2.22918,-0.222025,-8.03531,5.72501,-0.0390122,3.29634,-1.50214,-5.56087,1.33995,4.0179,-7.98823,-5.81044,-9.3513,-3.30386,-3.64177,6.08708,-1.24638,3.80563,-8.78826,-6.9726,5.28854,4.30482,-9.96308,-9.36183,-4.21978,1.73403,-6.5781,-1.1168,5.68013,-8.37637,-1.19072,4.84284,6.32982,-7.07026,-9.9885,-9.43116,5.40335,4.71993,-4.96818,0.439504,8.99411,6.06251,9.38962,-2.34811,7.56434
-8.69068,-3.87203,2.51677,-6.01395,-2.61411,-0.37207,4.6917,-5.45528,4.9644,3.85689,8.85644,9.72436,3.50109,6.19242,-1.9884,3.75865,-0.309956,8.12289,3.07022,-9.22641,0.237944,2.58736,-7.92743,-2.59388,-9.60243,4.57819,-8.18042,3.09215,4.24794,-6.72288,-4.90294,7.05577,9.87574,9.04104,2.24376,-2.17281,-2.20554,3.35003,8.08551,8.54865,-1.92013,6.0516,2.50198,8.9407,5.30171,2.16681,-4.95149,-8.23304,-7.04219,6.82368,2.37271,-8.42947,-7.24732,-7.08478,1.66682,1.31464,7.90335,1.23142,6.01364,0.338119,0.132949,-9.5177,2.97853,-4.04833,7.61069,-3.82114,-3.13968,-0.989671,-1.83129,-6.84519,-9.77588,5.91174,-6.06358,-3.80064,-2.04778,-9.58361,-1.04107,8.6592,-9.43589,-6.76786,8.49921,-5.95358,-7.46922,9.40325,-1.81426,3.47274,-9.47708,2.06334,7.7862,8.57774,-1.28255,8.0261,6.61946,-6.35448,-8.7841,5.27045,-0.99579
-9.17048,-6.13689,-6.69061,-5.8276,-8.95242,-9.11895,-2.07026,7.26237,8.37998,-5.65185,6.03084,9.54541,1.68883,-3.62211,9.31462,-5.71732,7.8728,-5.8615,-0.0890967,-9.64561,4.16819,-6.87033,-8.01524,-9.60243,5.86635,-2.04732,-0.647698,-8.011,8.5627,-4.84334,8.99258,8.55225,-0.00202647,-3.62259,-0.396787,6.43594,-9.72535,-4.88397,-5.75762,4.44186,-1.2895,4.18434,5.31965,4.01951,6.28232,-4.4287,5.77249,0.354847,-7.4451,-7.06744,8.74418,-1.40156,3.7388,1.41663,5.66496,-3.04864,8.59036,1.07634,4.55531,8.97921,5.88105,-3.55903,-7.52595,-5.27048,-9.53951,-6.10715,-8.44771,4.23568,0.282768,-9.29147,-4.46548,8.87906,-0.303229,9.33045,3.72527,-1.68327,6.60175,8.26098,0.171991,-3.87607,3.50044,6.82461,-3.81814,-1.27835,4.13761,5.31617,-6.52614,6.7596,-5.15503,0.53065,6.82756,8.02787,5.77933,7.98765,-9.44664,5.63197,9.07876
7.23262,9.75256,-2.53803,-2.68831,-9.29811,4.80364,4.43264,7.8132,8.44486,3.42798,1.11789,-1.11462,-9.1562,0.0864921,2.81969,-5.43622,4.74541,9.81472,1.18255,-8.341,-7.10862,-9.03327,-1.06588,4.57819,-2.04732,8.98304,6.86963,-4.52546,-5.81918,-3.02877,-7.30763,0.353197,1.89824,2.96783,-3.23681,1.71656,9.83321,-3.20889,-0.122452,-6.50494,-7.33549,-9.49619,-4.64244,-4.94776,6.49797,-9.56476,-0.741045,1.49579,-8.41649,-5.12653,6.84749,6.54746,-3.12728,3.26006,-0.145177,-4.20305,3.76334,-5.71756,2.94382,-3.74092,7.79041,-9.27738,5.84553,-4.18284,-5.2018,-1.0508,-7.25908,0.301237,2.43874,-8.82118,-9.82158,7.40094,4.20714,-5.42659,-8.48706,-5.88333,2.80844,-2.49123,3.89396,6.93181,-7.91369,-5.64375,-5.103,1.71139,3.56681,-8.09061,7.45824,-2.12913,-1.36498,-7.22709,-0.253485,5.04539,-4.88666,1.83795,3.42923,-0.103127,6.25955
-5.96576,2.989,7.5064,-6.30082,-9.23225,3.25284,-3.5819,6.57869,-5.78951,-4.12494,-7.99918,6.93653,-7.40058,-9.64047,7.22337,-2.84083,-8.05725,-0.725864,5.62931,-7.81487,0.148183,-6.31236,-3.05045,-8.18042,-0.647698,6.86963,-0.932994,6.84517,-0.230323,-4.28031,1.07035,-1.51912,-5.35607,-3.06272,-3.30336,-1.01583,-3.25809,6.26021,7.36666,5.16734,0.692556,-3.7732,4.2358,7.3797,9.67063,-7.94216,6.55008,-5.5001,1.19239,9.89361,3.56142,0.0443042,4.87062,-6.1504,0.604282,-0.375969,4.41789,7.55331,2.24523,-9.24728,4.42787,-2.78111,-7.95157,1.34027,-6.31924,-1.72014,0.848257,-4.24455,-6.01352,-7.8258,-9.22304,-8.03153,-4.05333,6.9168,-2.40765,1.82879,-6.75509,3.5243,5.65882,1.43961,-3.08593,3.33482,-8.88836,-0.357175,9.12552,-1.43405,0.541996,0.840923,6.91713,0.435122,-3.06824,-6.24287,2.72298,-0.984512,-3.8575,-5.44128,-6.19463
-3.85234,-7.49683,-7.22543,-1.01821,0.785178,7.83951,5.44947,-0.899783,-9.10044,1.74069,-4.70066,-8.31269,-3.10677,-5.32231,-4.03523,9.49552,-2.97735,-7.09806,-7.81961,8.54678,-9.50013,5.02303,-7.78874,3.09215,-8.011,-4.52546,6.84517,-0.0235042,8.99454,7.99791,6.18319,-9.16548,0.548821,-5.96346,5.11083,2.50885,-4.8786,-5.74688,-4.97024,-4.17785,-7.71878,6.90196,-2.14007,1.34791,-4.3304,8.85519,1.81839,5.04882,-6.80341,4.07522,-2.68095,5.53905,-7.9758,4.70019,-0.645012,-4.77259,9.62239,6.13446,6.616,9.36202,9.72149,0.530474,2.5033,5.38423,-3.43088,2.83579,-2.104,-6.68062,1.61329,-0.709877,-8.42922,-8.89146,2.85121,2.47442,-2.86186,7.11947,-1.45522,-7.51028,-4.31751,-0.646315,-9.39633,3.04908,-6.97454,-0.11945,-4.00914,-9.85075,1.14183,5.85718,8.69096,9.36336,-3.62634,0.944869,0.395164,-6.97757,-1.45122,6.58331,-3.55031
6.43754,-3.49265,0.698917,-0.203981,-8.12659,-4.9423,3.84166,-7.94733,0.357378,4.03915,-4.02675,-4.16272,5.07358,5.92834,9.30896,-1.04273,-3.30039,6.35537,3.29043,0.635206,-0.789824,7.97058,9.6391,4.24794,8.5627,-5.81918,-0.230323,8.99454,-0.216271,-8.10889,9.27127,-6.26374,-1.12749,-6.11841,-0.862052,-2.69124,2.24774,-0.534465,7.86231,-5.54564,5.59179,8.32018,4.01411,-2.9846,8.01242,-4.99908,0.800198,-2.39592,5.40193,0.883723,-7.57927,-4.10104,6.2514,9.65521,9.74886,8.01601,-5.3146,4.04565,-7.738,-6.77861,7.28029,-9.46344,-6.7984,3.12474,-5.97068,-6.14772,-9.52452,2.89767,-1.85063,0.949102,0.52106,-1.88105,7.39403,-2.93355,-4.4568,7.6917,0.832252,-5.62836,-7.03626,5.37611,-2.64305,6.39515,6.54447,-5.33189,-7.87151,-9.72052,7.24431,4.58268,7.10354,-6.52388,5.98252,-9.40475,5.78976,7.36597,6.36876,8.31118,0.0323625
9.64232,0.599425,-4.5808,-5.14982,-1.30078,2.62929,4.68788,4.25728,-3.67117,7.63064,9.10335,-7.13763,-1.47576,-5.91099,-4.29621,6.36638,-1.94195,-9.40511,-6.41145,6.22162,-6.8648,-6.68972,-1.36846,-6.72288,-4.84334,-3.02877,-4.28031,7.99791,-8.10889,-9.42974,0.833507,-2.05456,-0.906575,-8.78007,-0.0552948,-9.58521,-5.79122,8.84857,3.0896,-6.07593,2.80974,-1.18335,-5.66905,9.50879,0.0455606,7.01058,3.34068,9.62152,0.327415,-1.34043,3.73592,4.10703,-3.86445,-3.5113,7.83001,-6.90543,-8.38689,1.61043,-0.490585,3.73215,-5.4625,9.38753,-8.38169,7.42757,0.419377,-5.27823,5.18103,-7.37067,5.94571,8.11592,1.16604,3.13175,-2.82341,-7.62937,-7.27512,-2.21839,-4.70158,5.9691,5.87852,0.187679,-6.8179,-5.03746,-3.67246,-9.14338,-8.26022,4.78984,6.79449,4.10306,4.7226,-3.87824,-1.68828,-3.55308,9.31518,6.44941,-0.724162,-1.57413,1.26761
-9.04392,-4.50995,-8.21622,0.627896,-2.10256,8.92261,5.08556,3.46407,-6.98184,7.87706,9.09791,3.03425,9.84591,6.68152,-5.53682,3.22072,8.61862,-0.961424,8.15426,8.0659,-2.64338,-9.7769,-5.84496,-4.90294,8.99258,-7.30763,1.07035,6.18319,9.27127,0.833507,-3.74592,6.91326,-7.42911,-0.944593,-0.0116679,-4.89992,-8.81882,-5.77838,-1.12132,-7.97556,9.35963,-1.11861,4.00679,9.92404,-0.912035,-9.18767,-1.29573,-1.44408,-3.08579,-9.80262,5.98782,-2.80961,-3.49052,6.4679,-5.62855,3.63271,1.91365,-0.142479,3.40145,-9.55534,-3.29462,-7.99997,4.96148,5.31411,8.88988,1.7885,8.8404,4.23212,2.47921,-2.74749,-0.982259,8.12426,-9.62749,-9.87451,1.69058,-1.28036,3.66967,7.31559,3.6994,-4.95959,-8.29361,-1.50896,1.40418,5.44889,1.8992,4.07372,-0.954185,4.27845,3.25672,3.82004,8.15245,0.656007,5.60386,5.37418,4.77324,3.48697,-0.403937
8.94073,0.160292,4.8128,-1.41258,8.55343,9.19027,0.551813,7.05063,-4.77443,-2.20669,-4.49727,0.493078,9.14746,6.03883,7.83526,4.47268,9.58734,-9.44039,8.8452,-7.44412,-4.9666,-1.15448,-8.41865,7.05577,8.55225,0.353197,-1.51912,-9.16548,-6.26374,-2.05456,6.91326,-3.94151,-6.79877,-0.138531,0.979586,-2.63556,-3.22425,9.66324,2.86073,2.08384,-4.31127,-8.11135,-7.27073,-5.73811,7.6273,-0.303161,7.43935,-8.12338,-8.47637,6.55963,-0.793238,-3.58266,8.96,-8.96509,-3.83394,-8.97772,9.10739,3.15147,-4.93422,-0.786345,-4.92386,-0.679868,9.48996,6.91731,-2.88679,-6.43209,-7.32244,6.23937,0.567517,-2.21894,-1.7679,-8.30277,-5.60349,-6.88608,-8.81176,-3.83157,8.53978,-9.41633,5.16198,-6.1979,3.15785,9.37031,-3.73356,4.63617,-0.837133,3.12365,4.6056,8.17985,-3.96064,8.37502,-8.43161,-7.25341,6.59578,2.99707,1.75216,-2.18642,0.697549
2.96214,6.32449,-4.59009,-0.179536,9.37766,-3.29886,-1.65036,6.07758,3.09393,-3.38645,-7.87049,5.6108,7.58745,-7.91687,6.88386,-5.24924,-3.05193,-0.451005,-3.88136,6.8024,-5.35098,-8.15852,4.4866,9.87574,-0.00202647,1.89824,-5.35607,0.548821,-1.12749,-0.906575,-7.42911,-6.79877,-3.7717,-8.96027,6.55901,-7.68956,-4.34429,7.50161,8.25818,-7.70141,4.06634,-9.10464,2.64745,2.64705,6.53375,-8.47943,-8.51581,-9.09421,3.44999,-9.66291,-8.69503,-2.04803,-6.67583,-1.51524,-9.26175,-9.95286,-7.82948,-4.71267,0.990043,-0.92024,-3.22561,-4.24248,8.67986,3.29174,4.59282,-0.124482,9.70714,-7.80479,-1.25754,2.19353,-7.71908,6.95355,-1.321,-7.84062,-1.40181,0.346976,-6.92975,-6.93415,6.76315,4.62375,1.01949,0.216322,-5.94041,7.68734,7.7485,2.34627,2.61025,3.35277,-6.28421,7.59005,1.55331,-7.71802,2.39357,-2.32044,8.98827,5.48884,-9.05364
9.0182,6.27338,-5.11614,-0.227613,0.296071,-3.90913,0.796388,8.43868,-9.46129,-1.30189,-4.49746,-6.25167,7.40793,2.07746,6.14966,1.87075,7.57517,3.28463,-8.34626,-1.06584,5.64325,1.7384,-1.63311,9.04104,-3.62259,2.96783,-3.06272,-5.96346,-6.11841,-8.78007,-0.944593,-0.138531,-8.96027,-8.01139,-2.22758,-7.28651,6.37414,0.338106,-4.967,3.08452,-4.74654,-7.4579,-0.908151,-9.02083,1.29958,-5.07646,-7.60459,3.2426,2.46796,-4.81669,-3.53189,6.98803,5.62506,-5.67217,4.8769,-3.13516,-9.42245,-7.25743,3.62138,3.93931,7.80007,-6.21669,-1.65906,4.95188,5.67931,-2.60935,9.45915,9.78743,-7.29056,-3.3219,0.51699,-2.04469,-3.71918,5.81775,-6.1333,7.76129,0.740438,-6.94573,-8.74978,-3.94341,-5.77392,-5.78851,-8.36732,4.98605,-7.14459,-8.14803,6.3232,8.29936,4.77619,6.86128,-7.30725,-8.53246,2.99368,6.39869,9.73398,8.2368,-7.52437
9.4189,-3.68581,8.03883,-1.99181,-9.69293,2.36439,-9.82668,9.88472,-7.57034,-2.98838,5.57155,6.86961,1.01058,3.15693,-7.03221,-7.96609,9.65772,-1.7362,8.2837,6.01114,-4.75394,-0.570939,2.78719,2.24376,-0.396787,-3.23681,-3.30336,5.11083,-0.862052,-0.0552948,-0.0116679,0.979586,6.55901,-2.22758,-9.76665,-6.10931,4.89303,8.9777,-6.33111,3.87208,-6.12752,-4.44416,-5.29115,-7.16477,-5.86295,-9.28342,5.51628,4.0645,8.38277,-4.64184,2.73683,-2.93493,-4.9947,4.96054,-3.95706,-3.04001,-6.1642,-0.220183,-5.02898,-7.54754,6.2936,2.23129,5.39342,8.64941,-0.840874,-7.88483,-3.96726,-5.39472,7.5789,6.53747,4.36434,-3.30211,-4.65399,-0.0904498,6.44733,6.15941,1.42629,-1.87694,3.8561,6.97847,9.30604,6.4671,-2.82801,5.08246,9.43142,0.258626,1.6461,2.01583,-3.99562,5.02919,0.528433,-9.22455,-1.70605,9.30974,-4.80182,1.43843,0.638258
9.26246,7.31362,7.77153,5.21006,-4.94025,-7.24044,-2.71673,-7.70226,-7.23455,8.60509,8.27851,-3.88818,8.02287,-2.75475,3.82161,-0.843793,-7.17337,4.74929,-6.74948,-1.85925,-7.77078,3.95439,-9.91671,-2.17281,6.43594,1.71656,-1.01583,2.50885,-2.69124,-9.58521,-4.89992,-2.63556,-7.68956,-7.28651,-6.10931,4.88718,6.83002,-1.57894,3.23568,3.77521,6.96738,9.81365,-5.4212,2.54918,-9.63016,-6.91347,-6.17745,-3.1489,2.13876,-0.573376,5.56165,4.74678,-7.86053,-1.02056,-3.37202,-6.73986,9.22091,9.09927,4.2242,-1.71186,5.51445,9.34981,3.04177,7.40243,-2.07343,9.58929,3.05485,3.70695,-5.31591,-3.44932,-8.40689,6.0993,-9.1674,-8.39326,3.50034,-7.49751,5.99836,2.68302,0.860772,1.17327,-7.28324,0.194126,-7.47332,3.90334,7.55054,-1.55177,-6.43892,6.04573,-9.23678,5.11654,7.95606,-4.28044,3.98605,-2.71639,-6.19019,-3.23946,-5.32096
-6.53023,-5.79481,8.46592,-3.46099,1.08941,-2.66713,7.17144,3.0632,7.36726,9.04658,5.99199,-9.13838,-6.21039,-3.87347,5.16992,-9.18972,7.98904,-9.24431,2.78749,7.64882,-7.02013,-1.70476,5.88332,-2.20554,-9.72535,9.83321,-3.25809,-4.8786,2.24774,-5.79122,-8.81882,-3.22425,-4.34429,6.37414,4.89303,6.83002,4.41028,-9.80582,-1.12097,5.5902,-3.68185,-7.55704,-7.61967,-5.58407,-9.4864,2.99071,6.21637,-4.83066,3.53858,6.52856,2.76032,-5.206,-5.37455,2.25991,5.88174,8.16628,6.44229,7.48256,9.72417,-1.75958,-3.81813,-9.53594,7.30802,8.31408,-5.11193,5.13798,8.15896,8.52732,4.29913,3.09289,7.44767,-9.76043,-7.65963,-2.08989,-0.312655,-4.8518,-5.13421,4.73705,0.497046,-6.73898,-2.26345,-1.01602,2.28471,2.82735,0.0671299,8.68073,0.858282,-9.24049,9.11812,7.86464,7.12231,-3.22577,2.68327,-2.52821,-2.81209,4.86393,0.950185
-0.115067,-6.81472,-1.95735,8.03419,-9.2303,4.9333,8.61641,4.84817,-4.97392,-8.54397,6.87578,4.40451,-3.07431,-6.28275,-9.58104,-0.547642,7.82964,-8.84862,4.4348,-4.15613,3.89229,6.07363,-0.50026,3.35003,-4.88397,-3.20889,6.26021,-5.74688,-0.534465,8.84857,-5.77838,9.66324,7.50161,0.338106,8.9777,-1.57894,-9.80582,-2.81964,1.33901,6.49873,9.81542,-0.910721,-0.797862,-5.70182,-1.07136,0.282384,-0.277511,-6.32523,3.23303,-8.44284,-0.810341,-1.00762,-9.65106,7.37825,-8.94493,-1.03708,1.25807,-8.04299,7.52756,8.21422,-8.92026,6.50471,-6.0117,-4.6261,4.89195,-1.15138,-1.01101,2.89891,-6.05372,3.89565,8.7444,-9.71454,9.57093,2.23867,8.67055,-7.73952,5.08572,1.89698,-3.03799,-1.40475,-9.25017,2.63423,-9.38471,3.59447,0.946125,4.24855,3.25166,-9.93737,6.58329,-3.39736,-6.30484,7.83038,-0.879657,6.08442,-0.0845509,5.22381,5.12369
3.37982,0.759051,-8.59073,1.97108,-8.94582,-7.64568,-9.55083,-6.82317,-2.9945,-9.18496,-5.1092,-6.20089,-9.52293,-5.63878,1.82036,-7.60933,-7.96733,-3.11478,-5.04088,8.23752,1.36472,-7.93712,2.60506,8.08551,-5.75762,-0.122452,7.36666,-4.97024,7.86231,3.0896,-1.12132,2.86073,8.25818,-4.967,-6.33111,3.23568,-1.12097,1.33901,-7.93372,-4.6162,2.35074,-5.00307,-0.945648,9.69646,-4.91915,-7.40257,-9.07139,-2.28999,-6.84667,-5.4073,-6.31513,-9.60104,6.75749,0.675384,1.11313,-1.0622,-8.17037,-9.2487,7.59056,-8.09199,-7.64034,-6.71234,1.11424,-8.45593,2.81443,-2.50067,-7.01653,7.90666,-8.96832,-3.6197,-6.76936,-9.08346,3.7549,-9.08596,-2.36533,-8.70419,2.76023,-2.1665,-8.15204,-8.07684,-1.81962,-8.91201,5.37929,0.542311,9.54375,-5.88085,7.00425,-5.37462,-2.96549,7.75451,-1.57769,1.27863,1.56223,9.90415,-3.34909,3.82305,4.47181
-5.77308,5.51191,-0.760153,4.1626,-4.0241,0.149686,-7.79929,-5.87593,0.983532,-8.05815,-6.56077,-4.85945,-0.190142,6.56697,-8.65449,-9.91009,-8.22408,-9.11475,-1.92071,4.15631,6.70924,-6.05694,-0.672377,8.54865,4.44186,-6.50494,5.16734,-4.17785,-5.54564,-6.07593,-7.97556,2.08384,-7.70141,3.08452,3.87208,3.77521,5.5902,6.49873,-4.6162,-9.02783,-1.83098,-3.54317,-5.98326,-2.68194,-9.82646,2.34532,-1.3253,9.78193,-9.73634,9.99681,9.16041,-8.01775,-5.56679,-1.67996,8.52533,-4.70714,-1.03981,-4.32259,-3.28099,1.42323,-4.771,1.83482,-5.20259,3.89884,-1.83924,-6.78971,0.851078,-9.4134,0.161587,2.70383,6.51355,-1.64889,-2.67612,7.94676,0.485828,-1.31292,0.582762,-8.30535,2.30406,2.72633,-7.34329,-3.06853,5.81936,-2.39471,9.13483,0.286139,-1.12384,8.66274,-4.42651,7.9128,-4.41331,7.78004,-9.92226,5.73093,-5.24229,5.20702,9.64489
-0.579349,-5.14246,6.54159,-5.40324,7.62031,-8.88705,-1.34865,9.26571,-7.39324,-4.08291,-3.52873,-2.67332,1.6576,7.62489,-1.0377,-4.39258,-5.59137,-9.57965,-0.653459,1.45895,7.01784,5.45996,-8.96687,-1.92013,-1.2895,-7.33549,0.692556,-7.71878,5.59179,2.80974,9.35963,-4.31127,4.06634,-4.74654,-6.12752,6.96738,-3.68185,9.81542,2.35074,-1.83098,-7.90032,-0.691614,2.06046,-6.31825,1.20904,5.89029,-2.0487,-9.69746,7.45903,-4.82191,8.10913,-8.20539,4.65174,5.18417,-4.93902,6.66152,-9.66157,8.06853,-5.86491,-8.45804,-6.86061,0.886501,-1.2732,6.0758,-1.33309,-4.50631,2.22595,-5.44185,-7.4281,2.8964,-2.44122,7.44161,0.260628,9.88005,7.05997,-7.61344,8.96075,-9.94445,4.4272,-2.96672,1.14781,-0.852619,2.51103,-3.4347,-1.13176,1.46993,-5.48275,5.58143,-9.36304,5.11218,-4.02136,-3.28793,1.06143,3.25722,-0.081565,5.91144,3.83439
-3.71756,9.6329,1.99674,-7.41983,6.19176,6.07197,1.94369,-3.86859,4.27713,7.73582,8.49089,6.39482,-6.66139,-7.7577,0.746109,5.09746,1.94446,2.38743,-2.22888,-1.45061,8.52912,9.45253,7.90114,6.0516,4.18434,-9.49619,-3.7732,6.90196,8.32018,-1.18335,-1.11861,-8.11135,-9.10464,-7.4579,-4.44416,9.81365,-7.55704,-0.910721,-5.00307,-3.54317,-0.691614,7.64611,-5.38168,5.55679,5.29844,-0.813792,1.98624,1.39299,3.22849,-8.21331,5.67762,-2.79563,2.46535,4.31589,-8.59776,-2.63172,-3.39395,3.22188,9.34003,9.84896,-9.6802,1.255,7.41549,5.93841,2.1488,-6.68291,-3.67353,8.81654,2.81087,-4.77968,4.31767,-0.453567,-2.84133,-2.81054,-7.68672,-3.5383,5.76454,0.536178,-5.07457,2.47284,8.2582,8.31807,3.65861,6.48973,4.88539,-7.51086,5.05189,-6.05286,0.835562,8.364,4.67725,-5.31723,1.42406,4.25361,7.90914,-9.79986,-3.16272
-6.92333,4.7986,-5.36347,-6.41064,-2.24856,4.13938,-0.272069,7.48082,5.81148,4.65285,-4.36126,1.88037,-2.4786,1.3781,2.34241,5.86563,-0.137191,4.29763,0.822065,2.69456,-0.104943,3.72225,-0.0726237,2.50198,5.31965,-4.64244,4.2358,-2.14007,4.01411,-5.66905,4.00679,-7.27073,2.64745,-0.908151,-5.29115,-5.4212,-7.61967,-0.797862,-0.945648,-5.98326,2.06046,-5.38168,2.59732,7.93664,-8.92492,5.38174,0.100416,-2.10745,7.26447,3.75741,-1.66322,-4.69834,8.11615,5.94825,5.41239,9.62752,3.01528,-7.31322,5.30938,9.83141,8.75738,-5.17706,1.35013,3.61649,3.38448,-4.92655,-3.71412,-3.92502,1.17117,-4.21359,4.16825,3.26507,9.31887,8.09471,0.673566,-9.86493,-4.33856,-9.69744,1.37931,-4.92466,-0.961034,7.00362,4.92542,4.98063,6.21204,-9.6133,1.73547,8.78316,1.90936,3.85286,6.71506,7.60776,6.25174,0.722534,-5.17905,-3.83211,-7.70434
-9.39608,8.99139,-8.13022,5.93413,-9.95931,-1.7376,4.06051,-3.44785,-6.56575,-8.62828,5.31738,-6.68732,7.13269,0.915713,-3.05397,-4.26341,6.74108,4.43049,9.08255,-2.70395,1.43936,-7.00181,0.018223,8.9407,4.01951,-4.94776,7.3797,1.34791,-2.9846,9.50879,9.92404,-5.73811,2.64705,-9.02083,-7.16477,2.54918,-5.58407,-5.70182,9.69646,-2.68194,-6.31825,5.55679,7.93664,6.66401,3.09577,-6.55473,-6.78265,-6.34776,-3.49482,-7.08028,-9.46122,-0.943449,-7.90509,3.21925,8.15382,8.57276,8.60697,-9.27274,-9.24666,-7.07865,7.33247,-7.63105,-6.72018,5.52466,5.15597,-7.5926,8.21487,2.30984,2.37351,-2.40828,3.80074,-0.90182,-9.60434,8.68119,8.12806,-9.37589,3.51764,4.70834,-3.08299,-7.77627,-6.37229,7.98606,9.11779,5.90942,-6.37199,-8.37324,1.2402,0.325355,-1.39329,7.63993,-3.84911,7.05857,-9.54863,3.21693,2.87264,6.58765,-9.33101
2.89963,9.98719,0.63632,-8.6477,-7.15821,-4.98747,-1.29872,-0.967476,7.52117,2.1328,-0.57538,2.54958,-1.28721,3.52676,5.93821,5.22489,-0.415944,-6.69812,9.20904,-3.80591,4.3968,5.97182,-5.33553,5.30171,6.28232,6.49797,9.67063,-4.3304,8.01242,0.0455606,-0.912035,7.6273,6.53375,1.29958,-5.86295,-9.63016,-9.4864,-1.07136,-4.91915,-9.82646,1.20904,5.29844,-8.92492,3.09577,7.74745,2.11977,-3.20219,-0.869533,-8.85409,9.0038,-9.47073,-1.24039,5.90611,-3.93222,-3.55642,-1.34999,3.42601,9.58803,-0.344483,1.16519,1.31025,-4.23763,2.66915,-6.29236,8.98625,-2.21452,-0.331419,3.94651,-4.42203,4.71282,-4.38027,5.80633,-5.48925,0.490916,-9.50389,6.43408,4.39308,5.96987,1.32619,-5.62429,4.40352,7.06409,2.95161,2.30916,9.78284,3.04706,6.95846,0.444061,2.94069,5.31486,9.81436,-5.47492,7.21743,2.08789,7.16144,-0.239516,8.38562
-0.377083,1.99501,6.68377,-2.68059,2.03727,5.29796,6.73692,0.408486,8.36983,8.21226,9.67541,-9.51605,-1.05558,3.82002,3.57714,6.30022,-3.77724,-4.38409,1.10681,6.24124,-0.822524,-3.15689,-1.8253,2.16681,-4.4287,-9.56476,-7.94216,8.85519,-4.99908,7.01058,-9.18767,-0.303161,-8.47943,-5.07646,-9.28342,-6.91347,2.99071,0.282384,-7.40257,2.34532,5.89029,-0.813792,5.38174,-6.55473,2.11977,-0.724468,-3.78802,6.54285,-8.04697,2.18963,-8.53039,-1.68056,1.70039,-7.58986,0.209846,1.79822,-7.04791,-0.260491,-8.9031,7.12763,-3.46511,9.33746,9.87407,6.11191,2.89002,-4.03232,-9.58705,-5.70758,-2.26513,1.85438,-2.60813,-0.94487,5.16792,-0.283789,-3.56134,-3.18558,1.75945,8.96346,6.68315,1.5688,-2.29269,0.961219,3.2064,7.93347,-7.34074,-3.50643,1.09425,8.22188,6.65433,-4.01787,-1.25738,-4.56501,9.66113,-7.0551,-9.82195,9.33373,7.18388
-7.38165,-2.68764,4.06192,4.66869,6.94413,4.67087,-0.56081,-5.26591,-1.01105,-4.9151,-2.51735,6.17654,1.7432,3.43236,4.58243,-9.87474,1.96193,-3.87431,4.33135,8.599,-0.0362379,-7.61742,1.18773,-4.95149,5.77249,-0.741045,6.55008,1.81839,0.800198,3.34068,-1.29573,7.43935,-8.51581,-7.60459,5.51628,-6.17745,6.21637,-0.277511,-9.07139,-1.3253,-2.0487,1.98624,0.100416,-6.78265,-3.20219,-3.78802,-0.618533,-8.32623,-3.59585,7.66445,-2.7306,-3.52832,-2.16271,-1.91753,-7.27698,2.46206,4.35774,-9.26254,9.41537,-6.03534,2.64136,-7.86012,-9.71881,7.10999,8.48832,-1.29631,3.62167,6.48847,-3.05993,3.00375,2.96849,-5.16379,8.31481,5.60909,1.00839,-3.26787,0.185882,6.48056,7.48687,3.81128,3.99252,-2.3342,5.53103,2.15979,0.257091,-1.3582,4.74157,2.62706,4.45401,-1.97441,-8.14239,-3.95417,-4.87273,5.43654,-0.929547,7.06926,-1.20505
-7.08619,9.469,-8.41779,4.65524,-7.80492,0.916723,7.9009,1.76911,3.67457,-4.39714,7.37324,-1.73806,-0.133862,-4.54358,-5.41516,-6.00989,3.50053,-9.68171,2.57341,2.32784,-2.20934,-0.690504,7.16683,-8.23304,0.354847,1.49579,-5.5001,5.04882,-2.39592,9.62152,-1.44408,-8.12338,-9.09421,3.2426,4.0645,-3.1489,-4.83066,-6.32523,-2.28999,9.78193,-9.69746,1.39299,-2.10745,-6.34776,-0.869533,6.54285,-8.32623,2.66047,5.10632,-8.76113,-5.19399,-2.84549,-4.74041,5.28469,4.87369,-8.08947,-0.0527881,-9.00163,-7.23351,0.995086,-7.16329,-9.13045,-0.884976,-5.45185,-0.708078,-4.56554,-3.68358,-9.18612,1.68651,-5.19451,9.57597,-1.23012,0.617284,-6.25664,-4.1518,-2.65681,6.38252,1.09027,7.76089,7.16159,-2.57026,-9.37123,-6.96539,-1.03506,3.05173,-3.53219,1.96538,-5.21622,-5.67891,-0.16567,8.05863,-7.06229,7.14686,-2.7215,-2.85869,9.58538,5.15331
