7.51111,-8.71782,0.253076,5.86662,-1.82538,-8.41962,5.44812,0.144998,0.592056,-5.35402,-4.99286,-8.7154,5.91008,-5.57157,0.986882,-3.38535,-8.57027,2.89357,-2.0102,-9.19383,9.7616,9.1286,-7.27707,9.67887,-8.9394,9.28933,-9.79464,0.100652,2.86274,-0.75974,-1.64534,3.32098,5.98526,-3.13334,5.82775,4.70986,5.74518,-4.22087,-3.30657,-2.18664,0.128579,-4.17547,7.1911,9.03957,4.2225,-2.76814,9.85216,-1.04874,-1.27825,3.49594,-7.42674,2.43472,-3.87318,-4.38667,3.1329,8.16379,-2.28459,0.0496081,1.61403,-7.52969,-3.29278,-5.14516,-3.51084,-6.65724,-4.52143,5.11606,0.631504,-0.057405,-7.06657,-0.427294,-2.66277,0.0402688,1.18293,-7.82735,4.76372,-1.62582,8.04572,8.8158,-3.83852,-3.74037,-1.76365,-6.46564,5.17761,-2.36144,2.82062,-7.2493,3.06848,-7.88333,7.74277,-8.48564,2.32356,3.42494,-8.93636,6.09476,-9.51387,6.77834,9.61637,-7.67673,4.79012
-8.71782,-0.275984,2.56644,-2.16356,-7.05146,-2.66036,-0.435597,-8.70973,-7.05628,-3.41784,3.24872,7.26927,-3.52143,-4.31986,9.8734,7.85229,-1.48034,-1.37542,-1.40343,-4.67276,-8.80941,-7.15639,0.328601,-5.25232,0.488703,-9.08784,-7.11938,1.31507,-1.51161,4.23396,6.04648,-6.38287,0.0387864,7.74171,1.9413,5.44242,6.67788,2.33186,-9.289,-1.114,-6.84281,9.24419,8.80597,2.52675,3.73151,3.10055,6.21907,8.08125,-7.15378,5.75046,-7.17786,-7.82127,-5.68494,5.24726,-0.129599,-0.354465,7.93285,-5.2232,-8.72248,-4.64803,-9.66743,-0.827333,6.93485,-4.39062,-4.72269,-3.62983,5.0457,-8.94528,-9.57844,-1.23482,5.48168,1.93101,9.61576,-9.22239,9.86578,2.08824,6.90146,2.19671,7.02977,4.91185,9.07431,0.0409904,6.39505,-4.83631,6.01763,4.17597,-8.2386,-3.80107,3.87766,2.49938,-1.21047,-9.82329,0.0729063,-8.4983,0.32789,-4.0163,7.39423,9.89782,-8.63687
0.253076,2.56644,2.8011,-1.34342,-5.5443,9.97782,-8.75578,-9.42447,-9.45134,-9.38112,-5.65329,-6.2874,1.25304,-5.9354,6.60653,-3.01332,6.23652,0.885259,6.97109,2.01413,7.95255,1.37668,3.41646,-5.1149,-7.39692,2.43409,4.81176,-0.958193,8.8153,6.0016,-7.17983,-9.57319,-2.05699,-6.12336,-6.02381,-4.65857,-6.80471,-6.75817,-9.17479,2.96176,-7.19853,3.6048,-2.93618,3.86286,-8.12618,8.68489,0.116179,2.84049,0.263007,6.69501,-5.01462,4.11494,8.36594,-8.86969,4.36571,-5.48705,-8.52951,2.95104,5.11514,1.18755,-5.4945,-4.80932,-9.50383,-0.181542,5.62514,-4.9601,3.16468,9.36218,-4.83737,3.25011,-5.94333,0.197993,4.13687,7.3511,4.00716,-9.74297,-1.78199,-2.94741,4.93961,9.76527,8.37433,3.42959,1.87638,-9.59468,-0.184703,0.177682,3.60697,-4.94825,-1.66282,8.11781,-5.81117,-2.34987,0.262004,-6.94929,4.27374,6.70906,-4.50552,-5.15887,4.46157
5.86662,-2.16356,-1.34342,-0.0462971,-7.96221,-9.18392,-4.60217,8.77547,1.902,-4.04337,2.9988,6.4439,2.95878,2.72751,7.46582,-1.98957,-4.09944,9.72359,-9.1143,9.84662,8.10553,-4.86228,6.1975,-0.567882,1.54614,9.85353,9.45788,2.4946,4.559,5.98794,2.08112,-8.75379,3.58586,5.19471,9.80523,-7.73881,1.18169,3.04475,-0.331211,4.82623,-1.04826,-9.55506,8.23984,8.90972,-3.76091,7.00869,4.26537,-5.49397,5.29547,4.94786,2.47842,0.195533,-3.84228,5.5787,9.98719,-0.565689,-3.62451,1.43963,-7.13681,-3.54392,-7.99686,-7.96499,2.22481,-9.78045,-2.55432,-0.568934,6.52234,-4.24554,-9.68981,-6.91116,-6.89253,3.26071,-3.65806,9.98896,-8.98807,-1.38098,0.64131,-1.66709,-9.13827,8.44226,3.91168,-3.90391,7.88045,-6.85217,-1.04777,4.53563,2.62414,-4.81933,7.12494,4.51855,9.15619,-5.43227,0.578865,-4.33657,-2.89102,-9.991,-0.113559,-3.06361,9.218
-1.82538,-7.05146,-5.5443,-7.96221,-9.82954,9.31327,3.33911,1.04636,6.5091,-8.69014,-6.24311,2.91387,7.29492,-1.88166,0.767653,9.10014,-0.316036,7.69434,7.39759,-1.33507,5.34017,-5.76271,-8.33555,6.75471,-5.10162,-2.69684,-0.680553,9.65771,1.08427,8.7779,-1.34251,3.78104,-7.05302,0.949138,2.66676,-5.32984,-7.62292,8.51849,-4.70657,6.58379,5.22249,-9.24396,-1.08823,1.84942,3.16583,2.49375,6.15643,6.04578,-0.523851,-1.0573,-9.14394,4.47831,-3.66155,0.547111,1.65186,-0.512977,-1.19105,-3.29334,8.0213,-7.52632,5.39872,-0.731179,-7.91012,6.8257,9.57333,3.15864,-9.80524,2.43383,-2.3805,5.14422,7.78632,-1.50769,-5.76858,7.95229,6.66754,-4.50873,-6.90364,-8.16801,5.46828,0.986194,8.37346,2.02836,6.5048,-8.79485,-9.11725,9.81536,8.76714,-7.131,-1.41288,1.30205,-7.57919,-1.2571,-3.08366,-1.08521,7.14637,0.719825,-5.58949,1.68283,7.04755
-8.41962,-2.66036,9.97782,-9.18392,9.31327,-6.73957,-5.09275,-6.87352,-1.03633,-7.98638,-3.55571,-1.41977,7.76511,0.26812,-4.15895,3.95807,-9.82609,-0.575227,-0.745731,-4.27475,-3.14211,-9.42186,-2.73981,6.9473,-6.88238,-9.70394,-9.87235,6.08689,3.98957,-1.51002,6.68584,2.08594,2.58027,-2.30754,9.59185,-4.37764,-6.01993,6.30106,-4.41354,-0.672484,6.56222,9.53274,-7.07941,5.52654,6.56225,-9.42573,-9.21391,7.84982,-4.06571,-8.53918,-0.790047,-7.72939,7.97723,5.9763,-8.09649,2.87402,0.915856,1.8212,7.02427,-8.45552,9.03053,-9.47732,8.43052,-2.01145,0.190152,4.44321,0.581973,0.973266,-4.23859,-0.650241,-0.382637,-6.46828,-0.423525,6.48131,-6.84895,2.31232,-5.29017,-2.85201,-2.37189,0.794879,-8.74928,-3.80181,-7.05416,7.76882,2.73198,-2.88982,4.93849,-6.20023,-3.27941,9.31108,-0.525596,-9.56382,6.13492,-2.60497,-1.29059,0.653089,7.20201,8.96283,-4.62244
5.44812,-0.435597,-8.75578,-4.60217,3.33911,-5.09275,-7.38213,8.59522,4.53568,-6.83926,-0.0889639,-3.93768,-2.14165,-1.06967,3.01353,5.47107,4.05868,8.81996,-9.18018,6.30517,-2.05892,-1.60961,-1.24459,5.95426,7.17557,6.82922,-1.42632,-7.93063,-6.93025,-2.19369,-8.69754,-4.57058,4.59284,9.85738,4.83131,3.55625,-4.90576,3.19571,-0.852806,3.12019,-3.48324,2.23355,3.62574,-1.90857,6.05201,0.591155,7.32915,-8.9336,-6.0069,5.53298,-0.659705,-3.15948,3.59447,9.812,1.44351,1.15646,-1.48866,3.9715,-5.28564,5.03026,-0.918631,4.72018,1.31077,-2.14771,-2.39779,8.26026,9.29158,0.822976,8.03864,3.44133,-8.05223,7.91535,-0.878057,-4.03511,-0.129078,5.87854,-7.31832,-4.88299,7.56503,-0.13393,-8.83056,-2.03021,-1.27915,-0.952304,1.90682,-6.99975,4.31598,9.5653,-8.00318,1.25433,-2.15715,0.815698,2.93183,9.84527,4.2261,7.84001,8.39232,4.9688,7.09379
0.144998,-8.70973,-9.42447,8.77547,1.04636,-6.87352,8.59522,6.27402,-5.24538,1.10877,-2.67478,-9.3648,-8.64197,-0.926556,-1.08963,7.64253,9.57642,-1.24189,8.19105,3.68217,-5.74807,-5.44698,-9.37939,5.86713,4.42254,-7.23414,9.56037,1.92396,-6.92791,9.86855,-6.97774,1.3364,9.3297,5.15986,-4.03776,-4.21232,4.17581,-0.70952,9.57126,-9.26889,6.84381,-9.02361,-1.59838,-4.97304,7.78865,5.02151,7.66154,-2.10835,-5.99398,-0.217776,2.91988,2.9941,-0.282122,6.96201,3.62376,8.6022,-9.7623,-2.65171,-1.56618,3.99564,0.199475,6.32812,-9.14725,8.15948,0.729671,8.94049,6.49227,9.76526,-0.945983,2.11386,4.67743,-6.58374,3.51311,2.00453,-9.18556,-4.23348,8.11035,4.4684,5.51474,8.88477,8.89857,-9.97723,-7.64146,-0.233196,0.347558,3.17211,-3.35438,2.16761,9.9942,8.66778,6.73295,-5.98794,-2.9423,-9.1632,1.09837,-7.55809,9.52286,7.13984,-3.54928
0.592056,-7.05628,-9.45134,1.902,6.5091,-1.03633,4.53568,-5.24538,-4.51541,-7.23303,-9.87699,-2.86089,-3.92813,8.54489,2.2715,5.54495,-8.89962,-9.03751,-6.18934,5.98139,6.87506,7.25824,3.66628,7.48599,2.12043,4.97559,7.8002,-1.66002,-7.43013,7.54253,-5.7535,5.32245,1.70031,2.20994,3.80291,-3.52773,-0.678334,-2.07439,-0.276105,-4.61959,2.67773,5.61314,-2.3573,2.28773,5.49948,-3.64261,-8.21259,1.44127,-4.47545,9.03028,9.99159,5.39863,5.36674,-0.23374,9.20966,-2.33682,-4.51264,-2.63882,-0.635317,6.17859,6.39364,7.21239,-9.20604,9.1885,3.26287,9.83089,9.01508,-2.32435,-3.47378,-4.50816,-7.24128,-3.83175,5.35776,0.292665,-0.493002,-1.65289,3.27623,3.15904,7.23603,-3.45908,7.34726,-0.861621,9.51051,-9.1503,-0.97748,-8.0327,-1.96202,8.75571,-8.94126,-5.54016,-4.47391,-4.06827,-2.51317,7.23915,-6.46364,-7.39681,0.953928,4.83393,1.38706
-5.35402,-3.41784,-9.38112,-4.04337,-8.69014,-7.98638,-6.83926,1.10877,-7.23303,0.808359,5.0818,-6.91142,1.98518,-1.32604,0.573201,3.14976,7.38876,-8.81423,-8.04725,-9.19535,-2.74768,-8.58648,-2.5162,4.69389,-6.84065,2.97491,9.43551,2.02225,-7.15633,9.67154,-9.93599,0.377965,7.79533,3.09432,-3.60215,1.00747,-2.05438,2.66998,-2.93381,9.51321,-4.9227,-5.69135,-7.09663,7.2256,6.51321,2.60237,-9.14718,4.08826,6.60529,7.12091,7.38921,9.82808,-9.79222,9.18716,-6.36853,5.64237,5.82956,-0.697945,8.18673,7.13801,-7.80087,2.17386,-8.03532,5.00275,-8.47469,1.36864,9.21746,8.58497,3.08447,4.94572,-0.949376,1.98329,-7.115,-4.38809,6.79494,-5.74691,7.76787,-2.04416,-3.73295,-8.62926,-4.46508,-7.74341,2.37569,1.28902,0.260288,7.47553,-8.3426,8.69149,9.8124,0.0374276,8.97002,-4.14985,-4.16627,-0.409675,3.00382,7.69581,-2.22548,4.43675,-3.8275
-4.99286,3.24872,-5.65329,2.9988,-6.24311,-3.55571,-0.0889639,-2.67478,-9.87699,5.0818,5.77675,-8.8611,-3.28734,-9.59248,8.19389,-4.21289,-1.00729,-2.78114,-1.972,4.42075,1.71105,4.59408,5.53876,6.8961,4.62464,-4.77697,1.08978,5.32549,-0.475772,5.96504,-4.92351,-3.17854,-5.61252,2.6688,0.224467,6.49099,-0.0251844,2.78062,2.62036,9.97603,8.35959,-9.13679,-7.24168,2.05476,-1.06842,-5.97792,8.2513,7.38939,9.55937,6.11707,4.02199,3.90624,1.68225,6.1253,-1.90053,-1.7158,-5.46038,3.88741,-5.2943,2.11859,-2.54192,0.407257,0.513628,-4.75313,8.99996,-2.27985,9.92186,2.90569,-3.74732,-4.38252,-6.6929,-6.51372,-6.36307,0.884902,-7.43232,4.16305,5.87586,0.821744,4.16755,0.503523,1.69652,-9.27711,-2.26146,-3.90457,8.61005,6.99191,-9.25025,0.315212,2.55371,2.6766,8.69902,-6.60446,2.55004,0.587545,9.60485,1.64198,7.82798,8.04637,-1.36153
-8.7154,7.26927,-6.2874,6.4439,2.91387,-1.41977,-3.93768,-9.3648,-2.86089,-6.91142,-8.8611,-2.33852,-5.65004,-2.4562,-4.44992,-0.06038,-8.07669,-8.93525,-7.24144,4.16314,-6.48788,-0.0284862,7.05461,-3.55435,-8.00583,-3.29077,-0.422471,-6.2757,7.86108,6.92272,-0.190583,7.46754,-6.07631,1.88831,8.51645,-5.46797,1.25925,2.50334,6.84676,-0.122252,7.00438,1.80108,-3.65435,-2.46465,0.682543,-4.53556,7.61926,3.92011,-9.37757,1.28924,-3.91988,6.9786,-8.73625,4.24655,5.63414,-2.95644,9.67083,-1.17195,-1.48114,0.395825,-5.50998,-8.82034,3.35582,-7.08317,-9.11739,-2.82627,-1.63754,7.47294,1.72946,-4.06778,8.97794,3.8675,-5.63347,-3.19656,2.04587,-1.26505,1.97369,-4.76422,3.76131,4.5106,4.93229,-2.9174,9.94628,-8.8446,-4.83943,8.40598,0.897296,1.75554,-9.78785,-2.62288,-5.29154,-7.10398,-7.16218,3.6393,9.20726,-1.71565,-4.38959,1.51808,9.11002
5.91008,-3.52143,1.25304,2.95878,7.29492,7.76511,-2.14165,-8.64197,-3.92813,1.98518,-3.28734,-5.65004,-6.35318,-0.57953,-7.30667,-8.07876,2.81915,1.5519,9.89255,-6.67331,-8.37354,6.19769,7.74986,-6.05917,-1.47843,-6.74069,6.10365,-5.01799,2.90431,-9.49066,-4.2967,5.59174,-8.38536,-8.78675,4.36551,-8.91164,-7.76984,8.73197,9.16598,5.1015,2.77774,-8.44811,4.18225,9.30785,9.18765,4.77215,4.18741,4.77559,-9.68414,3.3793,-4.2844,-8.36795,6.65666,-0.44316,3.63513,4.12583,-8.40723,-3.84655,-6.22289,-1.62306,5.66461,1.2665,0.340844,8.14546,-5.65858,3.64126,0.765797,-9.52258,-1.32694,-3.5409,-5.5901,-5.44848,4.47226,-6.79267,2.39026,0.531481,1.10608,-0.0324077,7.85166,1.70854,6.63133,-0.030714,8.25894,-3.42591,-2.24811,3.5906,-3.56737,-3.53247,-6.77546,5.6471,-2.83744,8.03929,-2.37197,7.12801,-9.1587,-4.62839,-6.44902,2.15179,5.10606
-5.57157,-4.31986,-5.9354,2.72751,-1.88166,0.26812,-1.06967,-0.926556,8.54489,-1.32604,-9.59248,-2.4562,-0.57953,7.46298,-7.95678,8.19474,0.741225,-1.6712,-1.22817,3.82396,8.53819,0.0119747,-1.62014,1.73193,5.04278,-6.53484,-4.16606,-9.15692,8.24997,8.79509,5.41761,-0.478232,-8.14828,-9.46089,9.8753,5.13257,-2.39949,1.65781,-2.25463,-6.15393,3.61503,2.0206,-1.80548,4.2211,-8.48083,0.174992,-4.37779,3.74119,5.9609,8.60701,-1.35444,1.81674,-2.29812,3.48636,-7.45727,-5.99203,-7.28783,1.84247,6.677,3.72958,5.08386,-7.60307,5.82405,3.59368,-0.0356485,0.276983,-8.92339,1.61538,-3.69233,-6.85074,4.83992,-7.52154,1.96635,-4.43111,-1.11784,-2.56703,-1.21682,-6.51496,2.85627,-5.92849,-9.17992,4.94765,2.62098,-0.075339,-7.58609,-5.92029,-1.44711,-9.17367,3.55766,-3.50721,-4.61834,-7.48909,4.09759,9.45296,6.17047,-1.95742,4.88258,-8.31644,4.86173
0.986882,9.8734,6.60653,7.46582,0.767653,-4.15895,3.01353,-1.08963,2.2715,0.573201,8.19389,-4.44992,-7.30667,-7.95678,-3.05645,4.47425,-4.68673,3.61412,-3.46619,-6.86792,2.09366,-6.48128,-9.1733,8.35942,6.50727,7.52068,-2.04072,-1.98841,-5.27728,-9.71502,-7.25394,-2.40437,2.91235,-3.22826,-1.67125,0.266344,6.2633,5.37782,4.41491,6.71406,-9.44045,-0.521851,-6.78495,-0.333672,-9.20397,-7.31445,-3.41419,0.150356,-4.2876,8.25895,-6.43332,-8.9664,5.84052,9.6027,7.68361,-7.00506,5.00132,-5.41312,-5.46234,-0.500618,8.89489,-1.20921,-1.00695,-0.636793,5.11465,-6.39097,-2.58639,-2.65497,6.09501,9.95608,-4.84209,1.83701,-2.27067,9.53552,4.9921,6.95331,5.92815,7.06521,8.94688,-9.96927,3.11585,-2.04608,5.77248,8.96885,3.00547,-4.27973,-9.88228,-9.01794,2.28417,-2.50691,-7.63611,-2.26794,-2.94234,3.39253,2.00331,-3.51591,-3.25574,3.82803,6.10795
-3.38535,7.85229,-3.01332,-1.98957,9.10014,3.95807,5.47107,7.64253,5.54495,3.14976,-4.21289,-0.06038,-8.07876,8.19474,4.47425,-7.04777,9.23729,-9.85278,-4.05049,6.15212,-8.22167,-1.33588,-9.78518,1.06834,4.89412,-8.00811,0.957969,2.82103,3.32934,7.75287,-2.19781,-0.372115,-2.27429,4.22409,5.53464,6.13522,4.92866,-5.70937,-6.01755,5.54774,2.27059,4.86336,9.31221,-9.65425,8.81434,-4.3329,-8.62841,3.55399,9.13526,-2.42009,3.39183,0.796705,0.614936,-8.33621,-9.07727,8.73705,3.37445,-5.64137,-0.06668,-9.63624,-1.87054,0.240968,-4.2148,-4.61035,9.49544,-1.83712,5.12605,5.24163,-9.41482,8.06873,-4.53331,-6.77624,1.56511,9.85756,4.56548,3.60102,0.661718,-9.6742,5.63142,1.06747,4.15399,1.43196,-4.31989,-7.81644,-7.54216,2.38692,-8.06838,-5.03445,5.46229,0.414117,-4.50857,5.00765,2.35381,5.53662,7.85623,-4.31988,3.04211,-3.81566,-4.57599
-8.57027,-1.48034,6.23652,-4.09944,-0.316036,-9.82609,4.05868,9.57642,-8.89962,7.38876,-1.00729,-8.07669,2.81915,0.741225,-4.68673,9.23729,-4.14469,-9.09646,5.55362,-9.29679,-9.7719,-0.6543,-1.63802,7.41624,8.34061,-7.2644,9.3966,0.574117,-5.4241,-2.15756,4.09195,-7.07195,-1.66392,-7.08303,4.94314,8.84417,3.78181,-3.7847,5.08864,6.41333,5.27747,-7.3377,-1.64197,3.07311,3.75063,5.36036,-3.41037,8.63901,3.9071,-0.0614801,0.631888,-9.32082,8.44583,-8.11313,-1.31927,5.80805,2.92997,5.6954,6.17904,-5.57323,-8.3077,-0.541381,0.0176978,-1.73012,4.68845,-4.16263,9.91435,-3.60591,0.658245,-8.03182,3.62425,2.18606,7.96826,6.16891,7.5982,-3.10578,-6.49653,4.67987,2.79264,3.31476,-2.52761,-3.18475,-2.57851,-7.1296,-0.640215,-4.62573,0.973031,8.12377,2.19841,-5.56351,4.57098,-7.90466,9.98917,-1.02682,-5.57666,7.76494,4.98205,-5.79755,2.44651
2.89357,-1.37542,0.885259,9.72359,7.69434,-0.575227,8.81996,-1.24189,-9.03751,-8.81423,-2.78114,-8.93525,1.5519,-1.6712,3.61412,-9.85278,-9.09646,2.34694,-9.75574,4.08331,-6.41174,-8.11717,-3.72604,-7.62102,9.40067,5.73237,7.44449,6.7748,4.60077,-7.25813,5.43574,-2.55447,2.63748,-0.943178,-1.69822,6.9278,4.20769,5.11182,-5.9485,-3.04716,2.65184,0.667481,-8.62283,1.44659,6.62476,-2.2659,-9.78401,-6.25541,-1.72224,-0.658484,0.749516,-7.95584,-6.18832,-1.64006,0.409525,4.7688,0.23997,-2.96022,8.63096,-2.83447,-0.981647,6.54195,-8.51974,4.00495,3.63321,-6.02928,5.9302,-5.76711,-5.31593,6.38471,4.94244,9.03959,9.28731,-4.25844,3.04949,-0.675279,8.59309,-1.0725,2.44098,-0.0440717,6.40296,5.15071,-8.45071,-3.38616,-9.02408,4.75454,-0.199779,-6.32271,-4.37346,-5.26134,-2.62178,7.15124,-9.07397,-1.21453,-5.7735,-0.127634,-0.0246617,3.64691,-2.82016
-2.0102,-1.40343,6.97109,-9.1143,7.39759,-0.745731,-9.18018,8.19105,-6.18934,-8.04725,-1.972,-7.24144,9.89255,-1.22817,-3.46619,-4.05049,5.55362,-9.75574,-3.78435,1.37737,-9.82131,-7.05267,-4.97676,3.37245,7.1926,-6.58237,5.62902,1.15755,-1.33958,-1.49363,2.67619,4.14071,4.70572,3.94124,-4.96892,5.76066,5.66618,0.764937,-4.73952,-8.86766,1.83641,2.30138,-8.79824,1.06434,0.492441,-7.39864,-8.68164,-6.33213,-7.67851,-2.09196,7.06146,5.11702,0.396154,4.1784,8.67162,1.13453,-6.75565,-7.48001,8.57016,-5.7398,-9.89569,3.85326,-3.44663,6.00669,1.39954,-0.862097,5.92844,4.13688,4.58421,0.163192,-2.03356,4.85852,4.27152,-2.1115,-3.6692,6.02276,-8.8704,-8.02648,-3.63978,0.089693,-2.91343,3.13689,7.92238,6.26528,2.42817,5.58434,1.47215,-2.01198,1.73848,-4.735,8.74284,3.81089,-2.4547,9.22489,-7.62722,6.78183,-2.71742,-4.99731,4.70231
-9.19383,-4.67276,2.01413,9.84662,-1.33507,-4.27475,6.30517,3.68217,5.98139,-9.19535,4.42075,4.16314,-6.67331,3.82396,-6.86792,6.15212,-9.29679,4.08331,1.37737,0.0354231,3.10922,-5.36236,-9.98983,-5.83989,2.65018,9.50112,-4.42686,2.81409,6.91067,-3.79567,-3.17319,-7.5519,-9.78429,7.2377,2.06155,4.8258,-8.45585,-8.7528,6.13889,-2.78467,2.78,-9.65973,3.79038,-0.624632,-9.02608,-0.0147379,8.08848,1.06657,3.90094,-9.46764,3.76208,8.89621,-3.9636,7.67457,2.85197,3.48889,-0.531169,-3.889,3.77631,7.01753,-9.15809,-0.653935,-1.9282,5.78297,-7.82457,8.32842,-7.6163,2.88196,2.6001,4.88292,5.68771,-1.87689,-8.80752,5.9091,-3.70248,6.71924,-4.17729,-4.87608,1.39905,9.789,-5.32714,6.06159,-4.01336,-4.60089,6.02937,-7.4126,0.816949,6.03601,4.27364,6.50922,-2.93197,7.09016,6.27744,-7.75179,-4.97304,8.80321,3.45343,0.48191,0.0615248
9.7616,-8.80941,7.95255,8.10553,5.34017,-3.14211,-2.05892,-5.74807,6.87506,-2.74768,1.71105,-6.48788,-8.37354,8.53819,2.09366,-8.22167,-9.7719,-6.41174,-9.82131,3.10922,-8.55253,-2.26368,0.0902433,-4.90672,4.19982,-6.36336,8.7351,-9.17366,-7.73813,9.64838,6.79174,0.00814071,-8.36277,-2.34524,7.97857,9.8938,-2.70775,8.24769,1.10749,8.5122,-8.81181,-5.11884,-7.70488,0.0453747,7.50758,5.85214,9.91168,-7.00277,-0.364085,-3.92194,4.65656,-2.95,-4.75663,-4.92249,7.21146,2.41221,-1.72781,0.348291,-0.773934,5.03831,-7.78579,-7.64653,8.69604,-3.32535,-8.52589,-6.35761,8.94715,6.25477,-5.665,7.2344,-5.08899,-3.11267,4.44997,-7.35952,8.09494,-5.87359,-1.08524,4.62177,-7.95015,-1.31023,-2.78378,4.9062,2.82639,-6.73136,1.92861,-7.82487,7.88666,5.9089,-7.2394,-4.76358,5.57018,7.90372,-0.289544,-9.83188,-4.91256,-8.09025,9.73695,-2.3348,0.889847
9.1286,-7.15639,1.37668,-4.86228,-5.76271,-9.42186,-1.60961,-5.44698,7.25824,-8.58648,4.59408,-0.0284862,6.19769,0.0119747,-6.48128,-1.33588,-0.6543,-8.11717,-7.05267,-5.36236,-2.26368,4.8168,-2.94188,2.24376,-2.48182,-7.69509,4.01373,-8.59089,-2.24005,7.76826,7.16188,9.45291,6.26749,5.09132,-5.24392,-5.90965,-0.0479527,-2.58919,-5.07276,-1.09666,2.51034,-6.95944,1.25572,-4.94434,5.43998,-0.414531,-1.1341,4.68791,5.48587,4.55459,-0.322888,6.8119,-7.92571,-6.09181,-7.24654,-7.69436,-8.6686,-9.59692,-8.18434,-3.63236,-7.86719,-4.44323,-9.41431,-9.99621,-9.20706,-1.07115,6.9274,8.16,9.46057,-7.43614,-6.30892,-0.934504,9.50797,-9.60829,-9.84177,5.58687,5.63609,-8.95869,-5.17922,-0.496407,-9.79739,6.85391,6.58574,-0.247126,-5.13606,-9.7516,1.40371,2.54759,9.4768,1.76557,-0.250971,5.34471,-7.07774,9.47446,-2.15034,-7.15772,5.91967,-6.7074,-5.26091
-7.27707,0.328601,3.41646,6.1975,-8.33555,-2.73981,-1.24459,-9.37939,3.66628,-2.5162,5.53876,7.05461,7.74986,-1.62014,-9.1733,-9.78518,-1.63802,-3.72604,-4.97676,-9.98983,0.0902433,-2.94188,2.32143,-5.5014,-6.75454,1.6808,4.07985,-7.16897,-0.570545,1.16654,9.52876,-7.33327,-7.05095,-6.33162,-1.50651,4.34932,0.829712,9.17798,-6.43583,-8.51605,9.39263,6.47342,9.26013,-9.10222,6.90927,-6.9343,-7.52625,5.97534,7.63924,-2.27524,9.24118,-6.49564,-4.82651,-3.68713,6.01202,-7.42241,1.47117,-0.685145,4.76562,-1.38065,9.84417,-0.0528885,-0.596195,-5.48303,-8.30496,-5.62181,2.30596,-1.85318,-0.649732,0.035492,5.66197,-7.78337,-1.10273,-3.76302,7.87464,6.96641,8.54143,1.31698,-9.95885,4.63901,1.72793,7.36511,5.89926,-9.16218,2.87275,3.35313,5.61284,9.9004,9.2422,-0.739338,1.90512,9.43388,4.21724,-7.01348,4.07838,0.598579,-4.86373,9.0329,6.50338
9.67887,-5.25232,-5.1149,-0.567882,6.75471,6.9473,5.95426,5.86713,7.48599,4.69389,6.8961,-3.55435,-6.05917,1.73193,8.35942,1.06834,7.41624,-7.62102,3.37245,-5.83989,-4.90672,2.24376,-5.5014,-6.29796,1.90703,3.00335,2.76781,-2.66426,7.28507,-1.96907,3.09634,-2.27507,-0.808639,6.7579,7.56926,-2.87014,5.44834,1.86095,-2.35815,3.46958,0.900868,-5.5628,4.08154,8.2987,-6.99487,-8.44688,-3.41497,6.11762,-3.07447,-7.9386,3.59514,-8.1185,-5.21613,9.63069,3.99197,9.00023,3.40273,1.89368,-5.42155,-2.95066,-2.74564,4.95483,9.7405,4.91046,8.06225,0.935057,7.53079,9.81435,0.140823,-3.47367,-5.9121,0.338338,4.53596,4.76911,-1.44243,2.12417,-9.09303,-9.33263,2.29302,8.20167,3.84404,-6.87402,3.93462,-7.20688,-2.65279,4.11151,3.67133,-4.48946,1.02809,1.51765,1.34765,1.66734,9.39129,3.47941,6.74929,0.54735,2.40648,4.06686,3.28862
-8.9394,0.488703,-7.39692,1.54614,-5.10162,-6.88238,7.17557,4.42254,2.12043,-6.84065,4.62464,-8.00583,-1.47843,5.04278,6.50727,4.89412,8.34061,9.40067,7.1926,2.65018,4.19982,-2.48182,-6.75454,1.90703,-5.6524,5.74343,6.94617,5.54064,2.97785,8.91942,6.2451,8.27042,-2.6106,8.24235,9.90335,3.57846,6.34345,5.75565,-7.24431,-1.76625,-2.55008,6.81548,-1.03382,-6.41559,-7.98553,4.60244,-9.76713,4.74535,-9.14643,-9.85597,5.42573,-9.93044,0.827258,5.95985,-9.56031,3.6304,3.38903,9.78709,8.88662,2.60091,-1.08909,2.21262,2.63813,-0.68453,2.48557,-7.6894,-7.3139,2.24661,5.7621,-6.5205,8.90024,0.624297,-2.88721,4.62911,8.617,-0.504138,7.73537,1.03413,-4.01773,7.41967,-5.29928,9.2015,-6.33521,-3.38087,-6.06549,8.60884,5.29068,2.20428,6.22922,-5.03178,2.5078,-1.65818,2.91018,-7.30937,4.56688,-2.76233,-6.35249,5.54716,-8.45496
9.28933,-9.08784,2.43409,9.85353,-2.69684,-9.70394,6.82922,-7.23414,4.97559,2.97491,-4.77697,-3.29077,-6.74069,-6.53484,7.52068,-8.00811,-7.2644,5.73237,-6.58237,9.50112,-6.36336,-7.69509,1.6808,3.00335,5.74343,-6.39833,0.457491,-0.556307,8.95103,-4.77969,-6.95816,2.58184,-8.45024,-7.5892,5.75416,-9.24523,-6.50911,7.11304,-2.90104,2.19567,-8.02771,7.52353,4.9203,6.07122,-9.17263,5.66393,1.77164,8.7037,2.36208,-0.712648,-0.123357,7.08288,5.17252,-7.84553,-5.08465,3.83688,-3.68555,8.90447,0.215986,-8.53794,-5.61969,4.47615,-1.85457,3.72279,3.5825,0.410753,0.659836,8.08038,4.44076,8.51753,-9.44428,4.14411,7.13835,-5.16293,0.377756,9.74009,7.91305,-3.54101,-1.13535,-0.287892,-3.23566,-4.69823,3.1504,-1.86102,-3.20498,1.28176,4.36545,-1.10777,3.21932,-2.76189,-3.55832,-3.28039,-0.196714,-7.2101,9.43521,7.95671,2.56289,5.38994,8.81074
-9.79464,-7.11938,4.81176,9.45788,-0.680553,-9.87235,-1.42632,9.56037,7.8002,9.43551,1.08978,-0.422471,6.10365,-4.16606,-2.04072,0.957969,9.3966,7.44449,5.62902,-4.42686,8.7351,4.01373,4.07985,2.76781,6.94617,0.457491,-2.06636,-4.2522,-3.24467,-3.8723,3.675,-2.73587,-7.12741,-8.84848,-9.64089,0.2741,-3.89179,2.58049,6.7818,-4.953,0.737656,-5.46951,-5.51069,-9.0725,-8.3086,-2.16905,-9.63327,-7.72249,8.66746,9.02922,8.77344,5.1469,3.94226,5.96722,6.73694,-9.68009,7.94464,0.0624353,-0.430067,6.17256,-5.45271,-3.01613,4.41182,6.72868,3.69318,-6.01902,8.79863,8.50227,-3.14596,0.981767,1.53146,8.51161,7.13317,7.22412,-5.35245,1.82386,7.5887,-0.484891,-7.36912,-6.00271,4.21228,4.32496,8.22255,3.97412,4.36322,1.11719,5.28117,-2.53844,6.01226,-5.64831,-5.54075,-8.23797,1.2048,-7.79405,-8.31644,-8.12394,2.7432,-3.7835,7.8036
0.100652,1.31507,-0.958193,2.4946,9.65771,6.08689,-7.93063,1.92396,-1.66002,2.02225,5.32549,-6.2757,-5.01799,-9.15692,-1.98841,2.82103,0.574117,6.7748,1.15755,2.81409,-9.17366,-8.59089,-7.16897,-2.66426,5.54064,-0.556307,-4.2522,0.874527,-4.8237,1.86606,-5.88989,6.88698,3.38043,1.35492,-8.02667,6.78114,2.30537,-5.56351,4.14031,-0.15589,0.455105,4.48581,6.08029,4.28921,9.77317,-6.12657,7.45513,-9.2763,-8.11524,-4.63177,4.70421,-2.39463,-1.44256,3.60567,2.46785,-6.34213,-7.40384,-4.20568,-2.85029,-3.40825,5.13803,0.0687886,5.78571,6.1391,3.46634,0.178244,-0.771643,-4.63051,-5.49306,-5.42625,-7.66489,8.07354,7.16062,-8.16667,8.8355,8.82864,1.74619,-1.5731,5.9045,-2.01518,-2.13639,-7.36011,7.59486,4.542,-9.38826,-3.36674,8.12857,7.67421,3.53119,-4.41079,-3.65887,-3.28537,-9.9164,1.49591,-4.17527,8.55456,-3.1729,-7.31939,-2.48814
2.86274,-1.51161,8.8153,4.559,1.08427,3.98957,-6.93025,-6.92791,-7.43013,-7.15633,-0.475772,7.86108,2.90431,8.24997,-5.27728,3.32934,-5.4241,4.60077,-1.33958,6.91067,-7.73813,-2.24005,-0.570545,7.28507,2.97785,8.95103,-3.24467,-4.8237,8.00998,-4.81069,0.800818,6.35835,-6.38627,0.310235,5.35219,2.19386,-1.60652,-2.57686,2.35513,8.87289,2.93464,7.0266,-0.884748,4.86052,9.43513,-8.16832,-3.91334,-0.43826,-0.160225,-8.2292,0.770307,-3.38069,9.40663,3.0128,-9.65731,-4.14199,7.11288,-0.442591,6.25724,-6.63181,-2.56743,-9.11178,9.03717,7.35836,8.42093,-6.73804,6.30335,6.44409,-3.61969,-2.53161,-7.03177,-4.32593,-7.1201,9.63781,-2.84449,-8.86689,5.385,6.72471,7.40748,8.70719,2.3542,5.91844,3.09675,4.60357,-9.63334,9.47952,0.145022,8.86058,-9.75436,-8.38738,-6.19943,-8.71468,8.23956,-1.59811,3.06553,4.71204,-8.98549,7.27836,5.6851
-0.75974,4.23396,6.0016,5.98794,8.7779,-1.51002,-2.19369,9.86855,7.54253,9.67154,5.96504,6.92272,-9.49066,8.79509,-9.71502,7.75287,-2.15756,-7.25813,-1.49363,-3.79567,9.64838,7.76826,1.16654,-1.96907,8.91942,-4.77969,-3.8723,1.86606,-4.81069,8.95446,-1.5956,7.46851,-7.1224,-6.79624,-7.06845,7.6907,-1.53533,-2.18445,8.43714,4.0509,9.66871,8.60334,-1.54862,-8.41359,4.93262,-6.52048,-1.02216,3.27726,-2.10928,6.77337,-5.55228,-1.63478,-4.56974,7.99186,-4.36087,6.81713,7.99561,9.8919,-0.760058,4.12428,2.45231,9.53815,-8.65128,-7.04713,7.18797,-5.30465,-9.48019,-4.98285,-4.38912,0.808982,-1.28218,7.07509,0.117722,5.36226,4.76783,4.42335,1.77335,8.09919,-7.31807,-9.86649,2.20685,-0.0181087,6.68348,8.84768,-3.98592,-8.25293,-2.85896,0.0438683,-6.12539,5.60916,1.74222,6.34616,-5.81656,0.121693,-7.09605,9.55246,6.40797,-3.73068,8.41306
-1.64534,6.04648,-7.17983,2.08112,-1.34251,6.68584,-8.69754,-6.97774,-5.7535,-9.93599,-4.92351,-0.190583,-4.2967,5.41761,-7.25394,-2.19781,4.09195,5.43574,2.67619,-3.17319,6.79174,7.16188,9.52876,3.09634,6.2451,-6.95816,3.675,-5.88989,0.800818,-1.5956,9.07871,-6.58686,-2.50605,-3.70378,-7.01841,-2.6347,9.90718,-0.619893,-3.39932,9.1841,8.16742,0.416392,6.0112,-1.95133,-2.67299,1.20262,8.13204,-3.65349,-0.0251696,9.47061,-8.57402,-1.38488,-1.59251,-1.63256,2.30299,8.13658,-6.32268,0.735214,-5.94502,-1.38239,8.26351,-3.2632,-0.986534,-7.00134,4.53728,2.85413,-6.40667,-3.58851,-5.25004,1.75014,-4.30854,8.21608,-1.88022,-1.26284,6.01285,-5.29299,7.99289,-3.03628,-5.83314,6.056,0.288336,4.0227,8.1632,-9.5097,-7.66482,-3.02654,3.38908,7.94687,9.91101,-5.62188,-4.53197,7.06572,4.33127,3.5016,3.37219,4.90117,-8.97365,-3.89962,-6.67612
3.32098,-6.38287,-9.57319,-8.75379,3.78104,2.08594,-4.57058,1.3364,5.32245,0.377965,-3.17854,7.46754,5.59174,-0.478232,-2.40437,-0.372115,-7.07195,-2.55447,4.14071,-7.5519,0.00814071,9.45291,-7.33327,-2.27507,8.27042,2.58184,-2.73587,6.88698,6.35835,7.46851,-6.58686,8.10209,-2.08855,6.77964,1.78257,-3.58078,1.91944,2.64629,-9.73976,1.76919,9.02643,8.59468,-6.37641,4.66429,6.40025,-3.36768,-6.80015,-4.50641,-7.61179,9.8762,7.42483,-0.447355,7.87996,6.678,-1.87585,3.04894,-1.19531,-9.73125,-3.62346,-5.73139,0.606572,-9.00841,3.89223,3.56692,1.47639,-6.21323,1.01419,-2.96344,8.52039,6.78516,-2.18351,9.94362,6.48589,1.83336,-7.80088,-4.17298,4.85043,1.5969,5.86122,-2.28028,6.80763,-7.1307,8.17845,5.58962,-7.78007,-1.12025,-5.28368,8.07343,2.89275,-1.63666,-2.14498,-6.20158,-3.17362,1.09717,-0.831242,-1.72022,6.51393,-4.61409,-8.97884
5.98526,0.0387864,-2.05699,3.58586,-7.05302,2.58027,4.59284,9.3297,1.70031,7.79533,-5.61252,-6.07631,-8.38536,-8.14828,2.91235,-2.27429,-1.66392,2.63748,4.70572,-9.78429,-8.36277,6.26749,-7.05095,-0.808639,-2.6106,-8.45024,-7.12741,3.38043,-6.38627,-7.1224,-2.50605,-2.08855,6.18006,-0.311802,1.77174,4.3209,-7.19353,7.56011,-9.99421,-9.2232,7.12967,2.85341,2.02627,-7.56306,-4.60406,-6.11452,-1.79719,-4.24053,4.05883,6.53549,-4.4878,7.36153,5.43904,9.44311,-7.33607,-9.41705,-1.97159,3.31098,-4.8995,7.91373,2.69714,3.73784,2.37345,7.71742,1.26517,-5.78117,9.17865,-9.30731,-5.33916,-6.38253,6.04514,-3.04131,-1.22103,-8.1771,-6.06033,-6.90324,-4.59356,-0.0311273,-0.247903,-2.2177,7.24388,9.57505,-1.80472,-6.31908,2.05661,4.95851,-2.16527,3.19153,-3.98163,-7.38108,-2.59169,0.74638,3.78647,-9.3324,-8.98684,1.08012,-3.49168,-8.92015,3.26598
-3.13334,7.74171,-6.12336,5.19471,0.949138,-2.30754,9.85738,5.15986,2.20994,3.09432,2.6688,1.88831,-8.78675,-9.46089,-3.22826,4.22409,-7.08303,-0.943178,3.94124,7.2377,-2.34524,5.09132,-6.33162,6.7579,8.24235,-7.5892,-8.84848,1.35492,0.310235,-6.79624,-3.70378,6.77964,-0.311802,-6.52887,-3.10045,-1.45813,-0.229134,8.99717,-9.26095,-6.75175,5.92865,6.3993,9.07855,4.37194,-8.0862,-4.4186,0.887694,2.39856,8.92618,6.14378,2.90912,1.7662,1.11125,4.94337,3.19822,-4.28713,-3.74592,-9.16119,-1.01848,-0.0502688,6.43746,-6.17523,-2.91144,5.68712,1.30569,7.78374,2.71619,-0.740107,4.51616,3.35977,-0.102905,5.89939,-2.62929,3.92,1.04405,0.309341,-7.30048,-7.4988,-5.31235,8.77937,7.69876,-4.15002,-3.7015,0.274604,2.71039,9.36547,-0.0105029,2.17429,1.86154,3.45136,6.23839,5.57969,6.04541,5.78249,7.44982,-7.6557,-9.63809,-9.48162,2.87706
5.82775,1.9413,-6.02381,9.80523,2.66676,9.59185,4.83131,-4.03776,3.80291,-3.60215,0.224467,8.51645,4.36551,9.8753,-1.67125,5.53464,4.94314,-1.69822,-4.96892,2.06155,7.97857,-5.24392,-1.50651,7.56926,9.90335,5.75416,-9.64089,-8.02667,5.35219,-7.06845,-7.01841,1.78257,1.77174,-3.10045,4.22862,-3.32887,5.18053,2.6893,-8.95919,4.97096,7.93461,-5.05451,-4.83528,8.75691,-5.13369,5.63594,-9.34177,8.23509,1.25894,0.153195,-0.69736,1.16834,7.4534,-9.67224,4.70646,5.40668,-3.14884,3.81255,-0.109815,-8.99667,-3.78754,2.61138,1.44333,-1.73285,-8.00569,-2.89827,-7.08753,-5.174,-3.91861,0.448882,7.83395,-9.52879,9.23272,7.17103,-2.48905,-0.928393,-5.54547,1.58168,-5.79003,3.85607,-8.45505,-0.529861,-8.34286,5.0363,-3.84723,8.54262,-5.94135,-2.50832,1.31519,2.96854,7.63636,-3.64301,-8.24342,9.59927,-4.73384,5.407,-4.87567,-6.20032,-0.95344
4.70986,5.44242,-4.65857,-7.73881,-5.32984,-4.37764,3.55625,-4.21232,-3.52773,1.00747,6.49099,-5.46797,-8.91164,5.13257,0.266344,6.13522,8.84417,6.9278,5.76066,4.8258,9.8938,-5.90965,4.34932,-2.87014,3.57846,-9.24523,0.2741,6.78114,2.19386,7.6907,-2.6347,-3.58078,4.3209,-1.45813,-3.32887,-7.83373,5.5277,-5.1156,-8.25213,5.87098,9.32878,-7.7928,-5.94114,-3.15398,3.66113,8.91928,-9.36407,8.71137,1.7282,-6.25826,-3.98517,6.26223,-4.17174,4.81667,0.31933,3.5326,-1.13267,8.28054,-2.31907,9.73533,1.11656,3.33196,-4.46304,3.7316,1.68237,1.26857,-7.65044,-2.15257,9.78033,-1.24375,8.73409,7.72453,-0.212935,-5.34988,-8.59623,2.56545,0.0993257,-8.87162,1.96596,-0.285628,-9.32592,5.39493,4.93573,2.59061,-9.27697,-4.85397,3.07307,-6.07374,-9.85806,8.74966,-5.50504,-5.71451,6.86073,5.54217,-5.39066,1.74383,1.18402,8.98837,-4.46643
5.74518,6.67788,-6.80471,1.18169,-7.62292,-6.01993,-4.90576,4.17581,-0.678334,-2.05438,-0.0251844,1.25925,-7.76984,-2.39949,6.2633,4.92866,3.78181,4.20769,5.66618,-8.45585,-2.70775,-0.0479527,0.829712,5.44834,6.34345,-6.50911,-3.89179,2.30537,-1.60652,-1.53533,9.90718,1.91944,-7.19353,-0.229134,5.18053,5.5277,-7.80475,7.75398,7.19707,-3.714,-6.01141,-1.5584,-5.4068,-4.42015,-2.35532,-7.24614,4.0984,-4.34956,-8.70272,5.77686,5.65136,-3.76523,-2.5845,-6.78191,-0.633699,-3.67689,1.6896,-5.12864,-3.3338,-0.242742,-6.87207,8.5623,-1.83155,4.23759,-8.36065,5.16322,7.47725,-3.80453,-5.50726,5.17958,1.873,-5.73558,-8.11277,-2.57562,6.282,-4.18255,7.41666,-7.37484,0.595148,6.22891,-9.67042,-0.670166,3.77203,0.728964,7.037,-4.43508,7.6608,8.31853,-1.76048,-4.25901,-5.79038,0.155334,3.17353,6.83457,9.08805,8.77484,6.76287,-5.70564,1.34422
-4.22087,2.33186,-6.75817,3.04475,8.51849,6.30106,3.19571,-0.70952,-2.07439,2.66998,2.78062,2.50334,8.73197,1.65781,5.37782,-5.70937,-3.7847,5.11182,0.764937,-8.7528,8.24769,-2.58919,9.17798,1.86095,5.75565,7.11304,2.58049,-5.56351,-2.57686,-2.18445,-0.619893,2.64629,7.56011,8.99717,2.6893,-5.1156,7.75398,-0.538555,0.135555,-7.98606,-5.13391,-0.953711,2.98374,6.61897,-4.99841,7.1429,-8.30566,-8.07733,6.35394,-2.9511,5.89721,5.40954,5.27757,-2.40683,-1.5604,-8.08706,-2.18925,-0.874908,3.09944,-6.32843,-9.47112,-0.0820057,-6.21128,-2.10487,-6.27065,1.01308,6.90563,-7.90301,6.15816,7.82068,2.12567,6.92153,8.94459,6.67857,-6.63478,-4.73204,3.33195,6.32094,-4.7995,-7.98482,4.74119,5.74032,4.68331,2.12257,9.76035,-4.97167,4.53704,-8.11319,2.90495,-6.44851,5.30089,5.75123,9.95657,-9.45311,-0.906751,8.36716,-8.51321,6.15806,-3.39929
-3.30657,-9.289,-9.17479,-0.331211,-4.70657,-4.41354,-0.852806,9.57126,-0.276105,-2.93381,2.62036,6.84676,9.16598,-2.25463,4.41491,-6.01755,5.08864,-5.9485,-4.73952,6.13889,1.10749,-5.07276,-6.43583,-2.35815,-7.24431,-2.90104,6.7818,4.14031,2.35513,8.43714,-3.39932,-9.73976,-9.99421,-9.26095,-8.95919,-8.25213,7.19707,0.135555,-8.50906,-9.551,-2.42234,2.01051,-0.793461,2.60042,-1.30398,8.14093,8.21374,-3.48685,2.24318,-4.78382,2.57213,-9.37248,-6.85102,4.20004,-0.408963,-2.83884,6.34725,0.0594379,-1.45471,-9.60274,-2.88511,-8.21977,-3.29488,-3.72894,2.17945,-3.83474,6.22337,5.6005,1.47516,-4.57381,-2.65265,-1.08866,-4.91811,-9.74289,7.46128,-6.80191,-6.41332,-2.84771,7.99951,0.052586,3.41699,-5.19703,8.26904,6.50469,3.31316,7.45284,-7.95616,-2.22027,2.82332,-3.07906,4.63264,4.51238,3.20162,5.80847,2.87151,4.56582,8.80728,1.23453,4.9186
-2.18664,-1.114,2.96176,4.82623,6.58379,-0.672484,3.12019,-9.26889,-4.61959,9.51321,9.97603,-0.122252,5.1015,-6.15393,6.71406,5.54774,6.41333,-3.04716,-8.86766,-2.78467,8.5122,-1.09666,-8.51605,3.46958,-1.76625,2.19567,-4.953,-0.15589,8.87289,4.0509,9.1841,1.76919,-9.2232,-6.75175,4.97096,5.87098,-3.714,-7.98606,-9.551,-3.08646,9.21376,0.617173,3.03377,5.79653,4.41891,-6.82765,-2.85924,-5.45366,-8.10574,-5.88839,-6.32568,-9.17773,-4.15115,-1.18033,9.21791,5.98198,1.41989,2.56118,-6.94153,-2.25319,-4.72607,9.42115,9.91833,-4.88444,-9.03367,7.25965,-6.44818,4.90604,9.64617,-2.46487,7.78254,-5.71687,-4.70699,5.1383,-1.89688,5.02252,0.586112,2.97008,2.02389,7.19974,-9.34809,-3.7773,0.776715,6.98194,-0.3573,3.01708,7.41037,1.16485,-8.77929,7.9665,8.08689,-7.06855,-1.35558,-3.40182,3.84896,-8.57173,-6.70165,-7.77437,-3.79403
0.128579,-6.84281,-7.19853,-1.04826,5.22249,6.56222,-3.48324,6.84381,2.67773,-4.9227,8.35959,7.00438,2.77774,3.61503,-9.44045,2.27059,5.27747,2.65184,1.83641,2.78,-8.81181,2.51034,9.39263,0.900868,-2.55008,-8.02771,0.737656,0.455105,2.93464,9.66871,8.16742,9.02643,7.12967,5.92865,7.93461,9.32878,-6.01141,-5.13391,-2.42234,9.21376,2.1223,-3.79742,-7.5098,8.76331,-4.67721,0.219928,-1.56974,1.36989,8.99621,0.290643,-1.5265,-2.35502,-0.423924,2.15743,4.39858,-1.84445,3.23163,-6.2984,-3.82445,-0.457848,2.75112,-4.91014,6.47278,-8.24183,1.4832,-7.70416,5.593,0.303922,9.95943,-5.17439,6.17748,8.98729,2.18516,-6.83618,9.73136,-9.82604,-0.140195,1.34454,9.82892,6.43281,-2.96931,-8.16142,-6.77087,5.33643,-3.94598,6.16245,-6.24782,-8.5733,5.92876,-6.7669,-4.03041,-6.93297,-3.88379,-4.40345,4.16035,-0.112929,-3.59849,7.9945,3.80043
-4.17547,9.24419,3.6048,-9.55506,-9.24396,9.53274,2.23355,-9.02361,5.61314,-5.69135,-9.13679,1.80108,-8.44811,2.0206,-0.521851,4.86336,-7.3377,0.667481,2.30138,-9.65973,-5.11884,-6.95944,6.47342,-5.5628,6.81548,7.52353,-5.46951,4.48581,7.0266,8.60334,0.416392,8.59468,2.85341,6.3993,-5.05451,-7.7928,-1.5584,-0.953711,2.01051,0.617173,-3.79742,-6.10624,-8.37217,7.00645,2.20001,3.71131,0.148639,6.03692,7.47057,4.60258,1.19193,2.46112,-5.82487,-4.79501,-5.62665,-6.06544,-2.72543,-2.94632,0.0172086,-9.07537,6.7642,1.37105,7.77867,-2.47256,8.94795,1.50027,2.03125,-2.60459,-6.55623,-0.0824391,-8.41389,-2.28513,-8.68202,0.677295,-1.00162,-5.74175,0.341505,-9.1298,-4.98886,-7.22244,-6.17412,8.11833,6.06115,-9.8664,4.30254,-6.25628,3.04362,-6.91927,-5.52794,5.67348,-0.0954937,-8.2603,-3.78273,4.48543,7.9737,4.0173,-1.59974,-0.152748,-8.03358
7.1911,8.80597,-2.93618,8.23984,-1.08823,-7.07941,3.62574,-1.59838,-2.3573,-7.09663,-7.24168,-3.65435,4.18225,-1.80548,-6.78495,9.31221,-1.64197,-8.62283,-8.79824,3.79038,-7.70488,1.25572,9.26013,4.08154,-1.03382,4.9203,-5.51069,6.08029,-0.884748,-1.54862,6.0112,-6.37641,2.02627,9.07855,-4.83528,-5.94114,-5.4068,2.98374,-0.793461,3.03377,-7.5098,-8.37217,-0.70917,5.78542,-6.52706,3.23013,7.21192,1.15602,4.28472,7.34907,-0.539228,7.39366,2.0151,2.7119,1.65718,-8.12851,5.10558,5.77268,1.75513,-8.99002,2.80587,8.09206,-6.53715,9.92215,-7.86498,-0.164149,-5.91444,-8.52281,-3.24745,1.83669,-2.88623,-1.00726,-2.65684,1.7168,1.44467,-8.32612,0.697393,2.8854,-6.66597,7.66447,1.47886,-0.907022,1.74334,-9.8629,7.47254,-8.30163,3.58844,4.77992,-6.86636,-3.87139,0.157481,7.26057,-4.18257,-5.90237,-8.40858,4.80315,-7.47763,-4.73229,4.48935
9.03957,2.52675,3.86286,8.90972,1.84942,5.52654,-1.90857,-4.97304,2.28773,7.2256,2.05476,-2.46465,9.30785,4.2211,-0.333672,-9.65425,3.07311,1.44659,1.06434,-0.624632,0.0453747,-4.94434,-9.10222,8.2987,-6.41559,6.07122,-9.0725,4.28921,4.86052,-8.41359,-1.95133,4.66429,-7.56306,4.37194,8.75691,-3.15398,-4.42015,6.61897,2.60042,5.79653,8.76331,7.00645,5.78542,-6.22362,-1.91697,2.54054,-3.93049,4.27479,4.89678,-5.46185,2.09977,1.23873,4.61648,-2.30897,-2.42344,-1.88786,9.62679,-1.84251,6.39697,-7.82417,6.72124,8.55705,5.17278,-0.139279,-2.64523,6.51458,-1.3909,2.142,-6.86558,-2.73801,5.23879,-1.65503,-0.891794,-6.43842,0.569002,3.98144,-4.23336,6.92598,-0.522519,2.95583,8.75444,4.59279,-7.60443,-4.15663,-0.020736,2.07682,6.47628,-6.34556,-5.67797,4.60141,6.17234,-6.73549,-0.149104,9.02752,5.9889,-4.7044,-2.57,-3.46488,0.734578
4.2225,3.73151,-8.12618,-3.76091,3.16583,6.56225,6.05201,7.78865,5.49948,6.51321,-1.06842,0.682543,9.18765,-8.48083,-9.20397,8.81434,3.75063,6.62476,0.492441,-9.02608,7.50758,5.43998,6.90927,-6.99487,-7.98553,-9.17263,-8.3086,9.77317,9.43513,4.93262,-2.67299,6.40025,-4.60406,-8.0862,-5.13369,3.66113,-2.35532,-4.99841,-1.30398,4.41891,-4.67721,2.20001,-6.52706,-1.91697,2.88478,-7.29223,1.32373,8.7708,-1.66731,-2.24822,2.28694,-5.29662,-7.65883,-5.45219,-8.32619,1.36243,-2.99741,3.8798,8.87289,-6.17213,-5.38007,1.15027,-4.72023,8.69475,8.77386,-3.43411,-0.212715,9.98646,6.72406,-5.22295,7.5349,4.81915,-8.22285,9.67399,-5.87468,5.68049,-0.881574,8.03745,9.72386,4.55251,-6.32416,7.93031,2.72318,-9.82374,-4.4121,-7.12166,-0.449297,-5.72972,-5.18823,-3.40424,-1.99493,-5.45059,-5.25874,-4.94279,-0.278857,-4.89411,5.0342,-4.33354,9.80963
-2.76814,3.10055,8.68489,7.00869,2.49375,-9.42573,0.591155,5.02151,-3.64261,2.60237,-5.97792,-4.53556,4.77215,0.174992,-7.31445,-4.3329,5.36036,-2.2659,-7.39864,-0.0147379,5.85214,-0.414531,-6.9343,-8.44688,4.60244,5.66393,-2.16905,-6.12657,-8.16832,-6.52048,1.20262,-3.36768,-6.11452,-4.4186,5.63594,8.91928,-7.24614,7.1429,8.14093,-6.82765,0.219928,3.71131,3.23013,2.54054,-7.29223,9.59748,-1.52645,-8.38025,-8.69639,5.99589,-8.78231,0.926575,-8.80191,0.931776,-1.35534,-1.35224,-2.22085,0.241023,8.35353,-7.27386,-7.34129,-8.97637,-8.91532,-3.44321,7.75277,0.122489,-3.15002,-2.40013,-3.98385,2.62704,7.14045,-2.48631,-7.00062,-7.50486,4.0167,1.46056,-3.08896,-8.67652,-6.64167,4.50742,8.40884,-9.64967,-3.22189,-7.48451,-0.176503,9.60733,-4.51709,0.468306,9.21797,8.87554,3.12876,-9.77067,-9.65342,-0.135289,0.211672,9.89084,-0.136717,7.83897,5.37856
9.85216,6.21907,0.116179,4.26537,6.15643,-9.21391,7.32915,7.66154,-8.21259,-9.14718,8.2513,7.61926,4.18741,-4.37779,-3.41419,-8.62841,-3.41037,-9.78401,-8.68164,8.08848,9.91168,-1.1341,-7.52625,-3.41497,-9.76713,1.77164,-9.63327,7.45513,-3.91334,-1.02216,8.13204,-6.80015,-1.79719,0.887694,-9.34177,-9.36407,4.0984,-8.30566,8.21374,-2.85924,-1.56974,0.148639,7.21192,-3.93049,1.32373,-1.52645,-6.93168,-3.32837,3.87708,-1.34521,-8.11273,5.13848,-1.83621,-8.62509,-0.6245,0.270373,6.39843,-1.93852,-9.61017,0.749854,7.20295,-8.29346,-5.89212,-6.12418,-3.55265,1.99489,4.53313,-2.75665,3.56987,8.21785,5.75559,9.81563,-0.800194,-0.886207,5.12942,-6.30698,-6.35495,6.58393,5.4014,2.05677,1.74533,-7.76736,-5.21576,9.01128,-5.15625,-8.74663,7.31396,-4.60096,-6.43832,-1.47061,2.64321,2.23758,6.481,-0.284344,-3.00146,-8.35939,-0.785664,-1.69201,-6.93048
